years
 1997 1998 1999 2000 2001 2002 2003 2004 2005 2006 2007 2008 2009 2010 2011 2012 2013 2014 2015 2016 2017 2018 2019 2020 2021 2022 2023
reclasobs
 0 0 0 370054 412103 1.49427e+06 250295 1.28982e+06 931140 785840 897777 1.04006e+06 184774 17550 25797 100020 73551 82996 120727 218422 84188 347160 605670 569463 516374 1.08416e+06 1.01767e+06
reclaspred
 499253 128974 324348 214108 343532 435660 952862 664484 754890 790361 679923 467098 279682 112710 67909.3 67961.5 80065.2 108108 120750 162285 246315 236166 399460 527708 724148 710055 649990
pelacesobs
 0 0 0 0 0 0 0 0 0 2.06254e+06 1.5e+06 0 1.87456e+06 323000 250000 174000 83755 137374 0 501740 490994 745055 786931 1.00524e+06 1.33801e+06 1.41789e+06 0
pelacespred
 2.06522e+06 407954 652253 663847 964998 866124 2.55024e+06 1.99042e+06 2.14612e+06 2.22744e+06 1.58392e+06 1.12333e+06 708166 229125 150831 151655 184055 259604 277402 380693 672956 585092 809825 1.24689e+06 1.62043e+06 1.68289e+06 1.54981e+06
mphobs
 0 0 0 0 0 112323 0 153150 637223 0 255016 313432 73983 77613 109348 50772 17779 17303 59886 28197 0 207744 136588 643089 65757 70829 0
mphpred
 152603 83761.4 92430.2 85939.3 98182.1 166382 235900 301893 263370 287202 301772 207075 126703 66825.1 29192.2 24491.6 27050.5 34484 43854.5 50388.1 75924.9 93727.5 115550 163070 248926 271860 232067
desembarqueobs
 350755 77701 442110 56441 14545 235359 269955 359681 431902 328805 639364 411747 362871 311530 167758 66681 60226 58785 57116 73181 50977 67692 138656 160484 209506 203330 142539
desembarquepred
 350760 77699.2 442090 56444.9 14545.4 235456 270032 359674 431948 328808 639300 411788 362935 311639 167580 66674.3 60252.5 58778.5 57099.9 73177.1 50979.6 67681.5 138660 160497 209495 203309 142533
Reclutas
 35757.8 43221.7 21061 30328.2 54950.9 39493.2 75698.4 73163.8 97174 113943 63714.5 44419.2 48098.3 25665.4 14772.9 12993.1 9375.81 11389.5 12319 19218.9 25353.3 31596 50831.5 72807.6 39144.5 43812.2 53737.3
log_desv_Rt
 0.0133622 0.202937 -0.515982 -0.151328 0.443035 0.112724 0.763352 0.729295 1.0131 1.17229 0.591006 0.230267 0.309843 -0.318262 -0.870614 -0.998985 -1.32527 -1.13072 -1.05226 -0.607509 -0.330496 -0.110375 0.365112 0.724416 0.103855 0.216508 0.420702
SSB
 426850 234292 258540 240384 274629 465392 659844 844435 736681 803343 844098 579218 354407 186919 81654.6 68506.4 75664.1 96456.4 122667 140943 212372 262169 323210 456129 696281 760429 649124
BT
 1.5051e+06 361628 618654 436727 562889 665581 1.6686e+06 1.53674e+06 1.63521e+06 1.58824e+06 1.46487e+06 1.0077e+06 757245 417601 223741 141578 154393 196303 204480 277220 426539 389198 554299 841445 1.06438e+06 1.10858e+06 985018
Ftot
 1.09297 0.994803 1.72915 0.381514 0.0670592 0.638142 0.406111 0.777459 0.86962 0.628695 1.15715 1.04158 1.74621 3.46194 3.87373 1.54946 1.14263 0.803562 0.63383 0.657711 0.303381 0.366714 0.44786 0.439898 0.350857 0.320733 0.260568
BD_Bspro_t
 0.903784 0.626868 0.544477 0.355929 0.512861 0.694458 0.638494 0.663721 0.597344 0.572708 0.552949 0.389869 0.283612 0.191891 0.105128 0.108087 0.158971 0.255466 0.358427 0.450201 0.580768 0.691603 0.699205 0.707206 0.734617 0.693556 0.667942
BD_Bspro
 0.585733 0.3215 0.354774 0.32986 0.376851 0.63862 0.905452 1.15875 1.01089 1.10236 1.15829 0.794815 0.486324 0.256494 0.112048 0.0940058 0.103828 0.132359 0.168326 0.193404 0.291422 0.359753 0.443516 0.62591 0.955451 1.04348 0.890742
BD_Bo
 0.505828 0.277642 0.306376 0.284861 0.325442 0.551501 0.781931 1.00068 0.872985 0.951981 1.00028 0.686388 0.41998 0.221503 0.0967626 0.0811817 0.0896638 0.114303 0.145364 0.16702 0.251666 0.310676 0.383012 0.540524 0.82511 0.901126 0.769228
BD_Brms
 0.919687 0.504803 0.557047 0.517929 0.591712 1.00273 1.42169 1.81941 1.58725 1.73087 1.81868 1.24798 0.7636 0.402733 0.175932 0.147603 0.163025 0.207824 0.264297 0.303673 0.457575 0.564866 0.696385 0.982771 1.5002 1.63841 1.3986
S_f
 0.0903195 0.653554 0.972858 0.998534 0.999923
 0.0903195 0.653554 0.972858 0.998534 0.999923
 0.0903195 0.653554 0.972858 0.998534 0.999923
 0.0903195 0.653554 0.972858 0.998534 0.999923
 0.0903195 0.653554 0.972858 0.998534 0.999923
 0.0903195 0.653554 0.972858 0.998534 0.999923
 0.0903195 0.653554 0.972858 0.998534 0.999923
 0.0903195 0.653554 0.972858 0.998534 0.999923
 0.0903195 0.653554 0.972858 0.998534 0.999923
 0.0903195 0.653554 0.972858 0.998534 0.999923
 0.0903195 0.653554 0.972858 0.998534 0.999923
 0.0903195 0.653554 0.972858 0.998534 0.999923
 0.0903195 0.653554 0.972858 0.998534 0.999923
 0.0903195 0.653554 0.972858 0.998534 0.999923
 0.0903195 0.653554 0.972858 0.998534 0.999923
 0.0903195 0.653554 0.972858 0.998534 0.999923
 0.0903195 0.653554 0.972858 0.998534 0.999923
 0.0903195 0.653554 0.972858 0.998534 0.999923
 0.0903195 0.653554 0.972858 0.998534 0.999923
 0.0903195 0.653554 0.972858 0.998534 0.999923
 0.0903195 0.653554 0.972858 0.998534 0.999923
 0.0903195 0.653554 0.972858 0.998534 0.999923
 0.0903195 0.653554 0.972858 0.998534 0.999923
 0.0903195 0.653554 0.972858 0.998534 0.999923
 0.0903195 0.653554 0.972858 0.998534 0.999923
 0.0903195 0.653554 0.972858 0.998534 0.999923
 0.0903195 0.653554 0.972858 0.998534 0.999923
Scru_reclas
 0.550425 0.860366 0.968759 0.993633 0.998728
 0.550425 0.860366 0.968759 0.993633 0.998728
 0.550425 0.860366 0.968759 0.993633 0.998728
 0.550425 0.860366 0.968759 0.993633 0.998728
 0.550425 0.860366 0.968759 0.993633 0.998728
 0.550425 0.860366 0.968759 0.993633 0.998728
 0.550425 0.860366 0.968759 0.993633 0.998728
 0.550425 0.860366 0.968759 0.993633 0.998728
 0.550425 0.860366 0.968759 0.993633 0.998728
 0.550425 0.860366 0.968759 0.993633 0.998728
 0.550425 0.860366 0.968759 0.993633 0.998728
 0.550425 0.860366 0.968759 0.993633 0.998728
 0.550425 0.860366 0.968759 0.993633 0.998728
 0.550425 0.860366 0.968759 0.993633 0.998728
 0.550425 0.860366 0.968759 0.993633 0.998728
 0.550425 0.860366 0.968759 0.993633 0.998728
 0.550425 0.860366 0.968759 0.993633 0.998728
 0.550425 0.860366 0.968759 0.993633 0.998728
 0.550425 0.860366 0.968759 0.993633 0.998728
 0.550425 0.860366 0.968759 0.993633 0.998728
 0.550425 0.860366 0.968759 0.993633 0.998728
 0.550425 0.860366 0.968759 0.993633 0.998728
 0.550425 0.860366 0.968759 0.993633 0.998728
 0.550425 0.860366 0.968759 0.993633 0.998728
 0.550425 0.860366 0.968759 0.993633 0.998728
 0.550425 0.860366 0.968759 0.993633 0.998728
 0.550425 0.860366 0.968759 0.993633 0.998728
Scru_pelaces
 0.882898 1 1 1 1
 0.882898 1 1 1 1
 0.882898 1 1 1 1
 0.882898 1 1 1 1
 0.882898 1 1 1 1
 0.882898 1 1 1 1
 0.882898 1 1 1 1
 0.882898 1 1 1 1
 0.882898 1 1 1 1
 0.882898 1 1 1 1
 0.882898 1 1 1 1
 0.882898 1 1 1 1
 0.882898 1 1 1 1
 0.882898 1 1 1 1
 0.882898 1 1 1 1
 0.882898 1 1 1 1
 0.882898 1 1 1 1
 0.882898 1 1 1 1
 0.882898 1 1 1 1
 0.882898 1 1 1 1
 0.882898 1 1 1 1
 0.882898 1 1 1 1
 0.882898 1 1 1 1
 0.882898 1 1 1 1
 0.882898 1 1 1 1
 0.882898 1 1 1 1
 0.882898 1 1 1 1
pf_obs 
 0.256992 0.487395 0.22802 0.0275931 0
 0.321318 0.546541 0.124235 0.00734118 0.000564706
 0.182869 0.594174 0.210203 0.0122559 0.00049798
 0.330522 0.361315 0.267642 0.0388342 0.00168674
 0.649043 0.306663 0.0425973 0.00169635 0
 0.582887 0.30429 0.105238 0.00758474 0
 0.465427 0.430635 0.0974691 0.00646863 0
 0.296916 0.608066 0.0921331 0.00288517 0
 0.311714 0.524322 0.152257 0.0117073 0
 0.15457 0.633149 0.183074 0.0267441 0.00246327
 0.131901 0.49318 0.331252 0.0422183 0.00144891
 0.196976 0.569456 0.194076 0.0375587 0.00193317
 0.518974 0.381816 0.0799577 0.0180837 0.00116848
 0.0928022 0.601141 0.25162 0.0475244 0.00691264
 0.122501 0.610282 0.24278 0.0234846 0.000952079
 0.383417 0.481906 0.127806 0.00687128 0
 0.0376549 0.599619 0.316969 0.0457579 0
 0.0361596 0.667082 0.258105 0.0386534 0
 0.158088 0.579412 0.248529 0.0139706 0
 0.0477256 0.309471 0.559284 0.082774 0.000745712
 0.0406174 0.521527 0.379366 0.0568643 0.0016247
 0.151134 0.462217 0.34131 0.0453401 0
 0.294876 0.26143 0.354403 0.0886775 0.000613685
 0.281977 0.475581 0.204845 0.0348837 0.00271318
 0.0841818 0.532909 0.334909 0.0458182 0.00218182
 0.115287 0.27431 0.454777 0.147771 0.00785563
 0.0989387 0.350907 0.424855 0.114687 0.0106128
pf_pred 
 0.293861 0.481135 0.200946 0.0240446 1.42313e-05
 0.270661 0.578517 0.120128 0.0275358 0.00315757
 0.143127 0.658791 0.173104 0.0200625 0.00491601
 0.2468 0.480236 0.238989 0.0298956 0.00407968
 0.264133 0.497741 0.174654 0.0557814 0.00769054
 0.138088 0.589435 0.206171 0.0489697 0.0173369
 0.250586 0.401926 0.271786 0.0577681 0.0179335
 0.192529 0.574354 0.150913 0.0647342 0.0174693
 0.24137 0.496461 0.212192 0.0327833 0.0171934
 0.228808 0.557978 0.163648 0.0404164 0.00914867
 0.129942 0.60475 0.215815 0.0382968 0.011196
 0.138206 0.504109 0.289544 0.0558872 0.0122538
 0.231819 0.47657 0.209969 0.066622 0.0150207
 0.218061 0.638472 0.111993 0.0230197 0.00845495
 0.286967 0.629066 0.0788264 0.00409512 0.00104565
 0.310074 0.631541 0.0563995 0.00187586 0.000110137
 0.196792 0.655095 0.141657 0.0062472 0.000208813
 0.234894 0.518626 0.219546 0.0258089 0.00112553
 0.210597 0.559427 0.180042 0.0446584 0.00527511
 0.262538 0.488318 0.199702 0.0389991 0.010443
 0.232147 0.553374 0.164103 0.0406603 0.00971526
 0.203004 0.52099 0.220807 0.0425267 0.0126724
 0.24467 0.474489 0.209962 0.0570492 0.0138287
 0.241895 0.52403 0.170789 0.0476939 0.0155921
 0.103253 0.608987 0.224781 0.0463456 0.0166328
 0.128746 0.370347 0.384651 0.0914147 0.0248413
 0.160125 0.427573 0.220431 0.148356 0.043515
pobs_RECLAS
 0 0 0 0 0
 0 0 0 0 0
 0 0 0 0 0
 0 0 0 0 0
 0.835266 0.146461 0.0176864 0.000547809 3.91292e-05
 0.385257 0.428462 0.181853 0.0044286 0
 0.867414 0.0963971 0.0333333 0.00285562 0
 0.441836 0.489002 0.0689373 0.000224442 0
 0.779404 0.147425 0.0564933 0.0165055 0.000172143
 0.814271 0.122319 0.05973 0.00367925 0
 0.40263 0.566651 0.0304383 0.000280538 0
 0.475488 0.404961 0.113038 0.00651328 0
 0.955842 0.0263864 0.0167828 0.000988607 0
 0.975058 0.0227948 0.00214734 0 0
 0.738997 0.206755 0.0527124 0.00153531 0
 0.850938 0.134255 0.0134407 0.00136685 0
 0.542534 0.407297 0.0501686 0 0
 0.764087 0.199537 0.0359546 0.000420521 0
 0.470689 0.182191 0.310203 0.0369168 0
 0.84361 0.089868 0.0606195 0.00523954 0.000663233
 0.607945 0.314616 0.071237 0.00620181 0
 0.523733 0.453247 0.0230204 0 0
 0.530135 0.295979 0.169645 0.0042399 0
 0.562478 0.366248 0.0663022 0.0049721 0
 0.250443 0.683176 0.0655157 0.000865301 0
 0.195077 0.31981 0.436473 0.0351445 0.0134964
 0.565238 0.351407 0.0832357 0.000118908 0
ppred_RECLAS
 0.690738 0.231098 0.0698409 0.00831818 4.94059e-06
 0.656594 0.288671 0.0436296 0.00995966 0.00114614
 0.480661 0.430066 0.0780959 0.00897155 0.00220556
 0.62879 0.260393 0.0970373 0.0121197 0.00166
 0.64395 0.261539 0.0693262 0.0221237 0.00306154
 0.453688 0.406921 0.10551 0.0249991 0.00888272
 0.640414 0.218361 0.110476 0.0234434 0.00730455
 0.55319 0.344054 0.0665753 0.0284703 0.00771073
 0.628362 0.267966 0.0839455 0.0129243 0.00680248
 0.603175 0.309231 0.067259 0.0165708 0.00376462
 0.445261 0.421557 0.108422 0.0191435 0.00561612
 0.468851 0.350672 0.146199 0.0280961 0.00618209
 0.638112 0.254619 0.0774175 0.0243448 0.00550681
 0.653997 0.3065 0.0310002 0.00621461 0.00228806
 0.73772 0.244446 0.016772 0.000845983 0.000216479
 0.700232 0.281526 0.0176258 0.000581836 3.42758e-05
 0.559151 0.379041 0.059126 0.00259467 8.70306e-05
 0.617207 0.283671 0.0883192 0.0103495 0.000452968
 0.578573 0.323016 0.0770779 0.019072 0.00226101
 0.650242 0.253862 0.076893 0.0149781 0.00402535
 0.60344 0.307188 0.0683907 0.0169227 0.00405842
 0.567069 0.309932 0.098413 0.0189253 0.00566028
 0.627615 0.258232 0.085366 0.0231539 0.00563312
 0.61987 0.285014 0.0694154 0.0193509 0.00634945
 0.37008 0.465172 0.128706 0.0264977 0.00954475
 0.447079 0.274441 0.213877 0.0507589 0.0138443
 0.5037 0.287753 0.111516 0.074962 0.0220688
pobs_PELACES
 0 0 0 0 0
 0 0 0 0 0
 0 0 0 0 0
 0 0 0 0 0
 0 0 0 0 0
 0 0 0 0 0
 0 0 0 0 0
 0 0 0 0 0
 0 0 0 0 0
 0 0 0 0 0
 0.450072 0.473896 0.0757376 0.000293798 0
 0 0 0 0 0
 0.463077 0.371075 0.160297 0.00555027 0
 0.529543 0.364841 0.0842815 0.0213345 0
 0.631943 0.363953 0.00410389 0 0
 0.735681 0.248677 0.0153453 0.000297389 0
 0.695825 0.281241 0.0229344 0 0
 0.275771 0.60734 0.115278 0.00161068 0
 0 0 0 0 0
 0.896147 0.0623911 0.0374545 0.00400742 0
 0.803859 0.145111 0.0509908 3.86294e-05 0
 0.739449 0.233085 0.0266225 0.000797448 4.60066e-05
 0.878498 0.100942 0.0204185 0.000141795 0
 0.694673 0.275183 0.0284847 0.00165964 0
 0.469039 0.446079 0.0841089 0.000773354 0
 0.822795 0.102175 0.0682046 0.00682512 0
 0 0 0 0 0
ppred_PELACES
 0.799592 0.158208 0.0378438 0.00435392 2.57153e-06
 0.766476 0.202959 0.0245318 0.00541404 0.000619575
 0.648506 0.304885 0.0409796 0.00452308 0.0011054
 0.724292 0.202463 0.0643671 0.0078127 0.00106444
 0.723259 0.210217 0.0491393 0.0152803 0.00210368
 0.574664 0.331711 0.071418 0.0164089 0.005799
 0.738347 0.16916 0.0728241 0.0150148 0.00465363
 0.673738 0.262779 0.0416071 0.0172336 0.00464197
 0.743617 0.195491 0.0496268 0.00739463 0.00387063
 0.710342 0.23478 0.0424451 0.0101414 0.00229154
 0.591794 0.327424 0.0662044 0.0112855 0.00329219
 0.614147 0.274262 0.0909941 0.0168994 0.0036977
 0.785347 0.164136 0.0368731 0.0111389 0.00250476
 0.838602 0.149645 0.0093334 0.00177149 0.000647864
 0.891355 0.104173 0.00422041 0.000200848 5.10423e-05
 0.81361 0.177715 0.00839295 0.000266597 1.56139e-05
 0.690542 0.274294 0.033689 0.0014275 4.76121e-05
 0.730817 0.20962 0.053256 0.00604318 0.000263046
 0.689659 0.247994 0.0491597 0.011796 0.00139089
 0.75289 0.188481 0.0473071 0.00893438 0.00238814
 0.696713 0.242906 0.0465175 0.0111934 0.00267034
 0.669052 0.24751 0.0671529 0.0125515 0.00373419
 0.726589 0.199324 0.0558221 0.0147058 0.00355878
 0.717779 0.22037 0.045507 0.0123224 0.0040218
 0.473867 0.40435 0.0957534 0.019163 0.00686638
 0.561253 0.2352 0.157378 0.0363162 0.00985314
 0.610463 0.240757 0.0806197 0.0527199 0.0154397
pobs_pel_tallas
 0 0 0 0 0 0 0 0 0 0 0 0 0 0 0 0 0 0 0 0 0 0 0 0 0 0 0 0 0 0 0 0 0 0 0 0
 0 0 0 0 0 0 0 0 0 0 0 0 0 0 0 0 0 0 0 0 0 0 0 0 0 0 0 0 0 0 0 0 0 0 0 0
 0 0 0 0 0 0 0 0 0 0 0 0 0 0 0 0 0 0 0 0 0 0 0 0 0 0 0 0 0 0 0 0 0 0 0 0
 0 0 0 0 0 0 0 0 0 0 0 0 0 0 0 0 0 0 0 0 0 0 0 0 0 0 0 0 0 0 0 0 0 0 0 0
 0 0 0 0 0 0 0 0 0 0 0 0 0 0 0 0 0 0 0 0 0 0 0 0 0 0 0 0 0 0 0 0 0 0 0 0
 0 0 0 0 0 0 0 0 0 0 0 0 0 0 0 0 0 0 0 0 0 0 0 0 0 0 0 0 0 0 0 0 0 0 0 0
 0 0 0 0 0 0 0 0 0 0 0 0 0 0 0 0 0 0 0 0 0 0 0 0 0 0 0 0 0 0 0 0 0 0 0 0
 0 0 0 0 0 0 0 0 0 0 0 0 0 0 0 0 0 0 0 0 0 0 0 0 0 0 0 0 0 0 0 0 0 0 0 0
 0 0 0 0 0 0 0 0 0 0 0 0 0 0 0 0 0 0 0 0 0 0 0 0 0 0 0 0 0 0 0 0 0 0 0 0
 0 0 0 0 0 0 0 0 0 0 0 0 0 0 0 0 0 0 0 0 0 0 0 0 0 0 0 0 0 0 0 0 0 0 0 0
 0 0 0 0 0 0 0 0 1.78061e-05 0.00172719 0.00360574 0.0105946 0.0120993 0.0124554 0.0147524 0.0171206 0.0266825 0.0428682 0.0675386 0.121331 0.153587 0.119568 0.100827 0.0573624 0.0630603 0.0341343 0.0324427 0.0444173 0.0211091 0.0280891 0.0125444 0.00206551 0 0 0 0
 0 0 0 0 0 0 0 0 0 0 0 0 0 0 0 0 0 0 0 0 0 0 0 0 0 0 0 0 0 0 0 0 0 0 0 0
 0 0 0 0 0 0 0.0133647 0.0140871 0.0187388 0.0205184 0.03894 0.0496705 0.03968 0.0493445 0.0407372 0.0367815 0.0215668 0.0243155 0.0234873 0.0199281 0.019796 0.0243948 0.0301388 0.0376714 0.0412746 0.0863199 0.0771752 0.113111 0.0741005 0.0525337 0.0229764 0.00759418 0.00175318 0 0 0
 0 0 0 0 0 0 0 0 0 0 0.00219441 0.00772107 0.0458388 0.0604681 0.0671733 0.0775358 0.0609151 0.0617685 0.073594 0.0568108 0.0755445 0.0548602 0.0670107 0.0636378 0.0643287 0.046367 0.0373049 0.0286899 0.0247887 0.0153202 0.00654259 0.00121912 0.000365735 0 0 0
 0 0 0 0 0 0 0 0 0 0 0 0 0.000112435 0.00938835 0.0111873 0.0202946 0.0414886 0.0713402 0.111592 0.104902 0.108894 0.110636 0.117776 0.105296 0.107544 0.0401394 0.0192827 0.0124803 0.00416011 0.0028671 0.000618394 0 0 0 0 0
 0 0 0 0 0 0 0 0 0 0 0.00291406 0.0102884 0.027416 0.0768956 0.0749926 0.110853 0.0956884 0.0897413 0.0766577 0.0534642 0.0500743 0.0551293 0.0594112 0.0620874 0.0668451 0.0424026 0.0208742 0.0120726 0.0048766 0.00582813 0.00118941 0.000297354 0 0 0 0
 0 0.00264628 0.0354308 0.0461629 0.0458689 0.0383711 0.0214643 0.0164657 0.0346957 0.0420465 0.0363128 0.0245516 0.0311673 0.0291091 0.0169068 0.0133784 0.00837989 0.0085269 0.0148486 0.0160247 0.0276389 0.0546898 0.0760071 0.122758 0.109233 0.0665981 0.0333725 0.0166128 0.00676272 0.00308733 0.000882094 0 0 0 0 0
 0 0 0 0 0 0 0 0.000805153 0.000690131 0.00759144 0.0133425 0.0154129 0.00931677 0.000345066 0.00356568 0.00563607 0.00851162 0.0253048 0.0502646 0.0516448 0.0657925 0.0565908 0.0611916 0.0827007 0.0866115 0.110766 0.145733 0.0935128 0.0569358 0.0249597 0.0138026 0.00621118 0.00161031 0.00115022 0 0
 0 0 0 0 0 0 0 0 0 0 0 0 0 0 0 0 0 0 0 0 0 0 0 0 0 0 0 0 0 0 0 0 0 0 0 0
 0.00147267 0.00158595 0.00478618 0.00569244 0.00954404 0.0108468 0.00647125 0.017049 0.0510054 0.094081 0.124002 0.0959785 0.0687766 0.0820023 0.061753 0.0591476 0.0492212 0.0479892 0.0443925 0.0268479 0.0217502 0.0140895 0.0121071 0.0120363 0.00920419 0.00665534 0.0049561 0.00860946 0.00930331 0.0156896 0.0114698 0.00855282 0.00243557 0.00046729 0 2.83206e-05
 0 0 0 0 0.000772559 0.00158375 0.000888443 0.00281984 0.00712685 0.0440552 0.0773331 0.111326 0.0921469 0.0852325 0.0710754 0.0886704 0.0786465 0.0553345 0.0373146 0.0185414 0.00753245 0.00457741 0.012979 0.0271748 0.0457355 0.0583668 0.034881 0.0177882 0.00938659 0.00492506 0.0015258 0.00185414 0.000309023 5.79419e-05 3.86279e-05 0
 0 0.00173294 0.00326652 0 0.00397197 0.00683976 0.00946217 0.0152591 0.00757587 0.0136028 0.0228656 0.0392903 0.0559909 0.0764795 0.0681675 0.0726916 0.0566044 0.0477403 0.0527397 0.0444891 0.0609904 0.0582453 0.0661739 0.0445044 0.0529084 0.0360697 0.0280645 0.0235558 0.0158879 0.00826598 0.00280645 0.00217768 0.000904811 0.00058276 9.20147e-05 0
 0 0 0 0 0 0 0 0 0 0 0 0 0 0 0 0 0 0 0 0 0 0 0 0 0 0 0 0 0 0 0 0 0 0 0 0
 0 0 0 0 0 0 0 0 0 0 0 0 0 0 0 0 0 0 0 0 0 0 0 0 0 0 0 0 0 0 0 0 0 0 0 0
 0 0 0 0 0 0 0 0 0 0 0 0 0 0 0 0 0 0 0 0 0 0 0 0 0 0 0 0 0 0 0 0 0 0 0 0
 0 0 0 0 0 0 0 0 0 0 0 0 0 0 0 0 0 0 0 0 0 0 0 0 0 0 0 0 0 0 0 0 0 0 0 0
 0 0 0 0 0 0 0 0 0 0 0 0 0 0 0 0 0 0 0 0 0 0 0 0 0 0 0 0 0 0 0 0 0 0 0 0
ppred_pel_tallas
 1.00739e-16 3.48851e-05 0.000204753 0.000973313 0.00374733 0.0116857 0.0295171 0.0603958 0.100112 0.134445 0.146296 0.129027 0.0923264 0.0538104 0.0259802 0.0112135 0.0056889 0.00491076 0.00612267 0.00811283 0.010386 0.0126464 0.0146262 0.0160796 0.0168259 0.0167893 0.0160139 0.014647 0.0128986 0.0109903 0.00911144 0.0073927 0.00590159 0.00465351 0.00363097 0.00280203
 1.0063e-16 3.34429e-05 0.000196282 0.000933031 0.00359222 0.011202 0.0282954 0.0578963 0.0959702 0.128887 0.14026 0.123732 0.0885987 0.0517613 0.0252214 0.0112793 0.00629182 0.0059618 0.00764381 0.0101507 0.0129567 0.015706 0.0180591 0.0197055 0.0204225 0.0201275 0.018896 0.0169383 0.0145441 0.0120141 0.00960019 0.00747078 0.00570409 0.00430428 0.00322869 0.00241491
 1.00889e-16 2.8303e-05 0.000166097 0.000789508 0.00303958 0.00947859 0.0239423 0.0489904 0.0812116 0.109079 0.118736 0.104821 0.0752236 0.0442831 0.0222045 0.0109938 0.00762717 0.00850967 0.0114056 0.0152556 0.0194934 0.0236367 0.0271851 0.0296719 0.0307619 0.0303287 0.028484 0.0255418 0.0219365 0.0181196 0.0144707 0.0112446 0.00856189 0.00643174 0.00479286 0.0035535
 1.01298e-16 3.16035e-05 0.000185483 0.000881692 0.00339455 0.0105856 0.0267384 0.0547105 0.0906899 0.121797 0.132548 0.116938 0.0837536 0.0489709 0.0239382 0.010838 0.00623836 0.00608976 0.00790191 0.0105588 0.0135636 0.0165722 0.0192488 0.0212776 0.0224216 0.0225734 0.0217757 0.0202013 0.0181027 0.0157502 0.0133769 0.0111473 0.00915129 0.00741819 0.00593921 0.00468904
 1.0139e-16 3.15587e-05 0.000185219 0.000880439 0.00338972 0.0105705 0.0267003 0.0546327 0.0905611 0.121625 0.132363 0.116778 0.083647 0.048925 0.023946 0.0108919 0.00633748 0.00623943 0.00810878 0.0108254 0.013884 0.0169294 0.0196143 0.0216146 0.022691 0.0227414 0.0218213 0.0201212 0.0179129 0.0154826 0.013073 0.0108499 0.00889741 0.00723299 0.00583403 0.00466202
 1.01957e-16 2.50843e-05 0.000147197 0.000699651 0.0026936 0.00839966 0.0212171 0.0434146 0.0719705 0.0966728 0.105247 0.0929505 0.0667873 0.0394825 0.0201055 0.0104651 0.00791383 0.00929193 0.0126277 0.0169667 0.0217602 0.0265049 0.0306627 0.0337244 0.0353149 0.0352783 0.0337093 0.0309173 0.0273406 0.0234393 0.019603 0.0160968 0.0130528 0.0104951 0.00838087 0.00664084
 1.01823e-16 3.22151e-05 0.000189076 0.000898782 0.00346036 0.0107908 0.0272567 0.0557709 0.0924465 0.124153 0.135104 0.119173 0.0853102 0.0497931 0.0241765 0.0106707 0.00576333 0.00531852 0.0068015 0.00909502 0.0117318 0.0144161 0.0168676 0.0188208 0.0200705 0.0205137 0.0201668 0.0191508 0.017652 0.0158734 0.0139923 0.0121371 0.0103833 0.00876471 0.00729128 0.00596366
 1.01486e-16 2.94015e-05 0.00017255 0.000820195 0.00315775 0.0098471 0.0248731 0.0508946 0.0843666 0.113312 0.123331 0.108847 0.0780483 0.0458153 0.0227312 0.0108575 0.00703131 0.0075045 0.00995744 0.0133167 0.0170481 0.0207289 0.0239288 0.0262466 0.0273908 0.0272461 0.0258979 0.0236021 0.0207158 0.0176104 0.0145969 0.0118834 0.00956749 0.00765807 0.00610962 0.00485576
 1.01204e-16 3.24458e-05 0.000190429 0.000905207 0.00348509 0.0108679 0.0274515 0.0561697 0.0931082 0.125044 0.136078 0.120044 0.0859605 0.0502257 0.0244846 0.0109714 0.00615482 0.00587115 0.00756038 0.0100786 0.0129243 0.0157591 0.0182581 0.0201186 0.0211167 0.0211564 0.0202881 0.0186887 0.0166112 0.0143233 0.0120528 0.00995698 0.00811685 0.00655146 0.00524154 0.00415194
 1.01135e-16 3.09965e-05 0.000181916 0.000864729 0.00332922 0.0103819 0.0262238 0.053658 0.0889461 0.119459 0.130011 0.114719 0.0822055 0.0481492 0.0236913 0.0109864 0.00668085 0.00680983 0.00892635 0.0119153 0.0152511 0.0185438 0.0214058 0.0234766 0.0244937 0.024352 0.0231259 0.0210431 0.0184232 0.0155997 0.0128544 0.0103775 0.00826169 0.00651959 0.00511418 0.00398802
 1.01589e-16 2.58311e-05 0.000151582 0.000720498 0.00277387 0.00864997 0.0218493 0.0447082 0.0741146 0.0995513 0.108378 0.0957061 0.0687481 0.0406032 0.0206048 0.0106083 0.0078799 0.00915918 0.0124131 0.0166616 0.0213498 0.0259761 0.0300073 0.0329403 0.0344065 0.0342557 0.032587 0.0297136 0.0260768 0.0221394 0.0182936 0.0148063 0.0118102 0.0093278 0.00731272 0.00568982
 1.02135e-16 2.68036e-05 0.000157297 0.000747677 0.00287853 0.00897636 0.0226737 0.0463946 0.0769083 0.103298 0.112442 0.0992602 0.0712248 0.0419129 0.0209878 0.0103493 0.00713647 0.00795254 0.0106945 0.0143813 0.0185053 0.0226414 0.0263434 0.029185 0.0308439 0.0311711 0.0302186 0.0282123 0.0254853 0.0223943 0.0192467 0.0162592 0.0135509 0.0111622 0.00908514 0.00729244
 1.01077e-16 3.42642e-05 0.000201107 0.00095598 0.00368059 0.0114776 0.0289914 0.0593202 0.0983293 0.132052 0.143694 0.126738 0.0906996 0.0528853 0.0255769 0.0111138 0.00574719 0.00506495 0.00636099 0.00844284 0.0108177 0.013185 0.0152692 0.0168172 0.0176424 0.0176663 0.0169334 0.0155939 0.0138614 0.0119604 0.0100808 0.00835216 0.00683927 0.00555468 0.00447922 0.00358126
 1.00273e-16 3.65857e-05 0.000214738 0.00102079 0.00393011 0.0122557 0.0309569 0.0633416 0.104994 0.141 0.153424 0.135302 0.0967918 0.0563624 0.0271169 0.0115387 0.00560845 0.00460082 0.00561794 0.00738839 0.00940088 0.0113625 0.0130172 0.0141362 0.0145588 0.0142297 0.0132123 0.0116706 0.00982741 0.00791193 0.00611511 0.00456271 0.00331033 0.00235567 0.00165949 0.00116693
 1.00104e-16 3.88841e-05 0.000228236 0.00108497 0.00417724 0.0130264 0.0329035 0.067324 0.111594 0.149858 0.163049 0.143759 0.102773 0.0597073 0.0284676 0.011669 0.00501576 0.00346846 0.00394621 0.00512045 0.00649802 0.00784214 0.00896831 0.00971661 0.00997589 0.00970924 0.00896313 0.0078545 0.00654131 0.00518592 0.00392325 0.00284193 0.00198061 0.00133652 0.00088029 0.000571121
 1.00188e-16 3.54971e-05 0.000208344 0.000990383 0.00381304 0.0118906 0.0300348 0.0614551 0.101868 0.136805 0.148867 0.131302 0.0939694 0.0547989 0.0265143 0.0115389 0.00598645 0.00528115 0.00661051 0.00872584 0.0110997 0.0134022 0.0153323 0.0166188 0.0170721 0.0166283 0.0153659 0.0134834 0.0112494 0.00893999 0.00678512 0.00493602 0.00345909 0.0023504 0.00156087 0.00102189
 1.00619e-16 3.01347e-05 0.000176853 0.000840651 0.0032365 0.0100927 0.0254935 0.052164 0.0864709 0.116138 0.126408 0.111564 0.0799996 0.0469667 0.0233128 0.011151 0.00723852 0.00773105 0.0102458 0.0136742 0.0174578 0.0211501 0.024298 0.0264817 0.0274004 0.0269432 0.025214 0.0225003 0.0191979 0.0157181 0.0124066 0.00949524 0.00709303 0.00520704 0.00377902 0.00272217
 1.01045e-16 3.18883e-05 0.000187154 0.000889637 0.00342514 0.010681 0.0269793 0.0552035 0.0915072 0.122895 0.133744 0.117995 0.0845152 0.0494252 0.0241765 0.0109725 0.00635045 0.00622339 0.00807549 0.0107749 0.0138122 0.0168302 0.0194808 0.0214386 0.0224634 0.0224527 0.0214621 0.019684 0.0173934 0.0148816 0.0123975 0.010114 0.00812121 0.00644136 0.00505393 0.00391958
 1.0125e-16 3.00952e-05 0.000176623 0.000839565 0.00323233 0.0100797 0.0254606 0.0520965 0.0863583 0.115985 0.126236 0.111399 0.0798527 0.0468234 0.0231365 0.0108934 0.00684779 0.00715741 0.00944824 0.0126308 0.0161778 0.0196844 0.0227426 0.0249709 0.0260903 0.0259871 0.0247362 0.0225743 0.0198348 0.0168671 0.0139669 0.0113352 0.00907136 0.00719187 0.00566154 0.00442387
 1.01152e-16 3.28499e-05 0.000192802 0.00091649 0.00352853 0.0110034 0.0277937 0.0568698 0.0942684 0.126601 0.137771 0.121531 0.0870136 0.0508167 0.0247274 0.0110031 0.00606452 0.00569255 0.00729487 0.00971689 0.012459 0.0151914 0.0176 0.0193931 0.0203548 0.0203926 0.0195552 0.0180131 0.0160103 0.0138047 0.0116159 0.00959535 0.00782103 0.00631128 0.00504754 0.00399604
 1.01249e-16 3.04025e-05 0.000178428 0.000848146 0.00326537 0.0101827 0.0257209 0.052629 0.0872408 0.117169 0.127523 0.112531 0.080654 0.0472735 0.0233221 0.010919 0.00678116 0.00702439 0.00924979 0.0123595 0.0158274 0.0192549 0.0222418 0.024415 0.025502 0.0253922 0.0241602 0.022039 0.019356 0.0164539 0.0136221 0.011057 0.00885463 0.00702955 0.00554573 0.00434648
 1.0164e-16 2.91966e-05 0.000171348 0.000814484 0.00313576 0.00977855 0.0246999 0.0505401 0.0837787 0.112521 0.122468 0.10808 0.0774851 0.045459 0.0225074 0.010674 0.00681557 0.00721054 0.0095606 0.0128111 0.016449 0.0200759 0.023286 0.0256964 0.0270219 0.0271377 0.0261034 0.0241376 0.0215556 0.0186913 0.0158301 0.0131696 0.0108132 0.00878779 0.00707338 0.00563059
 1.0153e-16 3.17035e-05 0.00018607 0.000884486 0.00340531 0.0106191 0.0268231 0.0548839 0.0909771 0.122183 0.132967 0.117305 0.0840109 0.0491108 0.0239865 0.0108259 0.00618391 0.0059965 0.00776503 0.0103713 0.0133204 0.0162732 0.0189003 0.0208931 0.0220213 0.0221823 0.021421 0.019909 0.0178951 0.0156428 0.0133771 0.0112538 0.00935429 0.00770059 0.0062788 0.00506108
 1.0133e-16 3.13202e-05 0.000183818 0.000873774 0.00336405 0.0104905 0.0264982 0.0542192 0.0898759 0.120706 0.131365 0.115904 0.0830348 0.0485947 0.0238359 0.0109285 0.00647754 0.00647288 0.0084433 0.0112709 0.014442 0.0175873 0.0203429 0.0223701 0.0234203 0.023391 0.0223459 0.0204914 0.0181193 0.0155353 0.0129977 0.0106818 0.00867378 0.00698821 0.00559536 0.00444808
 1.02471e-16 2.06921e-05 0.000121404 0.000577014 0.00222139 0.00692707 0.0174976 0.0358047 0.0593593 0.0797452 0.0868505 0.0767794 0.0553344 0.0330468 0.0174466 0.0100863 0.00884337 0.0111565 0.0154073 0.0207603 0.0266489 0.0324845 0.0376156 0.0414205 0.043439 0.0434757 0.0416395 0.0383005 0.0339861 0.0292522 0.0245707 0.0202655 0.016501 0.0133119 0.0106537 0.0084489
 1.04019e-16 2.44957e-05 0.00014375 0.000683284 0.00263061 0.00820326 0.0207209 0.0423987 0.0702841 0.0944006 0.102756 0.090707 0.0650822 0.0382887 0.0191579 0.0094286 0.00649278 0.00725899 0.00982651 0.0133289 0.0173393 0.0215086 0.0254609 0.0288221 0.0312855 0.032671 0.0329502 0.032231 0.030711 0.0286189 0.0261638 0.0235094 0.0207704 0.0180266 0.0153412 0.0127733
 1.03756e-16 2.66416e-05 0.000156348 0.000743176 0.00286121 0.00892238 0.0225373 0.0461152 0.0764443 0.102672 0.111753 0.0986356 0.0707398 0.0415536 0.0206715 0.00996987 0.00659411 0.00716258 0.00959044 0.0129233 0.0166948 0.0205353 0.0240612 0.0269044 0.0287818 0.0295547 0.029251 0.0280416 0.0261837 0.0239502 0.021571 0.0192021 0.0169243 0.0147634 0.0127191 0.0107883
pSPR Fmed_Fpbrs
0.526408   0.6 0.325
Fs Fmed_Fpbrs
0.64   0.465715 1.62821
SSBpbr Bo_Bmed_Bpbrs
843865  402024  464126 232063
Ro
35283.1
SPR SPRFo_SPRFmed_SPRFpbrs
728746 383617 236842
log_Ro
10.2912
likeval ReclasPelacesDesembMPH_pf_preclas_ppelaces_ptallas_desvR_qrecl_qpela
 64.9849 15.116 0.00960998 0.000569712 344.755 208.899 55.632 0 16.5772 6.61855e-07 7.20265e-05 3.16568e-14 0 0 0
q_reclas_q_pelaces
0.891114 3.34485
M
0.7
N
 35757.8 10412.2 3327.42 391.84 0.231722
 43221.7 16087.6 2531.12 570.575 65.3707
 21061 19618.9 4169.9 477.525 116.936
 30328.2 8946.37 3146.85 385.074 52.4873
 54950.9 14550.4 3462.21 1078.15 148.443
 39493.2 27123 6915.68 1610.7 569.648
 75698.4 18513.4 8875.75 1845.91 572.379
 73163.8 36236.9 7050.35 2969.03 800.443
 97174 33868.3 10826.2 1643.32 861.041
 113943 44610 9527.07 2307 521.667
 63714.5 53458.8 14688.6 2566.41 749.666
 44419.2 28499.8 12461.6 2366.31 518.386
 48098.3 20077.4 7164.73 2246.43 506.165
 25665.4 20399.9 3184.69 650.74 238.938
 14772.9 9322.8 1054.39 54.4965 13.9114
 12993.1 5170.24 368.164 12.0871 0.709176
 9375.81 5609.57 932.642 40.493 1.35236
 11389.5 4199.35 1320.09 152.384 6.63908
 12319 5259.89 1233.38 299.977 35.3967
 19218.9 5777.07 1726.11 330.593 88.4337
 25353.3 8993.41 1866.47 452.037 107.877
 31596 12249.8 3662.76 689.975 205.361
 50831.5 15178.9 4786.69 1273.1 308.248
 72807.6 24241.5 5624.93 1537.47 502.055
 39144.5 34746.9 9030.15 1820.75 652.667
 43812.2 18832.3 13719.1 3187.5 865.135
 53737.3 21135.3 7583.35 4986.62 1460.84
pred_Ctot
 2431.11 3980.44 1662.43 198.921 0.117735
 2684.96 5738.89 1191.67 273.155 31.323
 2209.84 10171.6 2672.68 309.76 75.9019
 740.236 1440.39 716.809 89.667 12.2364
 238.715 449.843 157.847 50.4136 6.95048
 1596.03 6812.72 2382.93 565.995 200.382
 1964.81 3151.45 2131.04 452.952 140.614
 3582.5 10687.3 2808.13 1204.55 325.06
 5302.93 10907.3 4661.89 720.253 377.74
 4538.25 11067.1 3245.85 801.631 181.457
 4574.68 21290.5 7597.87 1348.26 394.16
 2883.8 10518.7 6041.59 1166.14 255.686
 5093.18 10470.5 4613.13 1463.72 330.012
 5046.02 14774.5 2591.56 532.685 195.651
 3200.1 7015.01 879.031 45.6666 11.6605
 1230.2 2505.59 223.761 7.44235 0.436959
 665.112 2214.07 478.77 21.1141 0.705741
 575.822 1271.37 538.2 63.2683 2.75914
 494.565 1313.76 422.81 104.876 12.388
 799.888 1487.78 608.44 118.82 31.8173
 493.61 1176.63 348.93 86.4554 20.6574
 741.7 1903.5 806.744 155.376 46.3
 1452.6 2817.03 1246.54 338.7 82.1007
 2044.26 4428.6 1443.34 403.063 131.769
 879.717 5188.57 1915.14 394.864 141.711
 901.158 2592.25 2692.38 639.86 173.877
 900.114 2403.53 1239.12 833.961 244.612
F
 0.0987168 0.714317 1.06331 1.09137 1.09289
 0.0898501 0.650158 0.967802 0.993345 0.994727
 0.156176 1.13009 1.68221 1.72661 1.72901
 0.0344581 0.24934 0.371159 0.380955 0.381484
 0.00605675 0.0438268 0.065239 0.0669609 0.067054
 0.0576367 0.417061 0.620822 0.637207 0.638093
 0.0366797 0.265415 0.395088 0.405515 0.406079
 0.0702197 0.508111 0.756357 0.776319 0.777399
 0.0785437 0.568344 0.846017 0.868345 0.869553
 0.0567834 0.410886 0.61163 0.627773 0.628646
 0.104513 0.75626 1.12574 1.15545 1.15706
 0.0940749 0.680729 1.01331 1.04005 1.0415
 0.157717 1.14124 1.69881 1.74365 1.74608
 0.31268 2.26256 3.36797 3.45686 3.46167
 0.349873 2.53169 3.76858 3.86805 3.87343
 0.139946 1.01265 1.5074 1.54718 1.54934
 0.103202 0.746771 1.11162 1.14096 1.14254
 0.0725773 0.525171 0.781752 0.802384 0.8035
 0.0572472 0.414242 0.616627 0.632901 0.633781
 0.0594041 0.42985 0.639859 0.656746 0.65766
 0.0274012 0.198276 0.295146 0.302936 0.303357
 0.0331214 0.239668 0.356761 0.366177 0.366686
 0.0404505 0.292701 0.435704 0.447203 0.447825
 0.0397314 0.287497 0.427958 0.439253 0.439864
 0.0316892 0.229304 0.341334 0.350342 0.35083
 0.0289685 0.209617 0.312028 0.320263 0.320709
 0.0235344 0.170296 0.253496 0.260186 0.260548
Np
 24776.5 11796.8 9546.77 2794.28 1195.73
YTP_r0W_actual
 13085 87674 64028.2 54921.1 17874.7
YTP_p0W_proyectada
 6033.05 108121 74740.2 32188.1 32297.1
 6033.05 48935.9 80605.9 30775.3 14630.9
CTP_r0_actual
 1595.73 4058.98 2039.12 1369.6 401.68
CTP_p0_proyectada
 735.738 5005.61 2380.26 802.696 725.777
 735.738 2265.55 2567.07 767.465 328.785
Wmedp
 8.2 21.6 31.4 40.1 44.5
nmprior
 10.8 10.6 4.6 0
nm_flota  nm_reclas  nm_pelaces    nm_pelaL
inf 22.6507 17.223 53.7715
cv_recla  cv_pelaces  cv_mph
0.698131 0.425901 0.637916
 ------------------------------------------------
Talla a la edad & desviaci?n 
 7.2 14.2025 17.0495 18.207 18.6776
 1.08 2.13037 2.55742 2.73105 2.80164
