years
 1997 1998 1999 2000 2001 2002 2003 2004 2005 2006 2007 2008 2009 2010 2011 2012 2013 2014 2015 2016 2017 2018 2019 2020 2021 2022 2023
reclasobs
 0 0 0 370054 412103 1.49427e+06 250295 1.28982e+06 931140 785840 897777 1.04006e+06 184774 17550 25797 100020 73551 82996 120727 218422 84188 347160 605670 569463 516374 1.08416e+06 1.01767e+06
reclaspred
 504115 129809 328094 215931 344720 437030 955233 665758 755841 789539 678732 465686 278982 112441 67835.1 67791.4 79950.8 108074 120694 162301 246118 236140 401305 532688 710168 690083 670208
pelacesobs
 0 0 0 0 0 0 0 0 0 2.06254e+06 1.5e+06 0 1.87456e+06 323000 250000 174000 83755 137374 0 501740 490994 745055 786931 1.00524e+06 1.33801e+06 1.41789e+06 0
pelacespred
 2.07788e+06 414782 659957 672201 971760 874237 2.56217e+06 2.00337e+06 2.15431e+06 2.23266e+06 1.58728e+06 1.12377e+06 707634 228486 150677 151758 184497 260432 278614 382322 675009 588047 818462 1.26451e+06 1.5794e+06 1.65369e+06 1.61212e+06
mphobs
 0 0 0 0 0 112323 0 153150 637223 0 255016 313432 73983 77613 109348 50772 17779 17303 59886 28197 0 207744 136588 643089 65757 70829 0
mphpred
 154252 84698.3 93350.6 87110.6 98950.4 167256 237273 303285 264452 287830 301992 207074 126631 66778.6 29115.1 24445.5 27052.2 34532.5 43939.4 50513.3 76076.8 93893.8 116088 164869 250328 261792 232432
desembarqueobs
 350755 77701 442110 56441 14545 235359 269955 359681 431902 328805 639364 411747 362871 311530 167758 66681 60226 58785 57116 73181 50977 67692 138656 160484 209506 203330 142539
desembarquepred
 350761 77699.3 442091 56444.8 14545.4 235454 270031 359673 431947 328808 639300 411789 362938 311640 167581 66674.6 60252.5 58778.5 57100 73177.1 50979.5 67681.4 138660 160496 209492 203311 142534
Reclutas
 35924.4 43410.9 21249.5 30459.2 55243.3 39769 75986.1 73436.2 97369.1 114020 63761.3 44360.2 48135.5 25704.6 14872.2 13041.3 9411.66 11431.7 12367.2 19295.4 25440.7 31826.4 51670.2 73682.6 34184.2 47303.9 61753.9
log_desv_Rt
 0.0109206 0.200215 -0.514162 -0.154107 0.44125 0.112592 0.760055 0.725921 1.00801 1.16588 0.58465 0.221845 0.303524 -0.323826 -0.871002 -1.00237 -1.32855 -1.13411 -1.05545 -0.61063 -0.334148 -0.110201 0.374384 0.72927 -0.0387317 0.286096 0.55266
SSB
 432629 237553 261820 244318 277525 469101 665478 850620 741706 807274 846994 580778 355160 187293 81658.9 68561.9 75873 96853.1 123236 141674 213372 263343 325592 462407 702093 734246 651899
BT
 1.51568e+06 365346 624272 441751 567468 670293 1.67812e+06 1.54501e+06 1.64175e+06 1.59274e+06 1.46781e+06 1.00877e+06 757671 417516 223929 141756 154780 196977 205292 278385 428244 391059 559684 851900 1.03904e+06 1.09707e+06 1.0225e+06
Ftot
 1.0546 0.961154 1.67232 0.369154 0.0653363 0.624477 0.39716 0.759151 0.848897 0.614945 1.13614 1.026 1.7164 3.39108 3.78516 1.51514 1.11782 0.7868 0.62116 0.644118 0.297203 0.360335 0.438669 0.426958 0.343351 0.328397 0.257434
BD_Bspro_t
 0.905678 0.630138 0.547838 0.359395 0.51526 0.696128 0.640335 0.6653 0.598903 0.573701 0.553695 0.390323 0.283949 0.192141 0.105049 0.107997 0.15907 0.255793 0.358928 0.450957 0.581342 0.692094 0.700427 0.709687 0.73556 0.685559 0.668823
BD_Bspro
 0.589467 0.323671 0.356735 0.33289 0.378135 0.639161 0.906729 1.15899 1.01059 1.09993 1.15405 0.791324 0.483915 0.255192 0.111262 0.0934173 0.103379 0.131965 0.167913 0.193035 0.290725 0.358811 0.443626 0.630041 0.956619 1.00043 0.888228
BD_Bo
 0.506899 0.278334 0.306766 0.286261 0.325168 0.549632 0.779721 0.996648 0.869036 0.94586 0.992399 0.680481 0.416131 0.219446 0.0956775 0.0803321 0.0888982 0.11348 0.144393 0.165996 0.250002 0.308552 0.381486 0.54179 0.822622 0.860295 0.763812
BD_Brms
 0.921634 0.506061 0.557757 0.520474 0.591215 0.999331 1.41768 1.81209 1.58007 1.71975 1.80436 1.23724 0.756602 0.398993 0.173959 0.146058 0.161633 0.206327 0.262532 0.301811 0.454549 0.561003 0.693612 0.985072 1.49568 1.56417 1.38875
S_f
 0.0946813 0.665225 0.974197 0.998608 0.999927
 0.0946813 0.665225 0.974197 0.998608 0.999927
 0.0946813 0.665225 0.974197 0.998608 0.999927
 0.0946813 0.665225 0.974197 0.998608 0.999927
 0.0946813 0.665225 0.974197 0.998608 0.999927
 0.0946813 0.665225 0.974197 0.998608 0.999927
 0.0946813 0.665225 0.974197 0.998608 0.999927
 0.0946813 0.665225 0.974197 0.998608 0.999927
 0.0946813 0.665225 0.974197 0.998608 0.999927
 0.0946813 0.665225 0.974197 0.998608 0.999927
 0.0946813 0.665225 0.974197 0.998608 0.999927
 0.0946813 0.665225 0.974197 0.998608 0.999927
 0.0946813 0.665225 0.974197 0.998608 0.999927
 0.0946813 0.665225 0.974197 0.998608 0.999927
 0.0946813 0.665225 0.974197 0.998608 0.999927
 0.0946813 0.665225 0.974197 0.998608 0.999927
 0.0946813 0.665225 0.974197 0.998608 0.999927
 0.0946813 0.665225 0.974197 0.998608 0.999927
 0.0946813 0.665225 0.974197 0.998608 0.999927
 0.0946813 0.665225 0.974197 0.998608 0.999927
 0.0946813 0.665225 0.974197 0.998608 0.999927
 0.0946813 0.665225 0.974197 0.998608 0.999927
 0.0946813 0.665225 0.974197 0.998608 0.999927
 0.0946813 0.665225 0.974197 0.998608 0.999927
 0.0946813 0.665225 0.974197 0.998608 0.999927
 0.0946813 0.665225 0.974197 0.998608 0.999927
 0.0946813 0.665225 0.974197 0.998608 0.999927
Scru_reclas
 0.552432 0.861338 0.969003 0.993684 0.998739
 0.552432 0.861338 0.969003 0.993684 0.998739
 0.552432 0.861338 0.969003 0.993684 0.998739
 0.552432 0.861338 0.969003 0.993684 0.998739
 0.552432 0.861338 0.969003 0.993684 0.998739
 0.552432 0.861338 0.969003 0.993684 0.998739
 0.552432 0.861338 0.969003 0.993684 0.998739
 0.552432 0.861338 0.969003 0.993684 0.998739
 0.552432 0.861338 0.969003 0.993684 0.998739
 0.552432 0.861338 0.969003 0.993684 0.998739
 0.552432 0.861338 0.969003 0.993684 0.998739
 0.552432 0.861338 0.969003 0.993684 0.998739
 0.552432 0.861338 0.969003 0.993684 0.998739
 0.552432 0.861338 0.969003 0.993684 0.998739
 0.552432 0.861338 0.969003 0.993684 0.998739
 0.552432 0.861338 0.969003 0.993684 0.998739
 0.552432 0.861338 0.969003 0.993684 0.998739
 0.552432 0.861338 0.969003 0.993684 0.998739
 0.552432 0.861338 0.969003 0.993684 0.998739
 0.552432 0.861338 0.969003 0.993684 0.998739
 0.552432 0.861338 0.969003 0.993684 0.998739
 0.552432 0.861338 0.969003 0.993684 0.998739
 0.552432 0.861338 0.969003 0.993684 0.998739
 0.552432 0.861338 0.969003 0.993684 0.998739
 0.552432 0.861338 0.969003 0.993684 0.998739
 0.552432 0.861338 0.969003 0.993684 0.998739
 0.552432 0.861338 0.969003 0.993684 0.998739
Scru_pelaces
 0.880918 1 1 1 1
 0.880918 1 1 1 1
 0.880918 1 1 1 1
 0.880918 1 1 1 1
 0.880918 1 1 1 1
 0.880918 1 1 1 1
 0.880918 1 1 1 1
 0.880918 1 1 1 1
 0.880918 1 1 1 1
 0.880918 1 1 1 1
 0.880918 1 1 1 1
 0.880918 1 1 1 1
 0.880918 1 1 1 1
 0.880918 1 1 1 1
 0.880918 1 1 1 1
 0.880918 1 1 1 1
 0.880918 1 1 1 1
 0.880918 1 1 1 1
 0.880918 1 1 1 1
 0.880918 1 1 1 1
 0.880918 1 1 1 1
 0.880918 1 1 1 1
 0.880918 1 1 1 1
 0.880918 1 1 1 1
 0.880918 1 1 1 1
 0.880918 1 1 1 1
 0.880918 1 1 1 1
pf_obs 
 0.256992 0.487395 0.22802 0.0275931 0
 0.321318 0.546541 0.124235 0.00734118 0.000564706
 0.182869 0.594174 0.210203 0.0122559 0.00049798
 0.330522 0.361315 0.267642 0.0388342 0.00168674
 0.649043 0.306663 0.0425973 0.00169635 0
 0.582887 0.30429 0.105238 0.00758474 0
 0.465427 0.430635 0.0974691 0.00646863 0
 0.296916 0.608066 0.0921331 0.00288517 0
 0.311714 0.524322 0.152257 0.0117073 0
 0.15457 0.633149 0.183074 0.0267441 0.00246327
 0.131901 0.49318 0.331252 0.0422183 0.00144891
 0.196976 0.569456 0.194076 0.0375587 0.00193317
 0.518974 0.381816 0.0799577 0.0180837 0.00116848
 0.0928022 0.601141 0.25162 0.0475244 0.00691264
 0.122501 0.610282 0.24278 0.0234846 0.000952079
 0.383417 0.481906 0.127806 0.00687128 0
 0.0376549 0.599619 0.316969 0.0457579 0
 0.0361596 0.667082 0.258105 0.0386534 0
 0.158088 0.579412 0.248529 0.0139706 0
 0.0477256 0.309471 0.559284 0.082774 0.000745712
 0.0406174 0.521527 0.379366 0.0568643 0.0016247
 0.151134 0.462217 0.34131 0.0453401 0
 0.294876 0.26143 0.354403 0.0886775 0.000613685
 0.281977 0.475581 0.204845 0.0348837 0.00271318
 0.0841818 0.532909 0.334909 0.0458182 0.00218182
 0.115287 0.27431 0.454777 0.147771 0.00785563
 0 0 0 0 0
pf_pred 
 0.297566 0.479106 0.199459 0.0238548 1.39787e-05
 0.274998 0.57293 0.120432 0.0283788 0.00326179
 0.146254 0.654626 0.172947 0.0208947 0.00527872
 0.251002 0.476251 0.237227 0.0310569 0.00446214
 0.270261 0.493876 0.17173 0.0559892 0.00814375
 0.142053 0.588485 0.203162 0.0485967 0.0177036
 0.256488 0.400486 0.267548 0.0573706 0.0181079
 0.197136 0.571664 0.149111 0.0644447 0.0176448
 0.246547 0.493518 0.209528 0.0329194 0.0174875
 0.233956 0.554445 0.161543 0.0406386 0.00941797
 0.133414 0.602891 0.213645 0.0385089 0.0115407
 0.141988 0.502687 0.286263 0.0563969 0.0126645
 0.23778 0.473067 0.206897 0.0667834 0.0154725
 0.223047 0.634019 0.110728 0.0233914 0.00881449
 0.294082 0.621978 0.0784778 0.00431452 0.00114738
 0.316834 0.625151 0.0558826 0.00200643 0.000126625
 0.201843 0.651579 0.139955 0.00638973 0.000232262
 0.240788 0.515704 0.216345 0.0259835 0.0011795
 0.216064 0.556721 0.177202 0.0446086 0.00540424
 0.268925 0.485491 0.196263 0.0387427 0.010578
 0.238016 0.550625 0.161195 0.0403568 0.00980703
 0.209174 0.519086 0.217009 0.0420178 0.012713
 0.252949 0.471919 0.205326 0.0560709 0.0137345
 0.247511 0.523287 0.167003 0.0467725 0.0154263
 0.0929899 0.617162 0.226353 0.0466405 0.0168542
 0.148425 0.334087 0.396195 0.0953178 0.0259752
 0.184305 0.447988 0.18268 0.142601 0.0424261
pobs_RECLAS
 0 0 0 0 0
 0 0 0 0 0
 0 0 0 0 0
 0 0 0 0 0
 0.835266 0.146461 0.0176864 0.000547809 3.91292e-05
 0.385257 0.428462 0.181853 0.0044286 0
 0.867414 0.0963971 0.0333333 0.00285562 0
 0.441836 0.489002 0.0689373 0.000224442 0
 0.779404 0.147425 0.0564933 0.0165055 0.000172143
 0.814271 0.122319 0.05973 0.00367925 0
 0.40263 0.566651 0.0304383 0.000280538 0
 0.475488 0.404961 0.113038 0.00651328 0
 0.955842 0.0263864 0.0167828 0.000988607 0
 0.975058 0.0227948 0.00214734 0 0
 0.738997 0.206755 0.0527124 0.00153531 0
 0.850938 0.134255 0.0134407 0.00136685 0
 0.542534 0.407297 0.0501686 0 0
 0.764087 0.199537 0.0359546 0.000420521 0
 0.470689 0.182191 0.310203 0.0369168 0
 0.84361 0.089868 0.0606195 0.00523954 0.000663233
 0.607945 0.314616 0.071237 0.00620181 0
 0.523733 0.453247 0.0230204 0 0
 0.530135 0.295979 0.169645 0.0042399 0
 0.562478 0.366248 0.0663022 0.0049721 0
 0.250443 0.683176 0.0655157 0.000865301 0
 0.195077 0.31981 0.436473 0.0351445 0.0134964
 0.565238 0.351407 0.0832357 0.000118908 0
ppred_RECLAS
 0.687362 0.232679 0.0714371 0.00851677 5.00856e-06
 0.654667 0.288573 0.0449721 0.0105689 0.00121913
 0.47875 0.429079 0.0801218 0.009613 0.00243674
 0.626632 0.260034 0.0985739 0.0129 0.00186031
 0.643949 0.260559 0.0695124 0.02267 0.00330979
 0.453893 0.405996 0.105643 0.0252392 0.00922829
 0.639725 0.218177 0.110821 0.0237524 0.00752482
 0.552631 0.343371 0.0670963 0.0289475 0.00795463
 0.62731 0.267591 0.0847326 0.0132838 0.00708221
 0.602676 0.308544 0.0677853 0.0170322 0.00396171
 0.444899 0.420271 0.109297 0.0196298 0.00590365
 0.468377 0.349314 0.146942 0.0288622 0.00650448
 0.638034 0.253176 0.0779885 0.0249917 0.00580947
 0.653186 0.305967 0.0317942 0.00657043 0.00248219
 0.738055 0.243344 0.0174194 0.000933032 0.0002487
 0.70074 0.280634 0.0179443 0.000640504 4.05603e-05
 0.559485 0.378043 0.0596584 0.00271424 9.90108e-05
 0.6173 0.282812 0.0887627 0.0106405 0.000484777
 0.578837 0.322087 0.0772821 0.0194313 0.00236271
 0.650328 0.253219 0.0770901 0.015198 0.00416476
 0.603787 0.306472 0.0684336 0.0171298 0.0041782
 0.56839 0.308612 0.0982153 0.0190099 0.00577308
 0.63023 0.256313 0.0846681 0.0231077 0.00568119
 0.619363 0.28561 0.0692324 0.0193792 0.00641527
 0.336345 0.488784 0.136543 0.0281262 0.0102016
 0.481836 0.237636 0.214749 0.051651 0.0141279
 0.534988 0.285803 0.088998 0.0694661 0.0207444
pobs_PELACES
 0 0 0 0 0
 0 0 0 0 0
 0 0 0 0 0
 0 0 0 0 0
 0 0 0 0 0
 0 0 0 0 0
 0 0 0 0 0
 0 0 0 0 0
 0 0 0 0 0
 0 0 0 0 0
 0.450072 0.473896 0.0757376 0.000293798 0
 0 0 0 0 0
 0.463077 0.371075 0.160297 0.00555027 0
 0.529543 0.364841 0.0842815 0.0213345 0
 0.631943 0.363953 0.00410389 0 0
 0.735681 0.248677 0.0153453 0.000297389 0
 0.695825 0.281241 0.0229344 0 0
 0.275771 0.60734 0.115278 0.00161068 0
 0 0 0 0 0
 0.896147 0.0623911 0.0374545 0.00400742 0
 0.803859 0.145111 0.0509908 3.86294e-05 0
 0.739449 0.233085 0.0266225 0.000797448 4.60066e-05
 0.878498 0.100942 0.0204185 0.000141795 0
 0.694673 0.275183 0.0284847 0.00165964 0
 0.469039 0.446079 0.0841089 0.000773354 0
 0.822795 0.102175 0.0682046 0.00682512 0
 0 0 0 0 0
ppred_PELACES
 0.795348 0.160719 0.0393897 0.00454068 2.65556e-06
 0.763381 0.204434 0.0256761 0.0058389 0.000669832
 0.644095 0.306765 0.0429354 0.00495621 0.00124905
 0.721184 0.203259 0.0659603 0.0083926 0.00120398
 0.722286 0.21018 0.0495111 0.0157377 0.00228598
 0.573271 0.331922 0.0720361 0.0166985 0.00607297
 0.736544 0.169711 0.0735838 0.0153305 0.00483133
 0.671716 0.263396 0.0423425 0.0177056 0.00483919
 0.741347 0.196231 0.050653 0.00769104 0.00407818
 0.708637 0.235258 0.0431499 0.0105206 0.00243407
 0.589826 0.327538 0.0674338 0.0117028 0.00350006
 0.612218 0.274033 0.0922886 0.0175315 0.0039292
 0.78405 0.163963 0.0376875 0.0116154 0.00268441
 0.836784 0.150708 0.00985138 0.00193177 0.000725026
 0.890375 0.104802 0.00453333 0.000229676 6.08102e-05
 0.812825 0.17818 0.00867763 0.000298383 1.87872e-05
 0.6893 0.274744 0.0343882 0.001512 5.48494e-05
 0.729563 0.209845 0.0540306 0.00627622 0.000284396
 0.688567 0.248166 0.049681 0.0121204 0.0014659
 0.751748 0.188772 0.0478372 0.00914906 0.00249377
 0.69585 0.243159 0.0468228 0.0114019 0.00276665
 0.668992 0.247112 0.0673833 0.0126815 0.00383111
 0.727566 0.198356 0.0556952 0.0147706 0.00361238
 0.71591 0.221792 0.0457534 0.0124461 0.00409853
 0.435836 0.432266 0.103645 0.0207618 0.00749127
 0.596023 0.201184 0.156286 0.036559 0.00994783
 0.637393 0.236184 0.0636814 0.0483706 0.0143701
pobs_pel_tallas
 0 0 0 0 0 0 0 0 0 0 0 0 0 0 0 0 0 0 0 0 0 0 0 0 0 0 0 0 0 0 0 0 0 0 0 0
 0 0 0 0 0 0 0 0 0 0 0 0 0 0 0 0 0 0 0 0 0 0 0 0 0 0 0 0 0 0 0 0 0 0 0 0
 0 0 0 0 0 0 0 0 0 0 0 0 0 0 0 0 0 0 0 0 0 0 0 0 0 0 0 0 0 0 0 0 0 0 0 0
 0 0 0 0 0 0 0 0 0 0 0 0 0 0 0 0 0 0 0 0 0 0 0 0 0 0 0 0 0 0 0 0 0 0 0 0
 0 0 0 0 0 0 0 0 0 0 0 0 0 0 0 0 0 0 0 0 0 0 0 0 0 0 0 0 0 0 0 0 0 0 0 0
 0 0 0 0 0 0 0 0 0 0 0 0 0 0 0 0 0 0 0 0 0 0 0 0 0 0 0 0 0 0 0 0 0 0 0 0
 0 0 0 0 0 0 0 0 0 0 0 0 0 0 0 0 0 0 0 0 0 0 0 0 0 0 0 0 0 0 0 0 0 0 0 0
 0 0 0 0 0 0 0 0 0 0 0 0 0 0 0 0 0 0 0 0 0 0 0 0 0 0 0 0 0 0 0 0 0 0 0 0
 0 0 0 0 0 0 0 0 0 0 0 0 0 0 0 0 0 0 0 0 0 0 0 0 0 0 0 0 0 0 0 0 0 0 0 0
 0 0 0 0 0 0 0 0 0 0 0 0 0 0 0 0 0 0 0 0 0 0 0 0 0 0 0 0 0 0 0 0 0 0 0 0
 0 0 0 0 0 0 0 0 1.78061e-05 0.00172719 0.00360574 0.0105946 0.0120993 0.0124554 0.0147524 0.0171206 0.0266825 0.0428682 0.0675386 0.121331 0.153587 0.119568 0.100827 0.0573624 0.0630603 0.0341343 0.0324427 0.0444173 0.0211091 0.0280891 0.0125444 0.00206551 0 0 0 0
 0 0 0 0 0 0 0 0 0 0 0 0 0 0 0 0 0 0 0 0 0 0 0 0 0 0 0 0 0 0 0 0 0 0 0 0
 0 0 0 0 0 0 0.0133647 0.0140871 0.0187388 0.0205184 0.03894 0.0496705 0.03968 0.0493445 0.0407372 0.0367815 0.0215668 0.0243155 0.0234873 0.0199281 0.019796 0.0243948 0.0301388 0.0376714 0.0412746 0.0863199 0.0771752 0.113111 0.0741005 0.0525337 0.0229764 0.00759418 0.00175318 0 0 0
 0 0 0 0 0 0 0 0 0 0 0.00219441 0.00772107 0.0458388 0.0604681 0.0671733 0.0775358 0.0609151 0.0617685 0.073594 0.0568108 0.0755445 0.0548602 0.0670107 0.0636378 0.0643287 0.046367 0.0373049 0.0286899 0.0247887 0.0153202 0.00654259 0.00121912 0.000365735 0 0 0
 0 0 0 0 0 0 0 0 0 0 0 0 0.000112435 0.00938835 0.0111873 0.0202946 0.0414886 0.0713402 0.111592 0.104902 0.108894 0.110636 0.117776 0.105296 0.107544 0.0401394 0.0192827 0.0124803 0.00416011 0.0028671 0.000618394 0 0 0 0 0
 0 0 0 0 0 0 0 0 0 0 0.00291406 0.0102884 0.027416 0.0768956 0.0749926 0.110853 0.0956884 0.0897413 0.0766577 0.0534642 0.0500743 0.0551293 0.0594112 0.0620874 0.0668451 0.0424026 0.0208742 0.0120726 0.0048766 0.00582813 0.00118941 0.000297354 0 0 0 0
 0 0.00264628 0.0354308 0.0461629 0.0458689 0.0383711 0.0214643 0.0164657 0.0346957 0.0420465 0.0363128 0.0245516 0.0311673 0.0291091 0.0169068 0.0133784 0.00837989 0.0085269 0.0148486 0.0160247 0.0276389 0.0546898 0.0760071 0.122758 0.109233 0.0665981 0.0333725 0.0166128 0.00676272 0.00308733 0.000882094 0 0 0 0 0
 0 0 0 0 0 0 0 0.000805153 0.000690131 0.00759144 0.0133425 0.0154129 0.00931677 0.000345066 0.00356568 0.00563607 0.00851162 0.0253048 0.0502646 0.0516448 0.0657925 0.0565908 0.0611916 0.0827007 0.0866115 0.110766 0.145733 0.0935128 0.0569358 0.0249597 0.0138026 0.00621118 0.00161031 0.00115022 0 0
 0 0 0 0 0 0 0 0 0 0 0 0 0 0 0 0 0 0 0 0 0 0 0 0 0 0 0 0 0 0 0 0 0 0 0 0
 0.00147267 0.00158595 0.00478618 0.00569244 0.00954404 0.0108468 0.00647125 0.017049 0.0510054 0.094081 0.124002 0.0959785 0.0687766 0.0820023 0.061753 0.0591476 0.0492212 0.0479892 0.0443925 0.0268479 0.0217502 0.0140895 0.0121071 0.0120363 0.00920419 0.00665534 0.0049561 0.00860946 0.00930331 0.0156896 0.0114698 0.00855282 0.00243557 0.00046729 0 2.83206e-05
 0 0 0 0 0.000772559 0.00158375 0.000888443 0.00281984 0.00712685 0.0440552 0.0773331 0.111326 0.0921469 0.0852325 0.0710754 0.0886704 0.0786465 0.0553345 0.0373146 0.0185414 0.00753245 0.00457741 0.012979 0.0271748 0.0457355 0.0583668 0.034881 0.0177882 0.00938659 0.00492506 0.0015258 0.00185414 0.000309023 5.79419e-05 3.86279e-05 0
 0 0.00173294 0.00326652 0 0.00397197 0.00683976 0.00946217 0.0152591 0.00757587 0.0136028 0.0228656 0.0392903 0.0559909 0.0764795 0.0681675 0.0726916 0.0566044 0.0477403 0.0527397 0.0444891 0.0609904 0.0582453 0.0661739 0.0445044 0.0529084 0.0360697 0.0280645 0.0235558 0.0158879 0.00826598 0.00280645 0.00217768 0.000904811 0.00058276 9.20147e-05 0
 0 0 0 0 0 0 0 0 0 0 0 0 0 0 0 0 0 0 0 0 0 0 0 0 0 0 0 0 0 0 0 0 0 0 0 0
 0 0 0 0 0 0 0 0 0 0 0 0 0 0 0 0 0 0 0 0 0 0 0 0 0 0 0 0 0 0 0 0 0 0 0 0
 0 0 0 0 0 0 0 0 0 0 0 0 0 0 0 0 0 0 0 0 0 0 0 0 0 0 0 0 0 0 0 0 0 0 0 0
 0 0 0 0 0 0 0 0 0 0 0 0 0 0 0 0 0 0 0 0 0 0 0 0 0 0 0 0 0 0 0 0 0 0 0 0
 0 0 0 0 0 0 0 0 0 0 0 0 0 0 0 0 0 0 0 0 0 0 0 0 0 0 0 0 0 0 0 0 0 0 0 0
ppred_pel_tallas
 1.00768e-16 3.47001e-05 0.000203667 0.000968149 0.00372744 0.0116237 0.0293605 0.0600754 0.0995808 0.133732 0.145521 0.128346 0.0918433 0.0535377 0.0258653 0.0111926 0.0057202 0.00497772 0.00622368 0.00825168 0.0105664 0.0128693 0.0148886 0.0163745 0.0171433 0.0171172 0.0163402 0.0149611 0.0131923 0.0112583 0.00935071 0.00760239 0.00608211 0.00480612 0.00375745 0.00290457
 1.00664e-16 3.33079e-05 0.000195489 0.000929265 0.00357771 0.0111568 0.0281811 0.0576626 0.0955828 0.128367 0.139695 0.123235 0.0882457 0.0515612 0.0251354 0.0112605 0.00630915 0.00600248 0.00770606 0.0102369 0.0130696 0.0158468 0.0182271 0.0198973 0.0206329 0.0203501 0.0191239 0.017165 0.0147642 0.0122233 0.00979536 0.00764962 0.00586502 0.0044463 0.00335136 0.00251841
 1.00939e-16 2.81107e-05 0.000164968 0.000784139 0.00301891 0.00941413 0.0237795 0.0486573 0.0806596 0.108338 0.11793 0.104112 0.0747201 0.0439973 0.0220808 0.0109651 0.00764878 0.00856309 0.011488 0.0153703 0.0196444 0.0238264 0.0274129 0.0299345 0.0310529 0.0306401 0.0288068 0.0258672 0.0222566 0.0184275 0.0147607 0.0115125 0.00880419 0.0066461 0.00497803 0.00370942
 1.01348e-16 3.1468e-05 0.000184687 0.00087791 0.00337999 0.0105402 0.0266236 0.0544758 0.0903009 0.121275 0.131981 0.116438 0.0833979 0.0487678 0.023848 0.0108127 0.00624565 0.00611564 0.00794359 0.0106181 0.0136435 0.0166753 0.0193767 0.0214305 0.0225982 0.0227712 0.0219911 0.0204296 0.0183388 0.0159884 0.0136113 0.0113723 0.00936181 0.00760984 0.00610883 0.00483487
 1.01419e-16 3.15163e-05 0.00018497 0.000879254 0.00338516 0.0105563 0.0266644 0.0545592 0.0904392 0.121461 0.132184 0.116621 0.083535 0.0488604 0.023916 0.010881 0.00633513 0.00624063 0.00811213 0.0108311 0.013893 0.0169428 0.0196337 0.0216415 0.0227269 0.0227874 0.021878 0.0201885 0.0179899 0.0155676 0.0131635 0.0109431 0.00899006 0.00732211 0.00591698 0.00473677
 1.01989e-16 2.50235e-05 0.000146841 0.000697956 0.00268707 0.0083793 0.0211657 0.0433094 0.0717962 0.0964387 0.104993 0.0927263 0.0666276 0.039391 0.0200642 0.0104522 0.00791468 0.00929991 0.0126413 0.0169865 0.0217874 0.026541 0.0307088 0.0337813 0.0353831 0.0353577 0.0337992 0.0310164 0.0274471 0.0235508 0.0197167 0.0162097 0.013162 0.0105976 0.00847447 0.00672382
 1.01853e-16 3.21364e-05 0.000188614 0.000896587 0.00345191 0.0107645 0.0271901 0.0556347 0.0922208 0.12385 0.134774 0.118882 0.085104 0.0496755 0.0241246 0.0106567 0.00576871 0.00533523 0.00682799 0.00913238 0.0117816 0.0144797 0.0169457 0.0189129 0.0201755 0.0206297 0.0202914 0.0192813 0.0177857 0.0160073 0.0141237 0.0122632 0.0105016 0.00887311 0.00738807 0.0060478
 1.01522e-16 2.93134e-05 0.000172032 0.000817734 0.00314827 0.00981756 0.0247985 0.0507419 0.0841135 0.112972 0.122962 0.108522 0.077817 0.0456834 0.022673 0.0108418 0.0070372 0.007523 0.00998679 0.013358 0.0171033 0.0207993 0.0240151 0.0263483 0.0275068 0.0273743 0.0260358 0.0237469 0.0208646 0.0177601 0.0147446 0.012026 0.00970228 0.00778245 0.00622154 0.00495383
 1.01238e-16 3.23469e-05 0.000189848 0.000902445 0.00347445 0.0108348 0.0273677 0.0559983 0.0928241 0.124662 0.135663 0.119679 0.085701 0.0500778 0.0244196 0.0109543 0.00616242 0.0058934 0.00759546 0.010128 0.01299 0.0158427 0.0183602 0.0202386 0.0212528 0.0213057 0.0204474 0.0188542 0.0167793 0.0144903 0.0122152 0.0101115 0.00826056 0.00668198 0.0053571 0.00425156
 1.01165e-16 3.09222e-05 0.00018148 0.000862655 0.00332124 0.010357 0.0261609 0.0535293 0.0887329 0.119172 0.1297 0.114445 0.0820105 0.0480379 0.023642 0.0109728 0.00668527 0.00682462 0.00894999 0.0119487 0.0152959 0.0186013 0.0214767 0.0235608 0.0245903 0.0244595 0.0232423 0.0211661 0.0185501 0.0157279 0.012981 0.0104999 0.00837713 0.00662581 0.00520937 0.00407102
 1.0163e-16 2.57452e-05 0.000151078 0.000718102 0.00276464 0.0086212 0.0217767 0.0445595 0.0738681 0.0992204 0.108018 0.0953891 0.0685222 0.0404733 0.0205454 0.0105886 0.00787873 0.009167 0.0124275 0.0166835 0.0213812 0.0260193 0.0300646 0.0330139 0.034498 0.0343656 0.032715 0.0298578 0.0262342 0.0223059 0.018464 0.0149752 0.0119723 0.00947839 0.00744823 0.00580793
 1.02186e-16 2.67195e-05 0.000156803 0.000745329 0.00286949 0.00894818 0.0226025 0.0462489 0.0766668 0.102974 0.112089 0.0989493 0.0710028 0.0417845 0.0209276 0.0103267 0.00713014 0.00795252 0.0106979 0.0143886 0.0185186 0.0226635 0.0263779 0.0292358 0.0309144 0.0312642 0.0303355 0.0283524 0.025646 0.0225709 0.0194331 0.0164486 0.0137363 0.0113372 0.00924467 0.00743302
 1.01114e-16 3.42076e-05 0.000200775 0.0009544 0.00367451 0.0114586 0.0289435 0.0592222 0.0981668 0.131834 0.143457 0.126529 0.0905502 0.0527989 0.0255363 0.0110984 0.00574256 0.00506439 0.00636251 0.0084467 0.0108253 0.0131982 0.0152906 0.0168493 0.0176879 0.0177271 0.0170106 0.0156872 0.0139692 0.0120797 0.0102075 0.00848165 0.00696669 0.00567563 0.00459008 0.00367951
 1.0029e-16 3.65065e-05 0.000214272 0.00101857 0.00392159 0.0122291 0.0308898 0.0632043 0.104767 0.140694 0.153092 0.135011 0.0965847 0.0562455 0.0270675 0.0115295 0.00562147 0.0046289 0.00566031 0.00744661 0.00947646 0.0114558 0.013127 0.0142596 0.0146916 0.0143669 0.0133492 0.0118029 0.00995187 0.00802656 0.00621886 0.00465525 0.00339179 0.00242638 0.00171992 0.00121764
 1.0011e-16 3.88414e-05 0.000227985 0.00108377 0.00417264 0.0130121 0.0328673 0.06725 0.111471 0.149693 0.16287 0.143602 0.102662 0.0596445 0.0284413 0.0116646 0.00502369 0.00348496 0.00397097 0.00515439 0.00654196 0.0078962 0.00903163 0.00978734 0.0100514 0.00978652 0.00903918 0.00792677 0.00660792 0.00524574 0.00397583 0.00288731 0.00201915 0.00136873 0.000906761 0.000592456
 1.00193e-16 3.54628e-05 0.000208143 0.000989427 0.00380936 0.0118792 0.0300058 0.0613958 0.10177 0.136673 0.148723 0.131176 0.09388 0.0547484 0.0264931 0.011535 0.00599226 0.00529357 0.00662924 0.00875158 0.0111331 0.0134435 0.0153809 0.0166735 0.0171309 0.016689 0.0154263 0.0135416 0.0113037 0.00898953 0.00682935 0.00497477 0.00349246 0.00237862 0.00158426 0.00104087
 1.00633e-16 3.00806e-05 0.000176535 0.000839141 0.00323069 0.0100746 0.0254477 0.0520702 0.0863156 0.11593 0.126181 0.111365 0.0798578 0.046886 0.0232776 0.0111423 0.00724357 0.00774458 0.0102669 0.0137039 0.0174971 0.0212 0.0243586 0.0265524 0.02748 0.0270296 0.025305 0.0225933 0.0192907 0.0158084 0.0124923 0.00957463 0.00716477 0.00527016 0.00383303 0.00276704
 1.01065e-16 3.18337e-05 0.000186833 0.000888111 0.00341926 0.0106626 0.026933 0.0551088 0.0913503 0.122685 0.133515 0.117793 0.0843716 0.049343 0.0241396 0.0109614 0.00635208 0.0062319 0.00808963 0.0107954 0.0138402 0.0168672 0.0195275 0.0214958 0.0225311 0.0225302 0.0215484 0.0197773 0.0174916 0.0149819 0.0124973 0.0102103 0.00821146 0.00652343 0.00512626 0.00398136
 1.01272e-16 3.00475e-05 0.000176344 0.000838235 0.00322721 0.0100637 0.0254203 0.052014 0.0862216 0.115801 0.126036 0.111223 0.0797275 0.0467516 0.0231042 0.0108834 0.00684863 0.00716395 0.00945929 0.0126468 0.0161999 0.0197137 0.02278 0.025017 0.0261454 0.0260509 0.0248082 0.0226532 0.0199191 0.0169548 0.0140557 0.0114226 0.00915509 0.00726973 0.00573181 0.00448541
 1.01172e-16 3.28001e-05 0.000192509 0.0009151 0.00352318 0.0109867 0.0277516 0.0567836 0.0941255 0.126409 0.137562 0.121348 0.086883 0.0507421 0.0246943 0.0109938 0.0060671 0.0057019 0.00730995 0.00973833 0.0124878 0.0152286 0.0176461 0.0194482 0.0204186 0.0204641 0.0196332 0.0180959 0.0160963 0.0138919 0.0117022 0.00967881 0.00789972 0.00638357 0.00511216 0.0040522
 1.01266e-16 3.03649e-05 0.000178207 0.000847096 0.00326133 0.0101701 0.025689 0.0525638 0.0871328 0.117024 0.127365 0.112392 0.0805553 0.0472171 0.0232972 0.0109122 0.0067835 0.00703202 0.00926194 0.0123766 0.0158504 0.0192842 0.0222778 0.0244576 0.0255507 0.0254462 0.0242186 0.0221006 0.0194195 0.0165181 0.0136858 0.0111188 0.00891326 0.00708386 0.0055948 0.00438964
 1.01652e-16 2.9194e-05 0.000171333 0.000814412 0.00313549 0.00977769 0.0246978 0.0505357 0.0837713 0.112511 0.122457 0.10807 0.0774776 0.0454538 0.0225034 0.0106696 0.00680953 0.00720188 0.00954863 0.0127954 0.0164299 0.0200541 0.0232631 0.0256744 0.0270033 0.0271248 0.0260982 0.0241413 0.0215683 0.0187124 0.0158579 0.0132021 0.0108481 0.00882296 0.00710701 0.00566133
 1.01532e-16 3.17461e-05 0.00018632 0.000885675 0.00340988 0.0106334 0.0268591 0.0549576 0.0910993 0.122347 0.133145 0.117461 0.0841215 0.0491723 0.0240108 0.0108271 0.00617093 0.00597254 0.00772988 0.0103237 0.0132597 0.0161999 0.0188164 0.0208023 0.0219282 0.0220919 0.0213379 0.0198368 0.0178358 0.0155969 0.013344 0.0112317 0.009341 0.00769396 0.00627682 0.00506211
 1.01341e-16 3.12387e-05 0.00018334 0.0008715 0.0033553 0.0104632 0.0264292 0.0540781 0.0896421 0.120392 0.131024 0.115604 0.0828226 0.0484756 0.0237869 0.010922 0.00649567 0.00650875 0.0084966 0.0113435 0.0145353 0.0177009 0.0204744 0.0225148 0.0235722 0.023543 0.0224917 0.0206259 0.0182392 0.0156393 0.0130861 0.0107559 0.00873555 0.00703947 0.00563777 0.00448299
 1.02676e-16 1.90349e-05 0.000111673 0.000530743 0.00204322 0.00637146 0.0160942 0.0329335 0.054601 0.0733584 0.0799094 0.0706784 0.051014 0.03062 0.0164459 0.00994739 0.00920034 0.0118691 0.0164684 0.0222073 0.0285118 0.0347604 0.0402581 0.0443403 0.0465146 0.0465713 0.0446258 0.041072 0.0364727 0.0314207 0.0264199 0.0218159 0.0177848 0.0143646 0.0115085 0.00913522
 1.04006e-16 2.60105e-05 0.000152647 0.000725585 0.00279349 0.0087112 0.0220039 0.0450235 0.0746338 0.100238 0.109098 0.0962776 0.0690177 0.0404803 0.0200251 0.00947628 0.00604214 0.0064239 0.00860099 0.011672 0.0152269 0.0189596 0.0225486 0.0256708 0.028056 0.0295355 0.0300656 0.0297155 0.0286307 0.0269861 0.0249467 0.0226467 0.0201881 0.0176518 0.0151108 0.012638
 1.03315e-16 2.78156e-05 0.000163242 0.000775949 0.0029874 0.00931588 0.0235313 0.0481488 0.0798149 0.107198 0.116675 0.102969 0.0738252 0.0433204 0.0214653 0.0102097 0.006563 0.00698539 0.00929439 0.0124938 0.0161046 0.0197568 0.0230722 0.0256914 0.0273426 0.0278997 0.0274036 0.0260382 0.0240718 0.0217859 0.0194156 0.0171173 0.0149671 0.0129812 0.0111458 0.00944233
pSPR Fmed_Fpbrs
0.522967   0.6 0.325
Fs Fmed_Fpbrs
0.64   0.459593 1.59382
SSBpbr Bo_Bmed_Bpbrs
853482  403669  469415 234707
Ro
35534.2
SPR SPRFo_SPRFmed_SPRFpbrs
733932 383822 238528
log_Ro
10.2983
likeval ReclasPelacesDesembMPH_pf_preclas_ppelaces_ptallas_desvR_qrecl_qpela
 64.7543 15.1269 0.00945302 0.000564562 329.762 209.001 55.4303 0 16.7914 7.46219e-07 7.19768e-05 2.04454e-14 0 0 0
q_reclas_q_pelaces
0.884786 3.34346
M
0.7
N
 35924.4 10537.2 3384.49 398.576 0.233372
 43410.9 16144.3 2594.42 601.589 69.0862
 21249.5 19682.1 4229.92 505.105 127.528
 30459.2 9006.95 3213.11 411.895 59.1133
 55243.3 14606.1 3498.82 1113.61 161.77
 39769 27263.8 6944.67 1630.32 593.327
 75986.1 18614.9 8936.48 1876.88 591.745
 73436.2 36341 7097.63 3013.89 824.423
 97369.1 33938.2 10891 1682.36 892.903
 114020 44617.9 9581.48 2365.4 547.632
 63761.3 53418.3 14717.8 2613.67 782.668
 44360.2 28433.7 12458 2416.28 542.151
 48135.5 19989.3 7135.28 2276.94 527.206
 25704.6 20318.1 3168.98 665.607 250.742
 14872.2 9259.02 1057.25 57.8342 15.3761
 13041.3 5160.9 370.691 13.1437 0.828946
 9411.66 5610.66 935.384 42.0696 1.52799
 11431.7 4204.32 1324.54 156.331 7.08999
 12367.2 5269.28 1237.03 305.614 36.9876
 19295.4 5790.6 1730.97 335.404 91.4858
 25440.7 9014.91 1873.39 458.949 111.399
 31826.4 12282.9 3673.6 696.434 210.478
 51670.2 15274.4 4799.47 1284.2 314.223
 73682.6 24614.8 5665.33 1554.5 512.141
 34184.2 35140 9201.1 1856 669.933
 47303.9 16432.4 13886.8 3270.14 890.135
 61753.9 22771.3 6558.73 5007.88 1488.17
pred_Ctot
 2469.28 3975.75 1655.17 197.954 0.115999
 2729.95 5687.58 1195.55 281.721 32.3804
 2258.38 10108.4 2670.57 322.646 81.5115
 753.925 1430.49 712.549 93.2843 13.4027
 245.097 447.891 155.74 50.776 7.38548
 1647.64 6825.7 2356.42 563.662 205.34
 2021.14 3155.85 2108.29 452.083 142.691
 3678.07 10665.8 2782.05 1202.38 329.209
 5433.11 10875.6 4617.34 725.438 385.368
 4653.62 11028.5 3213.25 808.343 187.333
 4705.77 21265.1 7535.67 1358.28 407.06
 2969.93 10514.6 5987.69 1179.64 264.9
 5241.25 10427.5 4560.5 1472.06 341.05
 5171.25 14699.5 2567.18 542.321 204.36
 3288.39 6954.87 877.528 48.2443 12.8298
 1263.81 2493.65 222.909 8.00341 0.505094
 683.921 2207.79 474.221 21.6508 0.786991
 592.734 1269.48 532.565 63.9619 2.90351
 509.723 1313.38 418.044 105.238 12.7493
 823.885 1487.36 601.275 118.693 32.4069
 508.492 1176.35 344.375 86.2176 20.9516
 769.228 1908.91 798.04 154.518 46.7515
 1515.39 2827.21 1230.08 335.914 82.2817
 2104.3 4448.92 1419.84 397.653 131.152
 787.829 5228.71 1917.71 395.147 142.792
 1043.36 2348.48 2785.07 670.041 182.594
 1070.91 2603.05 1061.47 828.59 246.519
F
 0.0998505 0.701544 1.02738 1.05313 1.05452
 0.0910033 0.639384 0.936353 0.959816 0.961084
 0.158337 1.11247 1.62917 1.66999 1.6722
 0.0349519 0.24557 0.359628 0.36864 0.369126
 0.00618612 0.0434633 0.0636504 0.0652453 0.0653315
 0.0591263 0.415418 0.608364 0.623608 0.624432
 0.0376036 0.264201 0.386912 0.396607 0.397131
 0.0718774 0.505007 0.739563 0.758095 0.759096
 0.0803747 0.564708 0.826993 0.847715 0.848835
 0.0582238 0.409077 0.599078 0.614089 0.6149
 0.107572 0.755792 1.10683 1.13456 1.13606
 0.0971433 0.682523 0.999529 1.02458 1.02593
 0.162511 1.14179 1.67211 1.71401 1.71627
 0.321072 2.25583 3.30358 3.38636 3.39084
 0.358384 2.51798 3.68749 3.77989 3.78488
 0.143455 1.00791 1.47604 1.51303 1.51503
 0.105837 0.743604 1.08898 1.11627 1.11774
 0.0744953 0.5234 0.766498 0.785705 0.786743
 0.0588122 0.413211 0.605132 0.620295 0.621114
 0.0609859 0.428484 0.627498 0.643222 0.644071
 0.0281396 0.197707 0.289534 0.296789 0.297181
 0.034117 0.239704 0.351037 0.359834 0.360309
 0.0415337 0.291814 0.42735 0.438058 0.438637
 0.0404249 0.284023 0.415941 0.426364 0.426927
 0.0325089 0.228405 0.334491 0.342873 0.343325
 0.031093 0.218458 0.319923 0.32794 0.328373
 0.0243742 0.171252 0.250792 0.257076 0.257415
Np
 25054.5 11911.9 10946.8 3023.8 1044.82
YTP_r0W_actual
 15546.1 94829.4 54843.3 54568.6 18014.6
YTP_p0W_proyectada
 6307.28 124632 79672.9 27617.6 32216
 6307.28 49606.3 91535.9 32948.9 12647.7
CTP_r0_actual
 1895.86 4390.25 1746.6 1360.81 404.822
CTP_p0_proyectada
 769.181 5769.98 2537.35 688.717 723.955
 769.181 2296.59 2915.16 821.669 284.218
Wmedp
 8.2 21.6 31.4 40.1 44.5
nmprior
 10.8 10.6 4.6 0
nm_flota  nm_reclas  nm_pelaces    nm_pelaL
inf 22.8381 17.7035 55.8834
cv_recla  cv_pelaces  cv_mph
0.696891 0.426055 0.635027
 ------------------------------------------------
Talla a la edad & desviaci?n 
 7.2 14.2025 17.0495 18.207 18.6776
 1.08 2.13037 2.55742 2.73105 2.80164
