years
 1997 1998 1999 2000 2001 2002 2003 2004 2005 2006 2007 2008 2009 2010 2011 2012 2013 2014 2015 2016 2017 2018 2019 2020 2021 2022 2023
reclasobs
 0 0 0 370054 412103 1.49427e+06 250295 1.28982e+06 931140 785840 897777 1.04006e+06 184774 17550 25797 100020 73551 82996 120727 218422 84188 347160 605670 569463 516374 1.08416e+06 1.01767e+06
reclaspred
 501168 129305 323773 213481 343446 435196 953256 664362 754113 792147 681678 467247 279789 112915 68038.8 68223.7 80533.5 108457 120823 162606 247414 237249 400378 524780 713260 690491 661550
pelacesobs
 0 0 0 0 0 0 0 0 0 2.06254e+06 1.5e+06 0 1.87456e+06 323000 250000 174000 83755 137374 0 501740 490994 745055 786931 1.00524e+06 1.33801e+06 1.41789e+06 1.42762e+06
pelacespred
 2.08452e+06 403992 651540 657110 960138 852526 2.55569e+06 1.97591e+06 2.14078e+06 2.22366e+06 1.57554e+06 1.11471e+06 709058 230110 151987 151982 184482 259329 274967 379874 672715 580414 804336 1.23041e+06 1.57389e+06 1.61065e+06 1.56842e+06
mphobs
 0 0 0 0 0 112323 0 153150 637223 0 255016 313432 73983 77613 109348 50772 17779 17303 59886 28197 0 207744 136588 643089 65757 70829 0
mphpred
 153235 84019.5 92481.4 85643.5 97992.2 166411 235731 302228 263030 287105 302867 207407 126532 66913.1 29267.5 24534.7 27210.2 34649.9 43923.2 50405 76207.7 94189.1 116017 162913 246337 266019 244014
desembarqueobs
 350755 77701 442110 56441 14545 235359 269955 359681 431902 328805 639364 411747 362871 311530 167758 66681 60226 58785 57116 73181 50977 67692 138656 160484 209506 203330 142539
desembarquepred
 350760 77699.2 442089 56445 14545.4 235456 270033 359673 431947 328808 639298 411788 362935 311637 167578 66673.8 60252.1 58778.1 57099.7 73176.8 50979.5 67681.3 138660 160498 209497 203314 142536
Reclutas
 35690 43101.2 20922.6 30173.4 54800.2 39225.4 75705.6 72684.4 96862.2 114350 63463.9 44202.4 48309.1 25733.9 14744.1 13043.2 9362.61 11333.5 12260.5 19252.6 25362.1 31557.2 50449.6 71509.6 37870.9 41763.9 51996.7
log_desv_Rt
 0.0181925 0.206871 -0.51585 -0.149718 0.447016 0.112647 0.770174 0.729448 1.01661 1.18259 0.593792 0.2321 0.320942 -0.308869 -0.865838 -0.988415 -1.31996 -1.12892 -1.05029 -0.599031 -0.323424 -0.104876 0.364297 0.713153 0.0775031 0.175355 0.394502
SSB
 426310 233749 257290 238267 272622 462969 655821 840823 731768 798747 842599 577023 352022 186157 81424.4 68257.3 75700.8 96398.8 122198 140231 212016 262041 322767 453236 685328 740086 678866
BT
 1.50267e+06 360861 615604 433572 559948 662205 1.6642e+06 1.52947e+06 1.62748e+06 1.58531e+06 1.46172e+06 1.00402e+06 755930 417167 223361 141502 154343 195864 203697 276615 426197 388956 552523 832868 1.04404e+06 1.07566e+06 1.00241e+06
Ftot
 1.09519 0.998334 1.7409 0.385454 0.0676162 0.642405 0.409252 0.782087 0.876827 0.633351 1.16108 1.0465 1.7624 3.48661 3.89252 1.55744 1.1427 0.804507 0.636877 0.661831 0.304166 0.367115 0.448746 0.443367 0.356972 0.330226 0.25551
BD_Bspro_t
 0.90362 0.626305 0.543174 0.353969 0.511096 0.693347 0.637085 0.662707 0.595646 0.571282 0.552451 0.38885 0.282129 0.191197 0.104826 0.107668 0.158895 0.255155 0.357356 0.448834 0.580316 0.691451 0.698864 0.705813 0.731548 0.687876 0.665407
BD_Bspro
 0.587177 0.321953 0.354378 0.328176 0.375495 0.637668 0.903293 1.1581 1.0079 1.10015 1.16055 0.794761 0.484856 0.256403 0.11215 0.0940139 0.104266 0.132774 0.168308 0.193146 0.292019 0.360921 0.444562 0.624262 0.943934 1.01935 0.935033
BD_Bo
 0.507434 0.278229 0.306251 0.283607 0.3245 0.551068 0.780619 1.00082 0.871018 0.950742 1.00294 0.686826 0.419009 0.221582 0.0969188 0.0812461 0.090106 0.114743 0.145451 0.166915 0.25236 0.311906 0.384187 0.539483 0.81574 0.880919 0.808049
BD_Brms
 0.922607 0.505871 0.556819 0.515649 0.589999 1.00194 1.41931 1.81968 1.58367 1.72862 1.82352 1.24877 0.761834 0.402876 0.176216 0.14772 0.163829 0.208623 0.264456 0.303483 0.458837 0.567101 0.698521 0.980878 1.48316 1.60167 1.46918
S_f
 0.0901505 0.653088 0.972803 0.998531 0.999923
 0.0901505 0.653088 0.972803 0.998531 0.999923
 0.0901505 0.653088 0.972803 0.998531 0.999923
 0.0901505 0.653088 0.972803 0.998531 0.999923
 0.0901505 0.653088 0.972803 0.998531 0.999923
 0.0901505 0.653088 0.972803 0.998531 0.999923
 0.0901505 0.653088 0.972803 0.998531 0.999923
 0.0901505 0.653088 0.972803 0.998531 0.999923
 0.0901505 0.653088 0.972803 0.998531 0.999923
 0.0901505 0.653088 0.972803 0.998531 0.999923
 0.0901505 0.653088 0.972803 0.998531 0.999923
 0.0901505 0.653088 0.972803 0.998531 0.999923
 0.0901505 0.653088 0.972803 0.998531 0.999923
 0.0901505 0.653088 0.972803 0.998531 0.999923
 0.0901505 0.653088 0.972803 0.998531 0.999923
 0.0901505 0.653088 0.972803 0.998531 0.999923
 0.0901505 0.653088 0.972803 0.998531 0.999923
 0.0901505 0.653088 0.972803 0.998531 0.999923
 0.0901505 0.653088 0.972803 0.998531 0.999923
 0.0901505 0.653088 0.972803 0.998531 0.999923
 0.0901505 0.653088 0.972803 0.998531 0.999923
 0.0901505 0.653088 0.972803 0.998531 0.999923
 0.0901505 0.653088 0.972803 0.998531 0.999923
 0.0901505 0.653088 0.972803 0.998531 0.999923
 0.0901505 0.653088 0.972803 0.998531 0.999923
 0.0901505 0.653088 0.972803 0.998531 0.999923
 0.0901505 0.653088 0.972803 0.998531 0.999923
Scru_reclas
 0.551248 0.860765 0.968859 0.993654 0.998733
 0.551248 0.860765 0.968859 0.993654 0.998733
 0.551248 0.860765 0.968859 0.993654 0.998733
 0.551248 0.860765 0.968859 0.993654 0.998733
 0.551248 0.860765 0.968859 0.993654 0.998733
 0.551248 0.860765 0.968859 0.993654 0.998733
 0.551248 0.860765 0.968859 0.993654 0.998733
 0.551248 0.860765 0.968859 0.993654 0.998733
 0.551248 0.860765 0.968859 0.993654 0.998733
 0.551248 0.860765 0.968859 0.993654 0.998733
 0.551248 0.860765 0.968859 0.993654 0.998733
 0.551248 0.860765 0.968859 0.993654 0.998733
 0.551248 0.860765 0.968859 0.993654 0.998733
 0.551248 0.860765 0.968859 0.993654 0.998733
 0.551248 0.860765 0.968859 0.993654 0.998733
 0.551248 0.860765 0.968859 0.993654 0.998733
 0.551248 0.860765 0.968859 0.993654 0.998733
 0.551248 0.860765 0.968859 0.993654 0.998733
 0.551248 0.860765 0.968859 0.993654 0.998733
 0.551248 0.860765 0.968859 0.993654 0.998733
 0.551248 0.860765 0.968859 0.993654 0.998733
 0.551248 0.860765 0.968859 0.993654 0.998733
 0.551248 0.860765 0.968859 0.993654 0.998733
 0.551248 0.860765 0.968859 0.993654 0.998733
 0.551248 0.860765 0.968859 0.993654 0.998733
 0.551248 0.860765 0.968859 0.993654 0.998733
 0.551248 0.860765 0.968859 0.993654 0.998733
Scru_pelaces
 0.912228 1 1 1 1
 0.912228 1 1 1 1
 0.912228 1 1 1 1
 0.912228 1 1 1 1
 0.912228 1 1 1 1
 0.912228 1 1 1 1
 0.912228 1 1 1 1
 0.912228 1 1 1 1
 0.912228 1 1 1 1
 0.912228 1 1 1 1
 0.912228 1 1 1 1
 0.912228 1 1 1 1
 0.912228 1 1 1 1
 0.912228 1 1 1 1
 0.912228 1 1 1 1
 0.912228 1 1 1 1
 0.912228 1 1 1 1
 0.912228 1 1 1 1
 0.912228 1 1 1 1
 0.912228 1 1 1 1
 0.912228 1 1 1 1
 0.912228 1 1 1 1
 0.912228 1 1 1 1
 0.912228 1 1 1 1
 0.912228 1 1 1 1
 0.912228 1 1 1 1
 0.912228 1 1 1 1
pf_obs 
 0.256992 0.487395 0.22802 0.0275931 0
 0.321318 0.546541 0.124235 0.00734118 0.000564706
 0.182869 0.594174 0.210203 0.0122559 0.00049798
 0.330522 0.361315 0.267642 0.0388342 0.00168674
 0.649043 0.306663 0.0425973 0.00169635 0
 0.582887 0.30429 0.105238 0.00758474 0
 0.465427 0.430635 0.0974691 0.00646863 0
 0.296916 0.608066 0.0921331 0.00288517 0
 0.311714 0.524322 0.152257 0.0117073 0
 0.15457 0.633149 0.183074 0.0267441 0.00246327
 0.131901 0.49318 0.331252 0.0422183 0.00144891
 0.196976 0.569456 0.194076 0.0375587 0.00193317
 0.518974 0.381816 0.0799577 0.0180837 0.00116848
 0.0928022 0.601141 0.25162 0.0475244 0.00691264
 0.122501 0.610282 0.24278 0.0234846 0.000952079
 0.383417 0.481906 0.127806 0.00687128 0
 0.0376549 0.599619 0.316969 0.0457579 0
 0.0361596 0.667082 0.258105 0.0386534 0
 0.158088 0.579412 0.248529 0.0139706 0
 0.0477256 0.309471 0.559284 0.082774 0.000745712
 0.0406174 0.521527 0.379366 0.0568643 0.0016247
 0.151134 0.462217 0.34131 0.0453401 0
 0.294876 0.26143 0.354403 0.0886775 0.000613685
 0.281977 0.475581 0.204845 0.0348837 0.00271318
 0.0841818 0.532909 0.334909 0.0458182 0.00218182
 0.115287 0.27431 0.454777 0.147771 0.00785563
 0.0989387 0.350907 0.424855 0.114687 0.0106128
pf_pred 
 0.293443 0.481389 0.201089 0.0240646 1.41579e-05
 0.270383 0.578724 0.120215 0.0275218 0.00315592
 0.142839 0.659244 0.172995 0.0200228 0.0048995
 0.247371 0.4804 0.238509 0.0296786 0.00404207
 0.264763 0.498115 0.174126 0.0554007 0.00759512
 0.13774 0.590472 0.205936 0.0486918 0.0171601
 0.251786 0.401151 0.271806 0.0575091 0.0177483
 0.191897 0.576299 0.150098 0.0644252 0.0172806
 0.241987 0.495756 0.212704 0.0325144 0.0170385
 0.230437 0.557965 0.162433 0.0401731 0.0089929
 0.129468 0.607172 0.214603 0.0377336 0.0110228
 0.137946 0.503668 0.290836 0.055497 0.0120528
 0.233997 0.475629 0.209029 0.0665408 0.0148035
 0.218988 0.640091 0.110185 0.0224767 0.00825863
 0.286952 0.630143 0.0779663 0.00394071 0.000997917
 0.311731 0.630418 0.055924 0.00182332 0.000103908
 0.19615 0.656925 0.140584 0.00614057 0.000200816
 0.233797 0.51866 0.220775 0.0256609 0.0011075
 0.210318 0.558922 0.18053 0.0449802 0.00525049
 0.263841 0.487621 0.199104 0.0389672 0.010467
 0.232206 0.554709 0.16314 0.0402927 0.00965337
 0.202608 0.521359 0.221259 0.0422261 0.0125483
 0.243208 0.475131 0.210648 0.057267 0.0137456
 0.239557 0.524623 0.172033 0.0480885 0.0156984
 0.101629 0.608228 0.226405 0.0468987 0.0168397
 0.12646 0.368623 0.387057 0.0925838 0.0252758
 0.160924 0.424011 0.220865 0.149909 0.0442906
pobs_RECLAS
 0 0 0 0 0
 0 0 0 0 0
 0 0 0 0 0
 0 0 0 0 0
 0.835266 0.146461 0.0176864 0.000547809 3.91292e-05
 0.385257 0.428462 0.181853 0.0044286 0
 0.867414 0.0963971 0.0333333 0.00285562 0
 0.441836 0.489002 0.0689373 0.000224442 0
 0.779404 0.147425 0.0564933 0.0165055 0.000172143
 0.814271 0.122319 0.05973 0.00367925 0
 0.40263 0.566651 0.0304383 0.000280538 0
 0.475488 0.404961 0.113038 0.00651328 0
 0.955842 0.0263864 0.0167828 0.000988607 0
 0.975058 0.0227948 0.00214734 0 0
 0.738997 0.206755 0.0527124 0.00153531 0
 0.850938 0.134255 0.0134407 0.00136685 0
 0.542534 0.407297 0.0501686 0 0
 0.764087 0.199537 0.0359546 0.000420521 0
 0.470689 0.182191 0.310203 0.0369168 0
 0.84361 0.089868 0.0606195 0.00523954 0.000663233
 0.607945 0.314616 0.071237 0.00620181 0
 0.523733 0.453247 0.0230204 0 0
 0.530135 0.295979 0.169645 0.0042399 0
 0.562478 0.366248 0.0663022 0.0049721 0
 0.250443 0.683176 0.0655157 0.000865301 0
 0.195077 0.31981 0.436473 0.0351445 0.0134964
 0.565238 0.351407 0.0832357 0.000118908 0
ppred_RECLAS
 0.690867 0.231061 0.0697587 0.00830809 4.90499e-06
 0.656861 0.288501 0.0435645 0.00993098 0.0011428
 0.480924 0.430117 0.0778396 0.00892789 0.00219174
 0.630093 0.259806 0.0964785 0.0119847 0.00163823
 0.645196 0.261041 0.068862 0.0218888 0.00301195
 0.453572 0.407584 0.105246 0.0248195 0.00877858
 0.642533 0.217114 0.10994 0.0232199 0.00719229
 0.552729 0.345228 0.0661322 0.0282943 0.00761649
 0.629877 0.266852 0.0837964 0.0127625 0.00671174
 0.605921 0.30769 0.0663457 0.0163664 0.00367694
 0.444719 0.423252 0.107673 0.0188342 0.00552097
 0.469094 0.350339 0.146641 0.0278553 0.00607083
 0.641866 0.252338 0.0763432 0.0240789 0.00537432
 0.656195 0.305409 0.0301831 0.00600228 0.00221064
 0.738492 0.244026 0.0164695 0.000807895 0.00020502
 0.702418 0.279628 0.0173604 0.000561646 3.2114e-05
 0.558597 0.38015 0.0586224 0.00254761 8.3605e-05
 0.616418 0.284026 0.0888209 0.0102895 0.000445676
 0.578862 0.32256 0.0771567 0.0191743 0.00224628
 0.652375 0.25247 0.0762579 0.0148844 0.00401254
 0.603993 0.30745 0.067812 0.0167237 0.00402142
 0.567072 0.310078 0.0984882 0.0187649 0.0055968
 0.626383 0.25905 0.0857085 0.0232563 0.00560255
 0.617563 0.286378 0.0700949 0.0195566 0.00640757
 0.36675 0.466622 0.130042 0.0268938 0.00969209
 0.443042 0.274876 0.216276 0.051653 0.0141533
 0.506042 0.284696 0.11138 0.0754956 0.0223873
pobs_PELACES
 0 0 0 0 0
 0 0 0 0 0
 0 0 0 0 0
 0 0 0 0 0
 0 0 0 0 0
 0 0 0 0 0
 0 0 0 0 0
 0 0 0 0 0
 0 0 0 0 0
 0 0 0 0 0
 0.450072 0.473896 0.0757376 0.000293798 0
 0 0 0 0 0
 0.463077 0.371075 0.160297 0.00555027 0
 0.529543 0.364841 0.0842815 0.0213345 0
 0.631943 0.363953 0.00410389 0 0
 0.735681 0.248677 0.0153453 0.000297389 0
 0.695825 0.281241 0.0229344 0 0
 0.275771 0.60734 0.115278 0.00161068 0
 0 0 0 0 0
 0.896147 0.0623911 0.0374545 0.00400742 0
 0.803859 0.145111 0.0509908 3.86294e-05 0
 0.739449 0.233085 0.0266225 0.000797448 4.60066e-05
 0.878498 0.100942 0.0204185 0.000141795 0
 0.694673 0.275183 0.0284847 0.00165964 0
 0.469039 0.446079 0.0841089 0.000773354 0
 0.822795 0.102175 0.0682046 0.00682512 0
 0.69333 0.244118 0.0624202 0.000131731 0
ppred_PELACES
 0.804752 0.154168 0.0368391 0.00423837 2.4883e-06
 0.772397 0.197847 0.0238888 0.005265 0.000602507
 0.656379 0.298244 0.0399062 0.00439739 0.00107318
 0.731779 0.197191 0.062464 0.00754103 0.00102539
 0.730595 0.204926 0.0476863 0.0147711 0.00202214
 0.582404 0.326081 0.0699045 0.0159863 0.00562389
 0.746263 0.164069 0.0706914 0.0145073 0.0044699
 0.680352 0.257981 0.0404281 0.0167537 0.00448536
 0.751078 0.189809 0.0482748 0.00711579 0.00372163
 0.71925 0.22795 0.0408453 0.00977177 0.00218356
 0.598917 0.322526 0.0644904 0.0108913 0.0031747
 0.622072 0.268534 0.0894208 0.0164156 0.00355775
 0.793797 0.157913 0.0352433 0.0106775 0.00236914
 0.844573 0.144394 0.00877602 0.00165204 0.000604384
 0.895014 0.100748 0.00400632 0.000185394 4.67246e-05
 0.82009 0.171614 0.00803146 0.000250023 1.4213e-05
 0.696696 0.269195 0.032692 0.0013719 4.47692e-05
 0.736384 0.205135 0.052355 0.00587351 0.000253015
 0.696773 0.242161 0.0481181 0.0115966 0.00135125
 0.760566 0.182731 0.0457284 0.00865405 0.00232039
 0.703798 0.23769 0.0451055 0.0108183 0.00258781
 0.676003 0.242394 0.0658017 0.0121863 0.00361558
 0.731813 0.195479 0.0548027 0.0144441 0.00346123
 0.722343 0.216566 0.0449414 0.0121799 0.00396955
 0.478549 0.400019 0.0953818 0.0191754 0.00687423
 0.565636 0.231711 0.156427 0.036325 0.00990123
 0.619996 0.233522 0.0790076 0.0521037 0.0153704
pobs_pel_tallas
 0 0 0 0 0 0 0 0 0 0 0 0 0 0 0 0 0 0 0 0 0 0 0 0 0 0 0 0 0 0 0 0 0 0 0 0
 0 0 0 0 0 0 0 0 0 0 0 0 0 0 0 0 0 0 0 0 0 0 0 0 0 0 0 0 0 0 0 0 0 0 0 0
 0 0 0 0 0 0 0 0 0 0 0 0 0 0 0 0 0 0 0 0 0 0 0 0 0 0 0 0 0 0 0 0 0 0 0 0
 0 0 0 0 0 0 0 0 0 0 0 0 0 0 0 0 0 0 0 0 0 0 0 0 0 0 0 0 0 0 0 0 0 0 0 0
 0 0 0 0 0 0 0 0 0 0 0 0 0 0 0 0 0 0 0 0 0 0 0 0 0 0 0 0 0 0 0 0 0 0 0 0
 0 0 0 0 0 0 0 0 0 0 0 0 0 0 0 0 0 0 0 0 0 0 0 0 0 0 0 0 0 0 0 0 0 0 0 0
 0 0 0 0 0 0 0 0 0 0 0 0 0 0 0 0 0 0 0 0 0 0 0 0 0 0 0 0 0 0 0 0 0 0 0 0
 0 0 0 0 0 0 0 0 0 0 0 0 0 0 0 0 0 0 0 0 0 0 0 0 0 0 0 0 0 0 0 0 0 0 0 0
 0 0 0 0 0 0 0 0 0 0 0 0 0 0 0 0 0 0 0 0 0 0 0 0 0 0 0 0 0 0 0 0 0 0 0 0
 0 0 0 0 0 0 0 0 0 0 0 0 0 0 0 0 0 0 0 0 0 0 0 0 0 0 0 0 0 0 0 0 0 0 0 0
 0 0 0 0 0 0 0 0 1.78061e-05 0.00172719 0.00360574 0.0105946 0.0120993 0.0124554 0.0147524 0.0171206 0.0266825 0.0428682 0.0675386 0.121331 0.153587 0.119568 0.100827 0.0573624 0.0630603 0.0341343 0.0324427 0.0444173 0.0211091 0.0280891 0.0125444 0.00206551 0 0 0 0
 0 0 0 0 0 0 0 0 0 0 0 0 0 0 0 0 0 0 0 0 0 0 0 0 0 0 0 0 0 0 0 0 0 0 0 0
 0 0 0 0 0 0 0.0133647 0.0140871 0.0187388 0.0205184 0.03894 0.0496705 0.03968 0.0493445 0.0407372 0.0367815 0.0215668 0.0243155 0.0234873 0.0199281 0.019796 0.0243948 0.0301388 0.0376714 0.0412746 0.0863199 0.0771752 0.113111 0.0741005 0.0525337 0.0229764 0.00759418 0.00175318 0 0 0
 0 0 0 0 0 0 0 0 0 0 0.00219441 0.00772107 0.0458388 0.0604681 0.0671733 0.0775358 0.0609151 0.0617685 0.073594 0.0568108 0.0755445 0.0548602 0.0670107 0.0636378 0.0643287 0.046367 0.0373049 0.0286899 0.0247887 0.0153202 0.00654259 0.00121912 0.000365735 0 0 0
 0 0 0 0 0 0 0 0 0 0 0 0 0.000112435 0.00938835 0.0111873 0.0202946 0.0414886 0.0713402 0.111592 0.104902 0.108894 0.110636 0.117776 0.105296 0.107544 0.0401394 0.0192827 0.0124803 0.00416011 0.0028671 0.000618394 0 0 0 0 0
 0 0 0 0 0 0 0 0 0 0 0.00291406 0.0102884 0.027416 0.0768956 0.0749926 0.110853 0.0956884 0.0897413 0.0766577 0.0534642 0.0500743 0.0551293 0.0594112 0.0620874 0.0668451 0.0424026 0.0208742 0.0120726 0.0048766 0.00582813 0.00118941 0.000297354 0 0 0 0
 0 0.00264628 0.0354308 0.0461629 0.0458689 0.0383711 0.0214643 0.0164657 0.0346957 0.0420465 0.0363128 0.0245516 0.0311673 0.0291091 0.0169068 0.0133784 0.00837989 0.0085269 0.0148486 0.0160247 0.0276389 0.0546898 0.0760071 0.122758 0.109233 0.0665981 0.0333725 0.0166128 0.00676272 0.00308733 0.000882094 0 0 0 0 0
 0 0 0 0 0 0 0 0.000805153 0.000690131 0.00759144 0.0133425 0.0154129 0.00931677 0.000345066 0.00356568 0.00563607 0.00851162 0.0253048 0.0502646 0.0516448 0.0657925 0.0565908 0.0611916 0.0827007 0.0866115 0.110766 0.145733 0.0935128 0.0569358 0.0249597 0.0138026 0.00621118 0.00161031 0.00115022 0 0
 0 0 0 0 0 0 0 0 0 0 0 0 0 0 0 0 0 0 0 0 0 0 0 0 0 0 0 0 0 0 0 0 0 0 0 0
 0.00147267 0.00158595 0.00478618 0.00569244 0.00954404 0.0108468 0.00647125 0.017049 0.0510054 0.094081 0.124002 0.0959785 0.0687766 0.0820023 0.061753 0.0591476 0.0492212 0.0479892 0.0443925 0.0268479 0.0217502 0.0140895 0.0121071 0.0120363 0.00920419 0.00665534 0.0049561 0.00860946 0.00930331 0.0156896 0.0114698 0.00855282 0.00243557 0.00046729 0 2.83206e-05
 0 0 0 0 0.000772559 0.00158375 0.000888443 0.00281984 0.00712685 0.0440552 0.0773331 0.111326 0.0921469 0.0852325 0.0710754 0.0886704 0.0786465 0.0553345 0.0373146 0.0185414 0.00753245 0.00457741 0.012979 0.0271748 0.0457355 0.0583668 0.034881 0.0177882 0.00938659 0.00492506 0.0015258 0.00185414 0.000309023 5.79419e-05 3.86279e-05 0
 0 0.00173294 0.00326652 0 0.00397197 0.00683976 0.00946217 0.0152591 0.00757587 0.0136028 0.0228656 0.0392903 0.0559909 0.0764795 0.0681675 0.0726916 0.0566044 0.0477403 0.0527397 0.0444891 0.0609904 0.0582453 0.0661739 0.0445044 0.0529084 0.0360697 0.0280645 0.0235558 0.0158879 0.00826598 0.00280645 0.00217768 0.000904811 0.00058276 9.20147e-05 0
 0 0 0 0 0 0 0 0 0 0 0 0 0 0 0 0 0 0 0 0 0 0 0 0 0 0 0 0 0 0 0 0 0 0 0 0
 0 0 0 0 0 0 0 0 0 0 0 0 0 0 0 0 0 0 0 0 0 0 0 0 0 0 0 0 0 0 0 0 0 0 0 0
 0 0 0 0 0 0 0 0 0 0 0 0 0 0 0 0 0 0 0 0 0 0 0 0 0 0 0 0 0 0 0 0 0 0 0 0
 0 0 0 0 0 0 0 0 0 0 0 0 0 0 0 0 0 0 0 0 0 0 0 0 0 0 0 0 0 0 0 0 0 0 0 0
 0 0 0 0 0 0 0 0 0 0 0 0 0 0 0 0 0 0 0 0 0 0 0 0 0 0 0 0 0 0 0 0 0 0 0 0
ppred_pel_tallas
 1.0072e-16 3.51099e-05 0.000206073 0.000979591 0.0037715 0.0117611 0.0297075 0.0607853 0.100757 0.135311 0.147238 0.129855 0.0929121 0.0541388 0.0261146 0.0112299 0.00563662 0.00480837 0.00597073 0.00790601 0.0101203 0.0123226 0.0142515 0.0156674 0.0163943 0.0163582 0.0156021 0.0142697 0.0125657 0.0107059 0.00887498 0.00720023 0.00574741 0.00453153 0.00353549 0.00272816
 1.00613e-16 3.37008e-05 0.000197796 0.000940234 0.00361995 0.0112885 0.0285138 0.0583432 0.0967109 0.129881 0.141341 0.124681 0.08927 0.0521366 0.0253729 0.0112938 0.00622507 0.00583437 0.00745568 0.00989541 0.01263 0.0153097 0.0176033 0.0192078 0.0199065 0.0196185 0.0184176 0.0165088 0.0141746 0.0117081 0.00935487 0.0072791 0.00555703 0.00419271 0.00314452 0.00235161
 1.00865e-16 2.8646e-05 0.000168111 0.000799086 0.00307646 0.0095936 0.0242328 0.0495848 0.0821966 0.110401 0.120173 0.106083 0.0761165 0.0447827 0.0224068 0.0110145 0.00754057 0.00834337 0.0111598 0.0149218 0.0190658 0.0231175 0.0265869 0.0290177 0.0300817 0.0296558 0.027849 0.024969 0.0214407 0.017706 0.0141362 0.0109808 0.00835748 0.00627528 0.00467403 0.00346381
 1.01259e-16 3.19298e-05 0.000187399 0.000890802 0.00342962 0.010695 0.0270146 0.0552758 0.0916266 0.123055 0.133915 0.118139 0.0846045 0.0494493 0.0241363 0.0108672 0.00617109 0.00595387 0.00769907 0.0102817 0.0132062 0.0161347 0.0187393 0.0207126 0.0218238 0.0219686 0.0211886 0.0196523 0.0176061 0.0153133 0.0130011 0.0108298 0.00888704 0.00720108 0.00576321 0.00454856
 1.01346e-16 3.18784e-05 0.000187096 0.000889363 0.00342408 0.0106777 0.026971 0.0551865 0.0914789 0.122857 0.133701 0.117955 0.0844805 0.0493934 0.0241396 0.0109196 0.00627013 0.00610423 0.00790729 0.0105506 0.01353 0.0164966 0.0191113 0.0210583 0.0221041 0.0221495 0.0212488 0.0195879 0.0174322 0.0150608 0.0127106 0.0105435 0.00864107 0.00702056 0.00565962 0.00452046
 1.01911e-16 2.54215e-05 0.000149178 0.000709069 0.00272986 0.00851274 0.0215027 0.043999 0.072939 0.0979727 0.10666 0.0941923 0.0676667 0.0399767 0.0203096 0.0104939 0.00784211 0.0091483 0.0124138 0.0166749 0.0213844 0.0260458 0.0301295 0.0331349 0.0346936 0.0346524 0.0331046 0.030355 0.0268347 0.0229963 0.0192232 0.0157763 0.0127853 0.0102736 0.00819913 0.00649327
 1.01765e-16 3.256e-05 0.000191102 0.000908413 0.00349744 0.0109064 0.0275488 0.0563685 0.0934369 0.125483 0.136549 0.120443 0.0862107 0.0503005 0.0243889 0.0107063 0.00569958 0.0051858 0.00660235 0.00882224 0.0113788 0.0139822 0.0163599 0.0182542 0.0194661 0.0198956 0.0195588 0.0185728 0.0171184 0.0153925 0.0135673 0.0117672 0.0100655 0.00849522 0.00706593 0.0057783
 1.01444e-16 2.96897e-05 0.000174242 0.000828241 0.00318873 0.00994372 0.0251172 0.0513938 0.085194 0.114422 0.124538 0.109908 0.0787997 0.0462375 0.0229057 0.0108824 0.00697035 0.00738228 0.00977536 0.0130683 0.0167284 0.0203383 0.0234752 0.0257452 0.0268623 0.0267136 0.0253833 0.0231232 0.0202844 0.0172318 0.0142714 0.0116074 0.0093358 0.00746497 0.00594989 0.00472494
 1.01166e-16 3.2771e-05 0.000192338 0.000914286 0.00352005 0.0109769 0.0277269 0.056733 0.0940418 0.126297 0.13744 0.121241 0.0868079 0.0507012 0.0246799 0.0109967 0.00608186 0.00572702 0.00734622 0.00978697 0.0125493 0.0153018 0.0177283 0.0195349 0.0205041 0.0205426 0.0196994 0.0181462 0.0161286 0.0139065 0.0117013 0.00966555 0.00787811 0.00635754 0.0050852 0.00402699
 1.01092e-16 3.13846e-05 0.000184195 0.000875567 0.00337096 0.010512 0.0265525 0.0543305 0.0900607 0.120954 0.131637 0.116148 0.083217 0.0487167 0.0239241 0.0110162 0.00659301 0.00663668 0.00866914 0.011565 0.0148009 0.0179949 0.0207702 0.0227766 0.0237595 0.0236169 0.0224216 0.020395 0.0178476 0.0151039 0.0124374 0.010033 0.00798068 0.0062924 0.00493193 0.00384314
 1.01544e-16 2.61415e-05 0.000153405 0.000729165 0.00280724 0.00875403 0.0221122 0.045246 0.0750058 0.100748 0.109678 0.0968491 0.0695579 0.0410588 0.0207941 0.0106374 0.00781789 0.00903286 0.0122243 0.0164036 0.0210169 0.0255681 0.0295317 0.0324121 0.0338467 0.0336877 0.0320336 0.0291937 0.0256035 0.0217196 0.0179288 0.0144944 0.0115468 0.00910788 0.00713133 0.00554234
 1.02088e-16 2.7149e-05 0.000159325 0.000757319 0.00291566 0.00909215 0.0229662 0.0469929 0.0778999 0.104629 0.113888 0.100532 0.0721253 0.0424189 0.0211969 0.0103791 0.00706355 0.00780623 0.0104765 0.0140839 0.0181222 0.0221732 0.0257994 0.0285833 0.0302093 0.0305313 0.0295999 0.0276362 0.0249663 0.0219392 0.0188559 0.0159288 0.0132747 0.0109333 0.00889717 0.0071398
 1.0103e-16 3.46324e-05 0.000203269 0.00096626 0.00372017 0.011601 0.0293032 0.0599581 0.0993864 0.133471 0.145236 0.128093 0.0916594 0.0534244 0.0257992 0.0111446 0.00566771 0.00490641 0.00612497 0.00812105 0.0104035 0.0126791 0.0146821 0.0161687 0.0169597 0.0169795 0.0162712 0.0149796 0.0133104 0.0114798 0.00967074 0.00800787 0.00655348 0.00531956 0.00428743 0.00342645
 1.00257e-16 3.68458e-05 0.000216266 0.00102805 0.00395808 0.0123429 0.0311772 0.0637923 0.105741 0.142002 0.154513 0.13626 0.0974686 0.0567406 0.0272692 0.0115524 0.00553978 0.0044703 0.00542543 0.00712735 0.00906696 0.0109578 0.0125522 0.0136293 0.0140341 0.0137134 0.0127286 0.0112382 0.00945728 0.00760744 0.00587299 0.00437534 0.00316811 0.00224895 0.00157979 0.00110746
 1.00099e-16 3.90435e-05 0.000229172 0.00108942 0.00419437 0.0130798 0.0330385 0.0676003 0.112052 0.150472 0.163717 0.144346 0.103188 0.0599384 0.0285597 0.0116755 0.00497062 0.00338395 0.00382193 0.00495223 0.00628325 0.00758254 0.00867102 0.00939394 0.00964384 0.00938505 0.00866259 0.00758963 0.00631901 0.00500779 0.00378653 0.00274093 0.00190835 0.00128608 0.00084564 0.000547505
 1.0018e-16 3.57794e-05 0.000210002 0.000998266 0.0038434 0.0119853 0.0302739 0.0619442 0.102679 0.137893 0.150049 0.13234 0.0947032 0.0552081 0.0266773 0.01155 0.00590598 0.00513071 0.00638935 0.00842652 0.0107176 0.0129405 0.0148036 0.0160453 0.0164822 0.0160528 0.0148329 0.0130143 0.0108564 0.00862592 0.00654494 0.00475949 0.00333369 0.00226368 0.00150201 0.00098236
 1.00602e-16 3.04028e-05 0.000178428 0.000848139 0.00326534 0.0101826 0.0257206 0.0526286 0.0872409 0.117172 0.127531 0.112551 0.0806977 0.0473575 0.0234714 0.011168 0.00717206 0.00760287 0.0100562 0.0134165 0.0171273 0.0207484 0.0238348 0.0259742 0.0268719 0.0264189 0.0247178 0.022051 0.0188073 0.0153906 0.0121402 0.00928397 0.00692858 0.00508079 0.00368312 0.00265003
 1.01024e-16 3.21309e-05 0.000188579 0.000896409 0.00345121 0.0107623 0.0271847 0.0556238 0.0922036 0.12383 0.13476 0.118888 0.0851469 0.0497791 0.0243207 0.010989 0.0062923 0.00611036 0.00790802 0.0105472 0.0135199 0.0164747 0.0190701 0.020988 0.0219929 0.0219844 0.021017 0.0192785 0.0170381 0.0145804 0.0121493 0.0099137 0.00796202 0.00631621 0.00495632 0.00384408
 1.01224e-16 3.04051e-05 0.000178444 0.000848219 0.00326566 0.0101836 0.0257231 0.0526335 0.0872483 0.117179 0.127534 0.11254 0.0806598 0.0472754 0.0233203 0.0109137 0.00677205 0.00701088 0.00923134 0.012336 0.0157998 0.0192249 0.0222124 0.0243899 0.0254848 0.0253859 0.0241663 0.022057 0.0193834 0.0164866 0.0136551 0.0110852 0.00887406 0.00703767 0.00554183 0.00433152
 1.01115e-16 3.31844e-05 0.000194766 0.000925829 0.00356449 0.0111155 0.028077 0.0574493 0.0952288 0.12789 0.139171 0.122763 0.0878854 0.0513062 0.0249287 0.01103 0.00599069 0.00554608 0.00707701 0.00941996 0.0120769 0.014725 0.017059 0.0187962 0.0197272 0.0197623 0.0189491 0.0174528 0.0155102 0.0133714 0.0112493 0.00929079 0.00757142 0.00610887 0.00488505 0.00386707
 1.01211e-16 3.07113e-05 0.000180241 0.000856767 0.00329857 0.0102863 0.0259823 0.0531639 0.0881273 0.118359 0.128816 0.113667 0.0814589 0.0477256 0.0235085 0.0109447 0.00671448 0.00689137 0.00905176 0.0120894 0.0154799 0.0188304 0.021749 0.0238707 0.0249287 0.0248154 0.0236041 0.0215231 0.0188933 0.0160505 0.0132783 0.0107687 0.00861578 0.00683356 0.0053864 0.00421837
 1.01601e-16 2.94995e-05 0.000173127 0.000822941 0.00316833 0.0098801 0.0249565 0.0510649 0.0846484 0.113689 0.123737 0.109195 0.0782747 0.0459025 0.0226903 0.0106994 0.00675022 0.00708015 0.00936649 0.0125464 0.0161084 0.0196599 0.0228031 0.025163 0.0264603 0.0265727 0.0255585 0.0236321 0.0211022 0.0182958 0.0154926 0.0128862 0.010578 0.00859429 0.00691557 0.00550323
 1.015e-16 3.19312e-05 0.000187407 0.000890842 0.00342978 0.0106954 0.0270159 0.0552783 0.0916307 0.12306 0.13392 0.118143 0.0846044 0.0494441 0.024124 0.0108449 0.00613479 0.0058985 0.00761914 0.0101724 0.0130643 0.0159605 0.0185373 0.0204922 0.0215991 0.0217576 0.0210115 0.0195291 0.0175543 0.0153456 0.0131235 0.0110409 0.00917759 0.00755524 0.00616026 0.00496541
 1.01313e-16 3.1519e-05 0.000184986 0.000879326 0.00338543 0.0105571 0.0266666 0.0545637 0.0904469 0.121472 0.132198 0.116636 0.0835525 0.0488845 0.0239534 0.0109409 0.00642813 0.00637767 0.0083025 0.0110797 0.014197 0.0172896 0.0199999 0.0219947 0.0230298 0.0230041 0.0219801 0.0201605 0.0178317 0.015294 0.0128009 0.0105247 0.00855024 0.00689181 0.00552045 0.00439005
 1.02465e-16 2.0896e-05 0.000122602 0.00058271 0.00224332 0.00699547 0.0176703 0.0361582 0.059945 0.0805313 0.0877046 0.0775297 0.0558648 0.0333427 0.0175648 0.010095 0.00878628 0.0110494 0.0152497 0.0205468 0.0263762 0.0321546 0.0372375 0.0410097 0.0430157 0.0430617 0.0412549 0.0379606 0.0336999 0.0290218 0.0243931 0.0201336 0.0164061 0.0132454 0.0106079 0.00841785
 1.04007e-16 2.46868e-05 0.000144872 0.000688618 0.00265115 0.00826731 0.0208827 0.0427296 0.0708326 0.0951368 0.103556 0.09141 0.0655797 0.0385675 0.0192716 0.00944189 0.00644734 0.00717047 0.00969525 0.0131502 0.0171099 0.021229 0.0251377 0.0284667 0.0309138 0.0323003 0.032597 0.0319086 0.0304281 0.028379 0.0259666 0.0233512 0.0206461 0.0179307 0.0152684 0.012719
 1.03707e-16 2.70569e-05 0.000158788 0.000754774 0.00290587 0.00906164 0.0228891 0.0468349 0.0776369 0.104273 0.113493 0.100165 0.0718224 0.0421611 0.0209211 0.0100026 0.00650137 0.00697917 0.00931785 0.0125521 0.0162175 0.0199532 0.0233868 0.0261613 0.0280017 0.0287729 0.0285007 0.0273496 0.0255673 0.0234169 0.0211201 0.0188271 0.0166158 0.0145118 0.0125152 0.0106246
pSPR Fmed_Fpbrs
0.526766   0.6 0.325
Fs Fmed_Fpbrs
0.64   0.466422 1.63048
SSBpbr Bo_Bmed_Bpbrs
840130  400545  462072 231036
Ro
35046.6
SPR SPRFo_SPRFmed_SPRFpbrs
726034 382450 235961
log_Ro
10.2844
likeval ReclasPelacesDesembMPH_pf_preclas_ppelaces_ptallas_desvR_qrecl_qpela
 65.0912 14.9622 0.00968956 0.000565288 344.789 214.535 59.7241 0 16.4735 6.10066e-07 7.01407e-05 1.6128e-14 0 0 0
q_reclas_q_pelaces
0.895225 3.29205
M
0.7
N
 35690 10404.4 3324.66 391.555 0.230169
 43101.2 16056.9 2526.86 568.91 65.179
 20922.6 19561.2 4154.28 475.112 116.184
 30173.4 8880.75 3116.13 379.307 51.5991
 54800.2 14471.9 3428.6 1063.56 145.611
 39225.4 27047.6 6876.11 1594.2 561.247
 75705.6 18382.7 8829.09 1827.81 563.44
 72684.4 36232.6 6987.59 2944.47 789.016
 96862.2 33636.8 10796.1 1621.45 848.891
 114350 44444.6 9421.33 2284.64 510.889
 63463.9 53633.2 14594 2526.54 737.447
 44202.4 28383.2 12476.9 2342.24 508.246
 48309.1 19974.1 7115.97 2238.58 497.711
 25733.9 20465.5 3137.52 636.273 233.714
 14744.1 9332.38 1042.56 52.426 13.2724
 13043.2 5154.8 364.705 11.7374 0.668435
 9362.61 5628.59 925.689 39.8055 1.30069
 11333.5 4194.22 1325.22 151.247 6.52139
 12260.5 5234.31 1231.58 300.878 35.0844
 19252.6 5748.67 1714.8 329.143 88.3198
 25362.1 9006.83 1852.87 447.297 107.034
 31557.2 12253.8 3666.86 684.437 203.153
 50449.6 15160.7 4787.82 1274.06 305.46
 71509.6 24059.3 5616.09 1536.54 501.03
 37870.9 34119.2 8943.83 1811.81 649.788
 41763.9 18210.5 13419.7 3138.36 855.759
 51996.7 20131 7288.76 4833.07 1426.16
pred_Ctot
 2426.86 3981.22 1663.06 199.021 0.11709
 2681.77 5740.03 1192.34 272.972 31.3017
 2205.37 10178.5 2670.97 309.145 75.6463
 742.577 1442.1 715.976 89.0917 12.1338
 239.585 450.746 157.567 50.1323 6.87286
 1592.62 6827.34 2381.14 563 198.414
 1976.31 3148.7 2133.45 451.399 139.31
 3573.07 10730.5 2794.77 1199.58 321.76
 5318.58 10896.1 4674.96 714.626 374.486
 4579 11087.3 3227.7 798.28 178.698
 4563.3 21400.6 7564.01 1329.98 388.513
 2877.55 10506.5 6066.82 1157.67 251.421
 5150.7 10469.4 4601.11 1464.68 325.851
 5082.54 14856 2557.32 521.665 191.676
 3201.97 7031.5 869.992 43.9727 11.1353
 1238.73 2505.1 222.226 7.24535 0.412901
 663.028 2220.55 475.202 20.7564 0.678803
 572.606 1270.28 540.712 62.8474 2.71244
 493.621 1311.81 423.709 105.57 12.3231
 804.71 1487.23 607.263 118.849 31.924
 494.128 1180.41 347.157 85.7419 20.5421
 740.222 1904.77 808.362 154.272 45.8448
 1441.84 2816.77 1248.81 339.502 81.4896
 2019.65 4422.98 1450.37 405.423 132.35
 864.122 5171.57 1925.05 398.764 143.183
 882.487 2572.4 2701.04 646.087 176.385
 852.642 2246.58 1170.23 794.278 234.669
F
 0.0987315 0.715252 1.0654 1.09358 1.0951
 0.0900004 0.652 0.971183 0.996867 0.998257
 0.156943 1.13696 1.69355 1.73834 1.74076
 0.0347488 0.251735 0.37497 0.384887 0.385424
 0.00609564 0.0441593 0.0657773 0.0675169 0.067611
 0.0579132 0.419547 0.624934 0.641461 0.642356
 0.0368943 0.267277 0.398121 0.40865 0.40922
 0.0705055 0.510771 0.760816 0.780938 0.782026
 0.0790464 0.572645 0.85298 0.875538 0.876759
 0.0570969 0.413634 0.616126 0.63242 0.633302
 0.104672 0.758288 1.1295 1.15937 1.16099
 0.0943427 0.683458 1.01804 1.04496 1.04642
 0.158881 1.151 1.71447 1.75981 1.76226
 0.31432 2.27706 3.39179 3.48149 3.48634
 0.350913 2.54216 3.78665 3.8868 3.89222
 0.140404 1.01715 1.51508 1.55515 1.55732
 0.103015 0.746284 1.11162 1.14102 1.14261
 0.0725267 0.525414 0.782627 0.803325 0.804445
 0.0574148 0.415937 0.619556 0.635942 0.636828
 0.0596644 0.432234 0.643831 0.660858 0.661779
 0.0274207 0.198647 0.295894 0.303719 0.304143
 0.0330956 0.239759 0.357131 0.366576 0.367087
 0.0404547 0.293071 0.436542 0.448087 0.448712
 0.0399697 0.289557 0.431308 0.442715 0.443332
 0.0321813 0.233134 0.347264 0.356448 0.356945
 0.0297701 0.215667 0.321245 0.329741 0.330201
 0.0230344 0.166871 0.248561 0.255135 0.255491
Np
 24496.5 11663.7 9239.9 2668.87 1153.96
YTP_r0W_actual
 12502.4 94012.6 64361.5 53428.3 17943.1
YTP_p0W_proyectada
 6253.66 111534 73796 31439.5 32961.8
 6253.66 51555.8 80595.6 29723.8 14772.6
CTP_r0_actual
 1543.51 3868.83 1962.24 1329.06 392.627
CTP_p0_proyectada
 727.17 4849.3 2277.66 776.285 708.856
 727.17 2241.56 2487.52 733.922 317.69
Wmedp
 8.6 23 32.4 40.5 46.5
nmprior
 10.8 10.9 4.6 0
nm_flota  nm_reclas  nm_pelaces    nm_pelaL
inf 23.0181 17.9731 76.1966
cv_recla  cv_pelaces  cv_mph
0.698702 0.410274 0.635435
 ------------------------------------------------
Talla a la edad & desviaci?n 
 7.2 14.2025 17.0495 18.207 18.6776
 1.08 2.13037 2.55742 2.73105 2.80164
