years
 1997 1998 1999 2000 2001 2002 2003 2004 2005 2006 2007 2008 2009 2010 2011 2012 2013 2014 2015 2016 2017 2018 2019 2020 2021 2022 2023
reclasobs
 0 0 0 370054 412103 1.49427e+06 250295 1.28982e+06 931140 785840 897777 1.04006e+06 184774 17550 25797 100020 73551 82996 120727 218422 84188 347160 605670 569463 516374 1.08416e+06 1.01767e+06
reclaspred
 500768 129271 324672 214054 343505 435638 952852 664913 755876 792353 681514 467563 279864 112776 67949.6 68175 80371.6 108282 120882 162726 247191 237089 400372 524174 712633 690853 662340
pelacesobs
 0 0 0 0 0 0 0 0 0 2.06254e+06 1.5e+06 0 1.87456e+06 323000 250000 174000 83755 137374 0 501740 490994 745055 786931 1.00524e+06 1.33801e+06 1.41789e+06 1.42762e+06
pelacespred
 2.08424e+06 404516 653844 659319 960910 853733 2.55303e+06 1.97993e+06 2.14789e+06 2.22482e+06 1.57576e+06 1.11619e+06 709294 229886 152088 151998 184264 259132 275336 380305 672401 580223 804677 1.22948e+06 1.57314e+06 1.61167e+06 1.57e+06
mphobs
 0 0 0 0 0 112323 0 153150 637223 0 255016 313432 73983 77613 109348 50772 17779 17303 59886 28197 0 207744 136588 643089 65757 70829 0
mphpred
 153217 84052.3 92655.2 85992.2 98208.7 166475 235937 302164 263783 287950 302811 207438 126752 66946.5 29232.6 24558.1 27191 34605.5 43908.2 50503.3 76239 94118.7 115997 162957 246035 265905 244292
desembarqueobs
 350755 77701 442110 56441 14545 235359 269955 359681 431902 328805 639364 411747 362871 311530 167758 66681 60226 58785 57116 73181 50977 67692 138656 160484 209506 203330 142539
desembarquepred
 350760 77699.2 442089 56444.9 14545.4 235456 270032 359673 431947 328808 639297 411788 362935 311637 167578 66673.8 60252.1 58778.3 57099.8 73176.9 50979.5 67681.3 138660 160498 209497 203314 142536
Reclutas
 35726.8 43181.1 21002.3 30221.8 54803.3 39379.8 75587.1 73100.9 97166.4 114030 63516 44332.9 48221.8 25676.4 14781 13029.9 9358.02 11345.3 12320.9 19248.5 25346.1 31605.8 50551.1 71382.8 37972.1 41953.1 51994.2
log_desv_Rt
 0.0180544 0.207557 -0.513213 -0.149281 0.445905 0.115408 0.767441 0.733995 1.01858 1.17861 0.593446 0.233882 0.317966 -0.312273 -0.864506 -0.990595 -1.32161 -1.12904 -1.04655 -0.600412 -0.325219 -0.104503 0.365139 0.710212 0.0790059 0.178706 0.393287
SSB
 426818 234145 258111 239549 273581 463750 657252 841741 734822 802144 843544 577863 353095 186494 81433.6 68411.9 75746.3 96400.9 122316 140687 212380 262187 323135 453952 685383 740734 680526
BT
 1.50422e+06 361409 617461 435252 561036 663471 1.66439e+06 1.53331e+06 1.63308e+06 1.58736e+06 1.46308e+06 1.00571e+06 756547 417241 223565 141615 154368 195945 204101 277093 426494 389245 553270 833136 1.04476e+06 1.07732e+06 1.00424e+06
Ftot
 1.09279 0.995499 1.73262 0.382947 0.0673187 0.640722 0.407933 0.78032 0.872325 0.629832 1.1582 1.04426 1.75471 3.47428 3.88686 1.55203 1.14109 0.803871 0.635764 0.65901 0.303373 0.36665 0.447955 0.442347 0.356707 0.32986 0.254744
BD_Bspro_t
 0.903771 0.626714 0.544033 0.355156 0.511936 0.693704 0.637596 0.66299 0.596705 0.572301 0.552714 0.389241 0.282814 0.191519 0.104857 0.107915 0.159033 0.255233 0.357646 0.449686 0.580731 0.691563 0.699112 0.706142 0.731551 0.688074 0.665951
BD_Bspro
 0.58719 0.322123 0.355093 0.329558 0.376376 0.638 0.904209 1.15802 1.01092 1.10354 1.1605 0.794989 0.485767 0.256567 0.112031 0.094117 0.104207 0.132623 0.168274 0.193549 0.292179 0.360702 0.44455 0.62452 0.942909 1.01906 0.936227
BD_Bo
 0.506877 0.278064 0.306525 0.284482 0.324897 0.550737 0.780534 0.999627 0.872654 0.952604 1.00177 0.686253 0.419325 0.221474 0.0967082 0.081244 0.0899541 0.114483 0.145258 0.167076 0.252216 0.311366 0.383746 0.5391 0.813941 0.879674 0.808173
BD_Brms
 0.921594 0.505572 0.557318 0.51724 0.590722 1.00134 1.41915 1.8175 1.58664 1.73201 1.8214 1.24773 0.76241 0.402681 0.175833 0.147716 0.163553 0.208151 0.264106 0.303775 0.458575 0.566121 0.69772 0.980182 1.47989 1.59941 1.46941
S_f
 0.0903296 0.653582 0.972861 0.998534 0.999923
 0.0903296 0.653582 0.972861 0.998534 0.999923
 0.0903296 0.653582 0.972861 0.998534 0.999923
 0.0903296 0.653582 0.972861 0.998534 0.999923
 0.0903296 0.653582 0.972861 0.998534 0.999923
 0.0903296 0.653582 0.972861 0.998534 0.999923
 0.0903296 0.653582 0.972861 0.998534 0.999923
 0.0903296 0.653582 0.972861 0.998534 0.999923
 0.0903296 0.653582 0.972861 0.998534 0.999923
 0.0903296 0.653582 0.972861 0.998534 0.999923
 0.0903296 0.653582 0.972861 0.998534 0.999923
 0.0903296 0.653582 0.972861 0.998534 0.999923
 0.0903296 0.653582 0.972861 0.998534 0.999923
 0.0903296 0.653582 0.972861 0.998534 0.999923
 0.0903296 0.653582 0.972861 0.998534 0.999923
 0.0903296 0.653582 0.972861 0.998534 0.999923
 0.0903296 0.653582 0.972861 0.998534 0.999923
 0.0903296 0.653582 0.972861 0.998534 0.999923
 0.0903296 0.653582 0.972861 0.998534 0.999923
 0.0903296 0.653582 0.972861 0.998534 0.999923
 0.0903296 0.653582 0.972861 0.998534 0.999923
 0.0903296 0.653582 0.972861 0.998534 0.999923
 0.0903296 0.653582 0.972861 0.998534 0.999923
 0.0903296 0.653582 0.972861 0.998534 0.999923
 0.0903296 0.653582 0.972861 0.998534 0.999923
 0.0903296 0.653582 0.972861 0.998534 0.999923
 0.0903296 0.653582 0.972861 0.998534 0.999923
Scru_reclas
 0.548822 0.859586 0.968562 0.993592 0.99872
 0.548822 0.859586 0.968562 0.993592 0.99872
 0.548822 0.859586 0.968562 0.993592 0.99872
 0.548822 0.859586 0.968562 0.993592 0.99872
 0.548822 0.859586 0.968562 0.993592 0.99872
 0.548822 0.859586 0.968562 0.993592 0.99872
 0.548822 0.859586 0.968562 0.993592 0.99872
 0.548822 0.859586 0.968562 0.993592 0.99872
 0.548822 0.859586 0.968562 0.993592 0.99872
 0.548822 0.859586 0.968562 0.993592 0.99872
 0.548822 0.859586 0.968562 0.993592 0.99872
 0.548822 0.859586 0.968562 0.993592 0.99872
 0.548822 0.859586 0.968562 0.993592 0.99872
 0.548822 0.859586 0.968562 0.993592 0.99872
 0.548822 0.859586 0.968562 0.993592 0.99872
 0.548822 0.859586 0.968562 0.993592 0.99872
 0.548822 0.859586 0.968562 0.993592 0.99872
 0.548822 0.859586 0.968562 0.993592 0.99872
 0.548822 0.859586 0.968562 0.993592 0.99872
 0.548822 0.859586 0.968562 0.993592 0.99872
 0.548822 0.859586 0.968562 0.993592 0.99872
 0.548822 0.859586 0.968562 0.993592 0.99872
 0.548822 0.859586 0.968562 0.993592 0.99872
 0.548822 0.859586 0.968562 0.993592 0.99872
 0.548822 0.859586 0.968562 0.993592 0.99872
 0.548822 0.859586 0.968562 0.993592 0.99872
 0.548822 0.859586 0.968562 0.993592 0.99872
Scru_pelaces
 0.911942 1 1 1 1
 0.911942 1 1 1 1
 0.911942 1 1 1 1
 0.911942 1 1 1 1
 0.911942 1 1 1 1
 0.911942 1 1 1 1
 0.911942 1 1 1 1
 0.911942 1 1 1 1
 0.911942 1 1 1 1
 0.911942 1 1 1 1
 0.911942 1 1 1 1
 0.911942 1 1 1 1
 0.911942 1 1 1 1
 0.911942 1 1 1 1
 0.911942 1 1 1 1
 0.911942 1 1 1 1
 0.911942 1 1 1 1
 0.911942 1 1 1 1
 0.911942 1 1 1 1
 0.911942 1 1 1 1
 0.911942 1 1 1 1
 0.911942 1 1 1 1
 0.911942 1 1 1 1
 0.911942 1 1 1 1
 0.911942 1 1 1 1
 0.911942 1 1 1 1
 0.911942 1 1 1 1
pf_obs 
 0.256992 0.487395 0.22802 0.0275931 0
 0.321318 0.546541 0.124235 0.00734118 0.000564706
 0.182869 0.594174 0.210203 0.0122559 0.00049798
 0.330522 0.361315 0.267642 0.0388342 0.00168674
 0.649043 0.306663 0.0425973 0.00169635 0
 0.582887 0.30429 0.105238 0.00758474 0
 0.465427 0.430635 0.0974691 0.00646863 0
 0.296916 0.608066 0.0921331 0.00288517 0
 0.311714 0.524322 0.152257 0.0117073 0
 0.15457 0.633149 0.183074 0.0267441 0.00246327
 0.131901 0.49318 0.331252 0.0422183 0.00144891
 0.196976 0.569456 0.194076 0.0375587 0.00193317
 0.518974 0.381816 0.0799577 0.0180837 0.00116848
 0.0928022 0.601141 0.25162 0.0475244 0.00691264
 0.122501 0.610282 0.24278 0.0234846 0.000952079
 0.383417 0.481906 0.127806 0.00687128 0
 0.0376549 0.599619 0.316969 0.0457579 0
 0.0361596 0.667082 0.258105 0.0386534 0
 0.158088 0.579412 0.248529 0.0139706 0
 0.0477256 0.309471 0.559284 0.082774 0.000745712
 0.0406174 0.521527 0.379366 0.0568643 0.0016247
 0.151134 0.462217 0.34131 0.0453401 0
 0.294876 0.26143 0.354403 0.0886775 0.000613685
 0.281977 0.475581 0.204845 0.0348837 0.00271318
 0.0841818 0.532909 0.334909 0.0458182 0.00218182
 0.115287 0.27431 0.454777 0.147771 0.00785563
 0.0989387 0.350907 0.424855 0.114687 0.0106128
pf_pred 
 0.293639 0.481278 0.201014 0.024055 1.41533e-05
 0.270645 0.578398 0.120233 0.0275633 0.00316103
 0.143015 0.658953 0.173038 0.0200741 0.0049195
 0.246843 0.48031 0.238925 0.0298452 0.00407654
 0.26439 0.497683 0.174547 0.0557101 0.00767053
 0.138208 0.589653 0.205952 0.0488918 0.0172951
 0.251166 0.401993 0.271406 0.057576 0.0178598
 0.192934 0.574704 0.15055 0.0644555 0.0173568
 0.24191 0.496718 0.211725 0.0325937 0.0170529
 0.229241 0.558235 0.163274 0.0401927 0.0090575
 0.129639 0.60544 0.215656 0.0381562 0.0111093
 0.138321 0.503552 0.290055 0.0558698 0.0122025
 0.233177 0.476267 0.209106 0.0665 0.014951
 0.218502 0.639414 0.111036 0.0226978 0.00835007
 0.287781 0.628862 0.0783228 0.00401457 0.0010196
 0.311119 0.631079 0.055855 0.00183967 0.00010642
 0.196199 0.656217 0.141211 0.0061686 0.000204004
 0.234266 0.518259 0.220549 0.0258111 0.00111463
 0.21123 0.558541 0.180056 0.0448961 0.00527737
 0.263232 0.488665 0.198776 0.0388691 0.0104571
 0.232033 0.554004 0.163906 0.0403857 0.00967164
 0.203055 0.520781 0.221086 0.0424828 0.0125945
 0.243633 0.475203 0.210149 0.0571983 0.0138169
 0.239114 0.525083 0.172067 0.0480214 0.0157156
 0.102038 0.607239 0.226854 0.0470052 0.0168629
 0.127052 0.369214 0.385751 0.0926785 0.0253047
 0.160711 0.424918 0.220821 0.149255 0.0442962
pobs_RECLAS
 0 0 0 0 0
 0 0 0 0 0
 0 0 0 0 0
 0 0 0 0 0
 0.835266 0.146461 0.0176864 0.000547809 3.91292e-05
 0.385257 0.428462 0.181853 0.0044286 0
 0.867414 0.0963971 0.0333333 0.00285562 0
 0.441836 0.489002 0.0689373 0.000224442 0
 0.779404 0.147425 0.0564933 0.0165055 0.000172143
 0.814271 0.122319 0.05973 0.00367925 0
 0.40263 0.566651 0.0304383 0.000280538 0
 0.475488 0.404961 0.113038 0.00651328 0
 0.955842 0.0263864 0.0167828 0.000988607 0
 0.975058 0.0227948 0.00214734 0 0
 0.738997 0.206755 0.0527124 0.00153531 0
 0.850938 0.134255 0.0134407 0.00136685 0
 0.542534 0.407297 0.0501686 0 0
 0.764087 0.199537 0.0359546 0.000420521 0
 0.470689 0.182191 0.310203 0.0369168 0
 0.84361 0.089868 0.0606195 0.00523954 0.000663233
 0.607945 0.314616 0.071237 0.00620181 0
 0.523733 0.453247 0.0230204 0 0
 0.530135 0.295979 0.169645 0.0042399 0
 0.562478 0.366248 0.0663022 0.0049721 0
 0.250443 0.683176 0.0655157 0.000865301 0
 0.195077 0.31981 0.436473 0.0351445 0.0134964
 0.565238 0.351407 0.0832357 0.000118908 0
ppred_RECLAS
 0.690022 0.231584 0.0700439 0.00834453 4.92713e-06
 0.656103 0.288999 0.0437569 0.00999165 0.00114997
 0.479964 0.430645 0.0781882 0.008992 0.00221096
 0.628315 0.260716 0.0971837 0.0121227 0.00166199
 0.643721 0.261702 0.0693861 0.0221317 0.0030587
 0.453391 0.40724 0.105508 0.0249893 0.00887217
 0.640568 0.21838 0.110388 0.0233832 0.00728031
 0.553268 0.344246 0.0664515 0.0283677 0.00766673
 0.628507 0.26808 0.0838031 0.012858 0.00675158
 0.60319 0.309421 0.0671621 0.0164958 0.003731
 0.44402 0.422691 0.108584 0.0191188 0.00558612
 0.468609 0.350479 0.146624 0.0281236 0.00616436
 0.639502 0.25386 0.0769217 0.0242468 0.00546937
 0.654336 0.306613 0.0306785 0.00611656 0.00225563
 0.738401 0.243941 0.0166204 0.000827151 0.000210534
 0.700813 0.28113 0.0174534 0.000570623 3.31209e-05
 0.5576 0.380612 0.0591327 0.00257086 8.53222e-05
 0.615919 0.284221 0.0890223 0.0103871 0.000450186
 0.579017 0.32242 0.0771148 0.0191842 0.00226331
 0.650485 0.253976 0.0765693 0.0149369 0.00403327
 0.602702 0.307951 0.0684513 0.0168463 0.00404944
 0.566596 0.310116 0.0987093 0.0189419 0.00563643
 0.625753 0.259489 0.0857923 0.0233135 0.0056525
 0.615844 0.287596 0.070473 0.0196368 0.00645022
 0.366734 0.465962 0.13056 0.0270168 0.00972823
 0.443006 0.275185 0.215827 0.0517891 0.0141931
 0.504301 0.285925 0.1118 0.0754875 0.0224871
pobs_PELACES
 0 0 0 0 0
 0 0 0 0 0
 0 0 0 0 0
 0 0 0 0 0
 0 0 0 0 0
 0 0 0 0 0
 0 0 0 0 0
 0 0 0 0 0
 0 0 0 0 0
 0 0 0 0 0
 0.450072 0.473896 0.0757376 0.000293798 0
 0 0 0 0 0
 0.463077 0.371075 0.160297 0.00555027 0
 0.529543 0.364841 0.0842815 0.0213345 0
 0.631943 0.363953 0.00410389 0 0
 0.735681 0.248677 0.0153453 0.000297389 0
 0.695825 0.281241 0.0229344 0 0
 0.275771 0.60734 0.115278 0.00161068 0
 0 0 0 0 0
 0.896147 0.0623911 0.0374545 0.00400742 0
 0.803859 0.145111 0.0509908 3.86294e-05 0
 0.739449 0.233085 0.0266225 0.000797448 4.60066e-05
 0.878498 0.100942 0.0204185 0.000141795 0
 0.694673 0.275183 0.0284847 0.00165964 0
 0.469039 0.446079 0.0841089 0.000773354 0
 0.822795 0.102175 0.0682046 0.00682512 0
 0.69333 0.244118 0.0624202 0.000131731 0
ppred_PELACES
 0.804541 0.154296 0.0369126 0.00424722 2.4937e-06
 0.772242 0.197921 0.023947 0.00528566 0.000604943
 0.655853 0.298557 0.0400802 0.00442781 0.00108226
 0.730804 0.197721 0.0628228 0.00761436 0.00103837
 0.729937 0.20518 0.0479382 0.0148969 0.00204818
 0.582916 0.325415 0.0699383 0.01606 0.00567099
 0.745177 0.164874 0.0708531 0.01458 0.0045153
 0.681454 0.256776 0.0405178 0.01675 0.00450203
 0.750349 0.190535 0.0482188 0.0071588 0.00373819
 0.717433 0.229197 0.0413167 0.00983956 0.00221344
 0.598933 0.321869 0.0649513 0.0110392 0.00320718
 0.622254 0.268347 0.0892523 0.016541 0.00360525
 0.792376 0.158932 0.0355252 0.0107548 0.00241158
 0.843659 0.145102 0.00893517 0.00168621 0.000617655
 0.895191 0.100536 0.00403631 0.000189472 4.78932e-05
 0.819238 0.172426 0.00806715 0.000253746 1.46422e-05
 0.696439 0.269218 0.0329153 0.00138156 4.55921e-05
 0.736554 0.204937 0.0523409 0.00591285 0.000254859
 0.697494 0.241616 0.0479635 0.0115691 0.00135749
 0.75948 0.183674 0.0458477 0.00866998 0.00232835
 0.703298 0.237796 0.0454343 0.010872 0.00259959
 0.676246 0.242065 0.0657887 0.0122684 0.00363127
 0.731853 0.195504 0.0547202 0.0144404 0.00348246
 0.72145 0.217263 0.0450968 0.0122036 0.00398718
 0.479311 0.399022 0.0955643 0.0192189 0.00688367
 0.566363 0.231663 0.155742 0.0363282 0.00990331
 0.619047 0.234368 0.0791755 0.0520005 0.0154092
pobs_pel_tallas
 0 0 0 0 0 0 0 0 0 0 0 0 0 0 0 0 0 0 0 0 0 0 0 0 0 0 0 0 0 0 0 0 0 0 0 0
 0 0 0 0 0 0 0 0 0 0 0 0 0 0 0 0 0 0 0 0 0 0 0 0 0 0 0 0 0 0 0 0 0 0 0 0
 0 0 0 0 0 0 0 0 0 0 0 0 0 0 0 0 0 0 0 0 0 0 0 0 0 0 0 0 0 0 0 0 0 0 0 0
 0 0 0 0 0 0 0 0 0 0 0 0 0 0 0 0 0 0 0 0 0 0 0 0 0 0 0 0 0 0 0 0 0 0 0 0
 0 0 0 0 0 0 0 0 0 0 0 0 0 0 0 0 0 0 0 0 0 0 0 0 0 0 0 0 0 0 0 0 0 0 0 0
 0 0 0 0 0 0 0 0 0 0 0 0 0 0 0 0 0 0 0 0 0 0 0 0 0 0 0 0 0 0 0 0 0 0 0 0
 0 0 0 0 0 0 0 0 0 0 0 0 0 0 0 0 0 0 0 0 0 0 0 0 0 0 0 0 0 0 0 0 0 0 0 0
 0 0 0 0 0 0 0 0 0 0 0 0 0 0 0 0 0 0 0 0 0 0 0 0 0 0 0 0 0 0 0 0 0 0 0 0
 0 0 0 0 0 0 0 0 0 0 0 0 0 0 0 0 0 0 0 0 0 0 0 0 0 0 0 0 0 0 0 0 0 0 0 0
 0 0 0 0 0 0 0 0 0 0 0 0 0 0 0 0 0 0 0 0 0 0 0 0 0 0 0 0 0 0 0 0 0 0 0 0
 0 0 0 0 0 0 0 0 1.78061e-05 0.00172719 0.00360574 0.0105946 0.0120993 0.0124554 0.0147524 0.0171206 0.0266825 0.0428682 0.0675386 0.121331 0.153587 0.119568 0.100827 0.0573624 0.0630603 0.0341343 0.0324427 0.0444173 0.0211091 0.0280891 0.0125444 0.00206551 0 0 0 0
 0 0 0 0 0 0 0 0 0 0 0 0 0 0 0 0 0 0 0 0 0 0 0 0 0 0 0 0 0 0 0 0 0 0 0 0
 0 0 0 0 0 0 0.0133647 0.0140871 0.0187388 0.0205184 0.03894 0.0496705 0.03968 0.0493445 0.0407372 0.0367815 0.0215668 0.0243155 0.0234873 0.0199281 0.019796 0.0243948 0.0301388 0.0376714 0.0412746 0.0863199 0.0771752 0.113111 0.0741005 0.0525337 0.0229764 0.00759418 0.00175318 0 0 0
 0 0 0 0 0 0 0 0 0 0 0.00219441 0.00772107 0.0458388 0.0604681 0.0671733 0.0775358 0.0609151 0.0617685 0.073594 0.0568108 0.0755445 0.0548602 0.0670107 0.0636378 0.0643287 0.046367 0.0373049 0.0286899 0.0247887 0.0153202 0.00654259 0.00121912 0.000365735 0 0 0
 0 0 0 0 0 0 0 0 0 0 0 0 0.000112435 0.00938835 0.0111873 0.0202946 0.0414886 0.0713402 0.111592 0.104902 0.108894 0.110636 0.117776 0.105296 0.107544 0.0401394 0.0192827 0.0124803 0.00416011 0.0028671 0.000618394 0 0 0 0 0
 0 0 0 0 0 0 0 0 0 0 0.00291406 0.0102884 0.027416 0.0768956 0.0749926 0.110853 0.0956884 0.0897413 0.0766577 0.0534642 0.0500743 0.0551293 0.0594112 0.0620874 0.0668451 0.0424026 0.0208742 0.0120726 0.0048766 0.00582813 0.00118941 0.000297354 0 0 0 0
 0 0.00264628 0.0354308 0.0461629 0.0458689 0.0383711 0.0214643 0.0164657 0.0346957 0.0420465 0.0363128 0.0245516 0.0311673 0.0291091 0.0169068 0.0133784 0.00837989 0.0085269 0.0148486 0.0160247 0.0276389 0.0546898 0.0760071 0.122758 0.109233 0.0665981 0.0333725 0.0166128 0.00676272 0.00308733 0.000882094 0 0 0 0 0
 0 0 0 0 0 0 0 0.000805153 0.000690131 0.00759144 0.0133425 0.0154129 0.00931677 0.000345066 0.00356568 0.00563607 0.00851162 0.0253048 0.0502646 0.0516448 0.0657925 0.0565908 0.0611916 0.0827007 0.0866115 0.110766 0.145733 0.0935128 0.0569358 0.0249597 0.0138026 0.00621118 0.00161031 0.00115022 0 0
 0 0 0 0 0 0 0 0 0 0 0 0 0 0 0 0 0 0 0 0 0 0 0 0 0 0 0 0 0 0 0 0 0 0 0 0
 0.00147267 0.00158595 0.00478618 0.00569244 0.00954404 0.0108468 0.00647125 0.017049 0.0510054 0.094081 0.124002 0.0959785 0.0687766 0.0820023 0.061753 0.0591476 0.0492212 0.0479892 0.0443925 0.0268479 0.0217502 0.0140895 0.0121071 0.0120363 0.00920419 0.00665534 0.0049561 0.00860946 0.00930331 0.0156896 0.0114698 0.00855282 0.00243557 0.00046729 0 2.83206e-05
 0 0 0 0 0.000772559 0.00158375 0.000888443 0.00281984 0.00712685 0.0440552 0.0773331 0.111326 0.0921469 0.0852325 0.0710754 0.0886704 0.0786465 0.0553345 0.0373146 0.0185414 0.00753245 0.00457741 0.012979 0.0271748 0.0457355 0.0583668 0.034881 0.0177882 0.00938659 0.00492506 0.0015258 0.00185414 0.000309023 5.79419e-05 3.86279e-05 0
 0 0.00173294 0.00326652 0 0.00397197 0.00683976 0.00946217 0.0152591 0.00757587 0.0136028 0.0228656 0.0392903 0.0559909 0.0764795 0.0681675 0.0726916 0.0566044 0.0477403 0.0527397 0.0444891 0.0609904 0.0582453 0.0661739 0.0445044 0.0529084 0.0360697 0.0280645 0.0235558 0.0158879 0.00826598 0.00280645 0.00217768 0.000904811 0.00058276 9.20147e-05 0
 0 0 0 0 0 0 0 0 0 0 0 0 0 0 0 0 0 0 0 0 0 0 0 0 0 0 0 0 0 0 0 0 0 0 0 0
 0 0 0 0 0 0 0 0 0 0 0 0 0 0 0 0 0 0 0 0 0 0 0 0 0 0 0 0 0 0 0 0 0 0 0 0
 0 0 0 0 0 0 0 0 0 0 0 0 0 0 0 0 0 0 0 0 0 0 0 0 0 0 0 0 0 0 0 0 0 0 0 0
 0 0 0 0 0 0 0 0 0 0 0 0 0 0 0 0 0 0 0 0 0 0 0 0 0 0 0 0 0 0 0 0 0 0 0 0
 0 0 0 0 0 0 0 0 0 0 0 0 0 0 0 0 0 0 0 0 0 0 0 0 0 0 0 0 0 0 0 0 0 0 0 0
ppred_pel_tallas
 1.00721e-16 3.51008e-05 0.000206019 0.000979335 0.00377051 0.011758 0.0296998 0.0607694 0.100731 0.135276 0.147199 0.129821 0.0928882 0.0541253 0.0261089 0.0112289 0.00563822 0.00481176 0.00597583 0.00791302 0.0101294 0.0123338 0.0142647 0.0156822 0.0164101 0.0163745 0.0156183 0.0142853 0.0125801 0.0107191 0.00888664 0.00721039 0.00575612 0.00453887 0.00354156 0.00273306
 1.00615e-16 3.36941e-05 0.000197757 0.000940046 0.00361923 0.0112862 0.0285081 0.0583315 0.0966915 0.129855 0.141312 0.124656 0.0892523 0.0521266 0.0253686 0.0112929 0.00622594 0.00583641 0.0074588 0.00989973 0.0126356 0.0153167 0.0176117 0.0192175 0.019917 0.0196296 0.018429 0.0165202 0.0141857 0.0117186 0.00936466 0.00728806 0.00556509 0.00419982 0.00315066 0.00235678
 1.00869e-16 2.86231e-05 0.000167976 0.000798445 0.00307399 0.0095859 0.0242134 0.049545 0.0821307 0.110312 0.120076 0.105998 0.0760565 0.0447489 0.0223926 0.0110119 0.00754446 0.00835168 0.0111723 0.0149391 0.0190881 0.023145 0.0266193 0.0290541 0.0301209 0.0296962 0.0278893 0.0250077 0.021477 0.0177391 0.0141658 0.0110069 0.00838013 0.00629461 0.00469022 0.00347711
 1.01267e-16 3.18873e-05 0.000187149 0.000889615 0.00342505 0.0106807 0.0269786 0.0552021 0.0915045 0.122891 0.133737 0.117983 0.0844933 0.0493865 0.0241096 0.010862 0.00617756 0.00596819 0.00772079 0.0103117 0.0132452 0.016183 0.0187965 0.0207774 0.021894 0.0220417 0.0212622 0.0197241 0.0176744 0.0153767 0.0130588 0.0108814 0.0089324 0.00724022 0.00579632 0.00457595
 1.01356e-16 3.18497e-05 0.000186928 0.000888563 0.003421 0.0106681 0.0269467 0.0551369 0.0913966 0.122746 0.133581 0.117849 0.0844053 0.0493507 0.0241209 0.010915 0.0062729 0.00611152 0.00791862 0.0105664 0.0135509 0.0165229 0.0191432 0.0210952 0.0221454 0.0221941 0.0212956 0.0196357 0.01748 0.0151076 0.0127555 0.0105858 0.00868011 0.0070558 0.0056907 0.00454717
 1.01916e-16 2.54438e-05 0.000149309 0.000709692 0.00273226 0.00852022 0.0215216 0.0440376 0.073003 0.0980586 0.106753 0.0942742 0.0677244 0.0400084 0.0203214 0.010493 0.00783296 0.00913227 0.0123905 0.0166436 0.0213449 0.0259984 0.0300761 0.0330781 0.0346367 0.034599 0.0330579 0.0303172 0.026807 0.0229788 0.0192148 0.0157752 0.0127897 0.0102815 0.00820892 0.00650358
 1.01772e-16 3.25127e-05 0.000190824 0.000907092 0.00349236 0.0108906 0.0275088 0.0562865 0.0933011 0.1253 0.136351 0.120269 0.0860874 0.0502313 0.0243603 0.0107024 0.00570982 0.00520621 0.00663271 0.00886361 0.0114321 0.0140472 0.0164352 0.0183372 0.0195534 0.0199833 0.0196432 0.018651 0.0171886 0.0154538 0.0136198 0.0118116 0.0101027 0.0085263 0.00709176 0.00579961
 1.01445e-16 2.97377e-05 0.000174524 0.000829582 0.00319389 0.00995982 0.0251578 0.051477 0.0853319 0.114607 0.124739 0.110085 0.0789242 0.0463066 0.0229325 0.0108827 0.00695425 0.00735313 0.0097328 0.013011 0.0166556 0.0202508 0.0233758 0.0256385 0.0267542 0.0266102 0.02529 0.0230442 0.0202216 0.0171854 0.0142398 0.011588 0.00932557 0.00746106 0.00594986 0.00472695
 1.01168e-16 3.27392e-05 0.000192151 0.000913399 0.00351663 0.0109663 0.0277 0.056678 0.0939505 0.126175 0.137307 0.121124 0.0867254 0.0506553 0.0246617 0.0109958 0.0060914 0.00574466 0.00737206 0.00982186 0.0125937 0.0153553 0.0177893 0.0196007 0.0205714 0.0206077 0.019759 0.0181979 0.0161713 0.01394 0.0117263 0.00968365 0.00789085 0.00636645 0.00509153 0.00403166
 1.01103e-16 3.13055e-05 0.000183731 0.000873357 0.00336245 0.0104855 0.0264855 0.0541934 0.0898334 0.120649 0.131305 0.115856 0.0830105 0.0486005 0.0238758 0.0110088 0.00660884 0.00666892 0.00871733 0.0116309 0.0148859 0.0180991 0.0208917 0.0229116 0.0239026 0.0237622 0.0225632 0.020528 0.0179687 0.0152111 0.0125304 0.0101123 0.00804736 0.00634776 0.0049773 0.00387975
 1.01557e-16 2.61421e-05 0.000153409 0.000729183 0.00280731 0.00875426 0.0221128 0.0452471 0.0750077 0.10075 0.10968 0.096851 0.0695586 0.0410577 0.0207909 0.0106315 0.0078083 0.00901862 0.0122045 0.0163777 0.020985 0.0255316 0.0294929 0.0323744 0.0338137 0.0336633 0.0320207 0.029194 0.0256172 0.0217453 0.017964 0.0145359 0.0115912 0.00915198 0.0071727 0.00557925
 1.02092e-16 2.71569e-05 0.000159371 0.000757541 0.00291651 0.00909481 0.0229729 0.0470067 0.0779226 0.10466 0.113922 0.100561 0.0721459 0.0424303 0.0212013 0.0103792 0.00706085 0.00780133 0.0104693 0.014074 0.0181096 0.0221579 0.0257817 0.028564 0.0301893 0.0305117 0.0295819 0.0276207 0.024954 0.0219303 0.0188505 0.0159267 0.0132755 0.0109364 0.00890202 0.00714569
 1.01039e-16 3.45705e-05 0.000202906 0.000964531 0.00371351 0.0115803 0.0292508 0.0598508 0.0992086 0.133232 0.144977 0.127865 0.091498 0.0533337 0.0257616 0.0111391 0.00568066 0.00493245 0.00616379 0.00817401 0.0104717 0.0127625 0.0147791 0.016276 0.0170729 0.0170937 0.0163818 0.0150827 0.0134035 0.0115616 0.00974123 0.0080677 0.00660374 0.00536141 0.00432199 0.00345468
 1.00262e-16 3.6806e-05 0.000216032 0.00102694 0.0039538 0.0123296 0.0311435 0.0637233 0.105627 0.141849 0.154346 0.136113 0.0973648 0.0566824 0.0272453 0.0115494 0.00554889 0.00448822 0.00545203 0.00716356 0.00911348 0.0110145 0.0126179 0.0137016 0.0141098 0.0137891 0.012801 0.0113047 0.0095162 0.00765805 0.00591542 0.00441027 0.00319651 0.00227183 0.0015981 0.00112199
 1.00099e-16 3.90512e-05 0.000229217 0.00108963 0.0041952 0.0130824 0.033045 0.0676136 0.112074 0.150502 0.163749 0.144374 0.103208 0.0599494 0.0285639 0.0116754 0.00496777 0.00337887 0.00381455 0.0049423 0.00627067 0.00756749 0.00865401 0.0093758 0.00962561 0.00936783 0.00864734 0.00757703 0.00630939 0.00500113 0.00378249 0.00273901 0.00190797 0.00128667 0.000846759 0.000548809
 1.00181e-16 3.57423e-05 0.000209784 0.000997229 0.00383941 0.0119729 0.0302425 0.0618799 0.102572 0.13775 0.149893 0.132204 0.0946067 0.0551543 0.0266559 0.0115486 0.00591671 0.00515071 0.00641872 0.00846626 0.0107683 0.0130017 0.0148737 0.0161213 0.0165602 0.0161288 0.0149031 0.0130759 0.0109078 0.00866679 0.00657598 0.0047821 0.00334957 0.00227451 0.00150925 0.000987138
 1.00605e-16 3.03916e-05 0.000178362 0.000847826 0.00326413 0.0101789 0.0257111 0.0526092 0.0872087 0.117128 0.127484 0.11251 0.0806683 0.0473406 0.0234638 0.0111655 0.00717211 0.00760421 0.0100585 0.01342 0.0171323 0.0207551 0.0238435 0.0259853 0.0268853 0.0264347 0.0247358 0.0220708 0.0188283 0.0154122 0.0121618 0.00930466 0.00694777 0.00509796 0.00369795 0.00266239
 1.01025e-16 3.21383e-05 0.000188622 0.000896617 0.00345201 0.0107648 0.027191 0.0556366 0.0922249 0.123859 0.134791 0.118915 0.0851661 0.0497898 0.0243248 0.010989 0.00628961 0.00610554 0.007901 0.0105378 0.0135079 0.0164603 0.0190537 0.0209704 0.0219751 0.0219675 0.0210019 0.0192659 0.0170283 0.0145736 0.0121451 0.00991182 0.00796188 0.00631726 0.0049581 0.00384619
 1.01221e-16 3.04366e-05 0.000178628 0.000849097 0.00326903 0.0101942 0.0257497 0.052688 0.0873386 0.117301 0.127665 0.112656 0.0807417 0.0473213 0.0233392 0.0109161 0.00676503 0.00699698 0.00921068 0.0123078 0.0157635 0.0191807 0.0221612 0.0243333 0.0254253 0.0253262 0.0241091 0.0220042 0.0193364 0.016446 0.0136209 0.0110571 0.00885121 0.00701935 0.00552733 0.00432019
 1.01118e-16 3.31371e-05 0.000194488 0.000924507 0.0035594 0.0110997 0.0280369 0.0573673 0.0950929 0.127708 0.138973 0.122589 0.0877623 0.0512373 0.024901 0.0110274 0.00600302 0.00556958 0.00711169 0.00946701 0.0121372 0.014798 0.017143 0.0188878 0.0198221 0.0198559 0.019037 0.0175316 0.0155779 0.0134273 0.011294 0.00932557 0.00759796 0.00612889 0.00490005 0.00387828
 1.01218e-16 3.06895e-05 0.000180113 0.000856159 0.00329623 0.0102789 0.0259639 0.0531262 0.0880648 0.118275 0.128725 0.113587 0.0814017 0.0476928 0.0234938 0.0109405 0.0067154 0.00689517 0.00905797 0.0120984 0.015492 0.0188462 0.0217689 0.0238948 0.0249569 0.0248474 0.0236393 0.0215607 0.0189323 0.01609 0.013317 0.0108057 0.0086501 0.00686443 0.00541332 0.00424112
 1.01605e-16 2.95101e-05 0.000173189 0.000823238 0.00316947 0.00988366 0.0249654 0.0510833 0.0846789 0.113729 0.123781 0.109234 0.0783021 0.0459176 0.0226959 0.0106988 0.00674566 0.00707222 0.00935498 0.0125309 0.0160888 0.0196365 0.0227767 0.0251349 0.0264322 0.0265463 0.0255356 0.0236137 0.021089 0.0182878 0.0154893 0.0128868 0.0105815 0.0085997 0.00692197 0.00550989
 1.015e-16 3.19329e-05 0.000187417 0.000890891 0.00342997 0.010696 0.0270173 0.0552813 0.0916357 0.123067 0.133928 0.118149 0.084609 0.0494468 0.0241253 0.0108456 0.00613516 0.00589884 0.00761953 0.0101728 0.0130647 0.0159607 0.0185372 0.0204916 0.0215979 0.0217556 0.0210087 0.0195255 0.01755 0.0153409 0.0131187 0.0110362 0.00917323 0.00755145 0.00615716 0.00496304
 1.01317e-16 3.14801e-05 0.000184757 0.000878239 0.00338125 0.0105441 0.0266336 0.0544963 0.0903352 0.121322 0.132035 0.116492 0.0834511 0.0488276 0.0239301 0.010938 0.00643711 0.00639529 0.00832864 0.0111153 0.0142427 0.0173453 0.0200643 0.0220655 0.023104 0.0230782 0.022051 0.0202255 0.0178892 0.0153432 0.0128421 0.0105585 0.00857758 0.00691377 0.00553796 0.0044039
 1.02469e-16 2.09292e-05 0.000122797 0.000583637 0.00224689 0.0070066 0.0176984 0.0362157 0.0600403 0.0806592 0.0878435 0.0776516 0.0559506 0.03339 0.0175824 0.0100937 0.00877276 0.0110257 0.0152153 0.0205007 0.0263179 0.0320851 0.0371593 0.0409268 0.0429329 0.0429844 0.0411875 0.0379064 0.0336603 0.0289966 0.0243804 0.0201308 0.0164103 0.0132539 0.0106184 0.00842851
 1.03998e-16 2.47184e-05 0.000145058 0.000689502 0.00265456 0.00827793 0.0209095 0.0427845 0.0709235 0.0952589 0.103688 0.091527 0.0656631 0.0386154 0.0192934 0.00944894 0.00644739 0.00716698 0.00968899 0.0131408 0.0170965 0.0212107 0.0251134 0.0284359 0.030876 0.0322555 0.0325457 0.0318519 0.0303677 0.0283168 0.0259048 0.023292 0.0205914 0.017882 0.0152265 0.0126844
 1.03708e-16 2.70156e-05 0.000158545 0.00075362 0.00290143 0.00904778 0.0228541 0.0467633 0.0775182 0.104114 0.11332 0.100013 0.0717148 0.0421011 0.020897 0.0100006 0.00651254 0.0070003 0.00934901 0.0125943 0.0162716 0.0200187 0.0234622 0.0262434 0.0280868 0.0288565 0.0285789 0.0274192 0.0256265 0.0234651 0.0211576 0.0188552 0.0166362 0.0145261 0.012525 0.0106311
pSPR Fmed_Fpbrs
0.526621   0.6 0.325
Fs Fmed_Fpbrs
0.64   0.466161 1.62901
SSBpbr Bo_Bmed_Bpbrs
842055  401341  463130 231565
Ro
35087.5
SPR SPRFo_SPRFmed_SPRFpbrs
726881 382791 236236
log_Ro
10.2856
likeval ReclasPelacesDesembMPH_pf_preclas_ppelaces_ptallas_desvR_qrecl_qpela
 64.9749 14.9385 0.00963776 0.000565011 344.76 208.827 59.7035 0 16.4641 6.05745e-07 7.00098e-05 2.62255e-14 0 0 0
q_reclas_q_pelaces
0.895576 3.28839
M
0.7
N
 35726.8 10414.5 3328.32 391.984 0.230438
 43181.1 16073.8 2531.91 570.832 65.4067
 21002.3 19599 4164.3 477.349 116.909
 30221.8 8918.48 3136.37 383.255 52.2874
 54803.3 14497.4 3448.15 1073.06 147.547
 39379.8 27049.5 6889.33 1603.75 566.723
 75587.1 18455.8 8836.62 1834.26 568.321
 73100.9 36177.5 7019.98 2950.7 793.798
 97166.4 33830.2 10788 1631.69 852.896
 114030 44595.3 9499.3 2292.82 516.151
 63516 53493.8 14672.6 2556.09 743.602
 44332.9 28408 12460.8 2361.31 515.287
 48221.8 20033.4 7128.93 2240.43 503.394
 25676.4 20436.2 3159.95 642.157 236.164
 14781 9316.08 1047.68 53.4271 13.5655
 13029.9 5166.74 364.715 11.8576 0.685458
 9358.02 5624.07 930.403 40.0131 1.32219
 11345.3 4191.92 1324.8 152.246 6.56826
 12320.9 5239.33 1230.92 300.955 35.3393
 19248.5 5776.93 1717.16 329.313 88.5053
 25346.1 9006.13 1864.8 449.125 107.427
 31605.8 12246.3 3667.92 689.365 204.129
 50551.1 15183.7 4785.48 1274.97 307.634
 71382.8 24107.4 5626.27 1536.93 502.407
 37972.1 34059.2 8965.74 1816.85 651.014
 41953.1 18258.5 13396.1 3146.79 858.163
 51994.2 20221.7 7308.51 4826.18 1430.55
pred_Ctot
 2428.87 3980.94 1662.71 198.973 0.117071
 2684.53 5737.12 1192.58 273.4 31.3542
 2208.05 10173.8 2671.59 309.929 75.9535
 740.451 1440.78 716.698 89.5261 12.2283
 239.019 449.925 157.797 50.3642 6.93447
 1597.89 6817.26 2381.11 565.261 199.956
 1970.8 3154.29 2129.62 451.777 140.139
 3592.58 10701.4 2803.34 1200.21 323.196
 5319.02 10921.6 4655.31 716.655 374.951
 4550.22 11080.5 3240.84 797.789 179.783
 4564.86 21318.8 7593.71 1343.56 391.181
 2885.61 10505 6051.03 1165.54 254.565
 5129.94 10478 4600.37 1463.01 328.925
 5064.32 14820 2573.54 526.076 193.533
 3211.44 7017.66 874.028 44.7998 11.378
 1235.74 2506.59 221.851 7.30701 0.422691
 663.066 2217.73 477.233 20.8472 0.689444
 573.868 1269.55 540.264 63.2277 2.73044
 496.167 1311.98 422.943 105.459 12.3963
 802.747 1490.22 606.183 118.534 31.8898
 493.512 1178.31 348.613 85.8966 20.5707
 741.886 1902.73 807.764 155.216 46.0155
 1445.05 2818.54 1246.45 339.257 81.9513
 2015.44 4425.82 1450.32 404.763 132.463
 867.492 5162.52 1928.63 399.621 143.362
 887.248 2578.35 2693.83 647.205 176.711
 851.74 2251.99 1170.31 791.023 234.762
F
 0.0987108 0.714225 1.06313 1.09118 1.0927
 0.089923 0.65064 0.968482 0.994039 0.995422
 0.156507 1.13241 1.6856 1.73008 1.73249
 0.0345914 0.250287 0.372554 0.382386 0.382918
 0.00608086 0.0439983 0.0654917 0.06722 0.0673135
 0.0578762 0.418764 0.623334 0.639783 0.640673
 0.0368484 0.266618 0.396862 0.407335 0.407902
 0.0704859 0.510003 0.759142 0.779176 0.780259
 0.0787968 0.570136 0.848651 0.871046 0.872258
 0.0568924 0.411647 0.612739 0.628908 0.629783
 0.104619 0.756977 1.12677 1.1565 1.15811
 0.0943277 0.68251 1.01592 1.04273 1.04418
 0.158502 1.14684 1.70708 1.75213 1.75457
 0.31383 2.27073 3.37999 3.46919 3.47401
 0.351098 2.54038 3.78137 3.88116 3.88656
 0.140194 1.01438 1.50991 1.54976 1.55191
 0.103074 0.745796 1.11012 1.13942 1.141
 0.0726133 0.525395 0.782054 0.802692 0.803809
 0.0574282 0.415524 0.618509 0.634832 0.635715
 0.0595281 0.430717 0.641125 0.658044 0.658959
 0.0274036 0.198279 0.29514 0.302929 0.30335
 0.0331194 0.239636 0.3567 0.366113 0.366622
 0.0404636 0.292775 0.435798 0.447299 0.447921
 0.039957 0.28911 0.430342 0.441699 0.442313
 0.0322212 0.233138 0.347027 0.356185 0.35668
 0.0297961 0.21559 0.320908 0.329376 0.329834
 0.0230109 0.166496 0.24783 0.25437 0.254724
Np
 24524.8 11676.5 9239.12 2682.5 1158.31
YTP_r0W_actual
 12519.3 94452 64509.6 53328 17990.2
YTP_p0W_proyectada
 6269.66 111550 74125.8 31533.5 32932
 6269.66 51621.2 80555.9 29862.2 14821.5
CTP_r0_actual
 1545.59 3886.92 1966.76 1326.57 393.658
CTP_p0_proyectada
 729.03 4850.02 2287.83 778.606 708.216
 729.03 2244.4 2486.29 737.337 318.742
Wmedp
 8.6 23 32.4 40.5 46.5
nmprior
 10.8 10.6 4.6 0
nm_flota  nm_reclas  nm_pelaces    nm_pelaL
inf 22.9651 17.9705 76.1801
cv_recla  cv_pelaces  cv_mph
0.698077 0.409948 0.635279
 ------------------------------------------------
Talla a la edad & desviaci?n 
 7.2 14.2025 17.0495 18.207 18.6776
 1.08 2.13037 2.55742 2.73105 2.80164
