years
 1997 1998 1999 2000 2001 2002 2003 2004 2005 2006 2007 2008 2009 2010 2011 2012 2013 2014 2015 2016 2017 2018 2019 2020 2021 2022 2023
reclasobs
 0 0 0 370054 412103 1.49427e+06 250295 1.28982e+06 931140 785840 897777 1.04006e+06 184774 17550 25797 100020 73551 82996 120727 218422 84188 347160 605670 569463 516374 1.08416e+06 1.01767e+06
reclaspred
 499221 128941 324233 214074 343524 435530 952652 664234 754583 789851 679332 466723 279577 112687 67885.7 67899.1 79987.3 108010 120624 162119 245999 235774 398618 525534 718874 702358 674479
pelacesobs
 0 0 0 0 0 0 0 0 0 2.06254e+06 1.5e+06 0 1.87456e+06 323000 250000 174000 83755 137374 0 501740 490994 745055 786931 1.00524e+06 1.33801e+06 1.41789e+06 0
pelacespred
 2.06734e+06 409008 653271 665458 967208 868873 2.55453e+06 1.99473e+06 2.14955e+06 2.23109e+06 1.58695e+06 1.12563e+06 709257 229426 150926 151815 184271 259959 277885 381192 673683 585932 810276 1.24441e+06 1.61267e+06 1.66911e+06 1.62462e+06
mphobs
 0 0 0 0 0 112323 0 153150 637223 0 255016 313432 73983 77613 109348 50772 17779 17303 59886 28197 0 207744 136588 643089 65757 70829 0
mphpred
 152815 83866.5 92539.1 86056.7 98332.3 166647 236281 302284 263685 287488 302037 207287 126861 66904.1 29217.1 24503 27063.6 34503.4 43886.2 50422.1 75959.6 93751.9 115555 162892 247931 269885 249922
desembarqueobs
 350755 77701 442110 56441 14545 235359 269955 359681 431902 328805 639364 411747 362871 311530 167758 66681 60226 58785 57116 73181 50977 67692 138656 160484 209506 203330 142539
desembarquepred
 350760 77699.2 442089 56444.9 14545.4 235455 270032 359674 431948 328808 639299 411787 362935 311638 167579 66674.3 60252.5 58778.5 57099.9 73177 50979.6 67681.4 138660 160497 209495 203310 142533
Reclutas
 35756.8 43228.9 21068.1 30354.5 54994 39519.6 75704.4 73182.9 97178.1 113939 63735.6 44433.8 48090.2 25661.1 14771.8 12992.9 9376.09 11391.8 12318.7 19214.3 25340.8 31581 50745.8 72408.2 38765.1 43271.9 51989.1
log_desv_Rt
 0.0155597 0.205328 -0.513421 -0.148238 0.446042 0.115614 0.765655 0.73178 1.01536 1.17448 0.593562 0.232818 0.311897 -0.316205 -0.868464 -0.996776 -1.32302 -1.12828 -1.05007 -0.605529 -0.328765 -0.108626 0.365647 0.721138 0.0963381 0.206322 0.389852
SSB
 427146 234423 258664 240545 274857 465809 660450 844941 737050 803583 844249 579406 354600 187010 81667.3 68490.6 75648 96443.6 122670 140939 212321 262054 322998 455313 693015 754381 698578
BT
 1.50538e+06 361777 618865 437039 563343 666105 1.66934e+06 1.53742e+06 1.63563e+06 1.58847e+06 1.46514e+06 1.00798e+06 757376 417641 223734 141557 154374 196303 204480 277187 426392 389030 553769 838876 1.05831e+06 1.09913e+06 1.02437e+06
Ftot
 1.09101 0.993316 1.72675 0.380971 0.0669592 0.63713 0.405444 0.776368 0.868476 0.628003 1.15615 1.04064 1.74386 3.45672 3.86897 1.54837 1.14195 0.803113 0.633394 0.657285 0.303244 0.366677 0.447926 0.4405 0.3524 0.323346 0.247709
BD_Bspro_t
 0.903877 0.627 0.544609 0.356075 0.513063 0.694652 0.638696 0.66385 0.597466 0.57278 0.552998 0.389945 0.283724 0.191965 0.105139 0.108061 0.15894 0.255435 0.35842 0.450178 0.580688 0.691489 0.699049 0.706808 0.733682 0.691862 0.671545
BD_Bspro
 0.585684 0.321431 0.354669 0.329824 0.376872 0.638698 0.905581 1.15855 1.01061 1.10184 1.1576 0.794456 0.486212 0.25642 0.111979 0.0939114 0.103725 0.132239 0.1682 0.19325 0.291126 0.359317 0.442881 0.624306 0.950233 1.03437 0.95786
BD_Bo
 0.50427 0.27675 0.305368 0.283977 0.324485 0.549915 0.7797 0.997502 0.870131 0.948677 0.996685 0.684022 0.418626 0.220776 0.096413 0.0808571 0.0893068 0.113857 0.144819 0.166387 0.250658 0.30937 0.381318 0.537524 0.818145 0.890591 0.824712
BD_Brms
 0.916855 0.503181 0.555215 0.516322 0.589973 0.999846 1.41764 1.81364 1.58206 1.72487 1.81216 1.24368 0.761138 0.401411 0.175296 0.147013 0.162376 0.207013 0.263308 0.302522 0.455742 0.562491 0.693306 0.977316 1.48754 1.61926 1.49948
S_f
 0.0905096 0.654077 0.972919 0.998537 0.999923
 0.0905096 0.654077 0.972919 0.998537 0.999923
 0.0905096 0.654077 0.972919 0.998537 0.999923
 0.0905096 0.654077 0.972919 0.998537 0.999923
 0.0905096 0.654077 0.972919 0.998537 0.999923
 0.0905096 0.654077 0.972919 0.998537 0.999923
 0.0905096 0.654077 0.972919 0.998537 0.999923
 0.0905096 0.654077 0.972919 0.998537 0.999923
 0.0905096 0.654077 0.972919 0.998537 0.999923
 0.0905096 0.654077 0.972919 0.998537 0.999923
 0.0905096 0.654077 0.972919 0.998537 0.999923
 0.0905096 0.654077 0.972919 0.998537 0.999923
 0.0905096 0.654077 0.972919 0.998537 0.999923
 0.0905096 0.654077 0.972919 0.998537 0.999923
 0.0905096 0.654077 0.972919 0.998537 0.999923
 0.0905096 0.654077 0.972919 0.998537 0.999923
 0.0905096 0.654077 0.972919 0.998537 0.999923
 0.0905096 0.654077 0.972919 0.998537 0.999923
 0.0905096 0.654077 0.972919 0.998537 0.999923
 0.0905096 0.654077 0.972919 0.998537 0.999923
 0.0905096 0.654077 0.972919 0.998537 0.999923
 0.0905096 0.654077 0.972919 0.998537 0.999923
 0.0905096 0.654077 0.972919 0.998537 0.999923
 0.0905096 0.654077 0.972919 0.998537 0.999923
 0.0905096 0.654077 0.972919 0.998537 0.999923
 0.0905096 0.654077 0.972919 0.998537 0.999923
 0.0905096 0.654077 0.972919 0.998537 0.999923
Scru_reclas
 0.551781 0.861023 0.968924 0.993667 0.998735
 0.551781 0.861023 0.968924 0.993667 0.998735
 0.551781 0.861023 0.968924 0.993667 0.998735
 0.551781 0.861023 0.968924 0.993667 0.998735
 0.551781 0.861023 0.968924 0.993667 0.998735
 0.551781 0.861023 0.968924 0.993667 0.998735
 0.551781 0.861023 0.968924 0.993667 0.998735
 0.551781 0.861023 0.968924 0.993667 0.998735
 0.551781 0.861023 0.968924 0.993667 0.998735
 0.551781 0.861023 0.968924 0.993667 0.998735
 0.551781 0.861023 0.968924 0.993667 0.998735
 0.551781 0.861023 0.968924 0.993667 0.998735
 0.551781 0.861023 0.968924 0.993667 0.998735
 0.551781 0.861023 0.968924 0.993667 0.998735
 0.551781 0.861023 0.968924 0.993667 0.998735
 0.551781 0.861023 0.968924 0.993667 0.998735
 0.551781 0.861023 0.968924 0.993667 0.998735
 0.551781 0.861023 0.968924 0.993667 0.998735
 0.551781 0.861023 0.968924 0.993667 0.998735
 0.551781 0.861023 0.968924 0.993667 0.998735
 0.551781 0.861023 0.968924 0.993667 0.998735
 0.551781 0.861023 0.968924 0.993667 0.998735
 0.551781 0.861023 0.968924 0.993667 0.998735
 0.551781 0.861023 0.968924 0.993667 0.998735
 0.551781 0.861023 0.968924 0.993667 0.998735
 0.551781 0.861023 0.968924 0.993667 0.998735
 0.551781 0.861023 0.968924 0.993667 0.998735
Scru_pelaces
 0.881081 1 1 1 1
 0.881081 1 1 1 1
 0.881081 1 1 1 1
 0.881081 1 1 1 1
 0.881081 1 1 1 1
 0.881081 1 1 1 1
 0.881081 1 1 1 1
 0.881081 1 1 1 1
 0.881081 1 1 1 1
 0.881081 1 1 1 1
 0.881081 1 1 1 1
 0.881081 1 1 1 1
 0.881081 1 1 1 1
 0.881081 1 1 1 1
 0.881081 1 1 1 1
 0.881081 1 1 1 1
 0.881081 1 1 1 1
 0.881081 1 1 1 1
 0.881081 1 1 1 1
 0.881081 1 1 1 1
 0.881081 1 1 1 1
 0.881081 1 1 1 1
 0.881081 1 1 1 1
 0.881081 1 1 1 1
 0.881081 1 1 1 1
 0.881081 1 1 1 1
 0.881081 1 1 1 1
pf_obs 
 0.256992 0.487395 0.22802 0.0275931 0
 0.321318 0.546541 0.124235 0.00734118 0.000564706
 0.182869 0.594174 0.210203 0.0122559 0.00049798
 0.330522 0.361315 0.267642 0.0388342 0.00168674
 0.649043 0.306663 0.0425973 0.00169635 0
 0.582887 0.30429 0.105238 0.00758474 0
 0.465427 0.430635 0.0974691 0.00646863 0
 0.296916 0.608066 0.0921331 0.00288517 0
 0.311714 0.524322 0.152257 0.0117073 0
 0.15457 0.633149 0.183074 0.0267441 0.00246327
 0.131901 0.49318 0.331252 0.0422183 0.00144891
 0.196976 0.569456 0.194076 0.0375587 0.00193317
 0.518974 0.381816 0.0799577 0.0180837 0.00116848
 0.0928022 0.601141 0.25162 0.0475244 0.00691264
 0.122501 0.610282 0.24278 0.0234846 0.000952079
 0.383417 0.481906 0.127806 0.00687128 0
 0.0376549 0.599619 0.316969 0.0457579 0
 0.0361596 0.667082 0.258105 0.0386534 0
 0.158088 0.579412 0.248529 0.0139706 0
 0.0477256 0.309471 0.559284 0.082774 0.000745712
 0.0406174 0.521527 0.379366 0.0568643 0.0016247
 0.151134 0.462217 0.34131 0.0453401 0
 0.294876 0.26143 0.354403 0.0886775 0.000613685
 0.281977 0.475581 0.204845 0.0348837 0.00271318
 0.0841818 0.532909 0.334909 0.0458182 0.00218182
 0.115287 0.27431 0.454777 0.147771 0.00785563
 0.0989387 0.350907 0.424855 0.114687 0.0106128
pf_pred 
 0.293922 0.481111 0.200912 0.0240411 1.41833e-05
 0.270867 0.57819 0.120192 0.0275872 0.00316395
 0.143269 0.658627 0.173064 0.0201065 0.00493404
 0.247132 0.479985 0.238854 0.0299325 0.00409653
 0.264427 0.497683 0.174429 0.0557566 0.00770425
 0.138229 0.58942 0.206082 0.0489273 0.0173423
 0.250703 0.401856 0.27171 0.0577905 0.0179399
 0.19271 0.574113 0.150899 0.0647824 0.0174953
 0.241548 0.496335 0.212075 0.0328136 0.0172282
 0.229009 0.557791 0.163591 0.040438 0.00917156
 0.130129 0.604619 0.215716 0.038318 0.0112172
 0.13839 0.504097 0.289334 0.0559037 0.012275
 0.231934 0.476498 0.209892 0.0666324 0.0150439
 0.218168 0.638214 0.112065 0.0230715 0.00848207
 0.28716 0.628758 0.0789114 0.00411755 0.0010537
 0.310404 0.63119 0.0564094 0.0018855 0.000111278
 0.197053 0.654959 0.141523 0.00625469 0.00021019
 0.23523 0.518518 0.21933 0.0257946 0.00112765
 0.210831 0.5594 0.179868 0.0446257 0.00527458
 0.262787 0.488216 0.199579 0.0389767 0.0104411
 0.23237 0.55327 0.16399 0.0406544 0.0097159
 0.203256 0.520904 0.220654 0.0425097 0.0126756
 0.244763 0.47456 0.209821 0.0570262 0.0138302
 0.241474 0.52428 0.17091 0.0477263 0.0156095
 0.102956 0.608685 0.225203 0.0464747 0.0166814
 0.128509 0.369849 0.384944 0.0917433 0.0249552
 0.156953 0.428478 0.221312 0.149324 0.0439335
pobs_RECLAS
 0 0 0 0 0
 0 0 0 0 0
 0 0 0 0 0
 0 0 0 0 0
 0.835266 0.146461 0.0176864 0.000547809 3.91292e-05
 0.385257 0.428462 0.181853 0.0044286 0
 0.867414 0.0963971 0.0333333 0.00285562 0
 0.441836 0.489002 0.0689373 0.000224442 0
 0.779404 0.147425 0.0564933 0.0165055 0.000172143
 0.814271 0.122319 0.05973 0.00367925 0
 0.40263 0.566651 0.0304383 0.000280538 0
 0.475488 0.404961 0.113038 0.00651328 0
 0.955842 0.0263864 0.0167828 0.000988607 0
 0.975058 0.0227948 0.00214734 0 0
 0.738997 0.206755 0.0527124 0.00153531 0
 0.850938 0.134255 0.0134407 0.00136685 0
 0.542534 0.407297 0.0501686 0 0
 0.764087 0.199537 0.0359546 0.000420521 0
 0.470689 0.182191 0.310203 0.0369168 0
 0.84361 0.089868 0.0606195 0.00523954 0.000663233
 0.607945 0.314616 0.071237 0.00620181 0
 0.523733 0.453247 0.0230204 0 0
 0.530135 0.295979 0.169645 0.0042399 0
 0.562478 0.366248 0.0663022 0.0049721 0
 0.250443 0.683176 0.0655157 0.000865301 0
 0.195077 0.31981 0.436473 0.0351445 0.0134964
 0.565238 0.351407 0.0832357 0.000118908 0
ppred_RECLAS
 0.690849 0.231003 0.0698265 0.00831618 4.92336e-06
 0.656911 0.288329 0.0436379 0.00997424 0.00114797
 0.481009 0.429718 0.0780695 0.0089899 0.00221328
 0.629287 0.260014 0.0969087 0.0121245 0.00166542
 0.644367 0.261284 0.0691878 0.0220965 0.00306451
 0.454051 0.406675 0.105426 0.0249667 0.0088814
 0.640631 0.218212 0.11041 0.0234432 0.00730409
 0.553564 0.343696 0.0665432 0.0284786 0.00771851
 0.628658 0.267731 0.0838674 0.0129305 0.00681307
 0.603531 0.308921 0.0672044 0.0165709 0.00377194
 0.445748 0.421161 0.108324 0.0191442 0.00562372
 0.4693 0.350401 0.146021 0.0280887 0.00618916
 0.6383 0.254453 0.0773858 0.0243465 0.00551474
 0.654141 0.306283 0.0310454 0.00623389 0.00229731
 0.737928 0.244202 0.016801 0.000851204 0.000218292
 0.700639 0.281122 0.0176191 0.000584468 3.46089e-05
 0.559643 0.378639 0.0590343 0.00259605 8.75441e-05
 0.617721 0.283329 0.0881619 0.0103349 0.000453417
 0.578991 0.322747 0.0769577 0.0190454 0.00225922
 0.650608 0.25361 0.0768004 0.0149596 0.00402184
 0.603823 0.306907 0.0683047 0.0169094 0.00405598
 0.567534 0.309625 0.0982797 0.0189037 0.00565741
 0.627807 0.258146 0.0852807 0.0231353 0.00563133
 0.619428 0.285319 0.0695156 0.0193768 0.00636057
 0.369472 0.465296 0.12906 0.0265925 0.00957999
 0.446728 0.274219 0.21417 0.0509682 0.0139148
 0.49773 0.290741 0.112945 0.0761097 0.0224752
pobs_PELACES
 0 0 0 0 0
 0 0 0 0 0
 0 0 0 0 0
 0 0 0 0 0
 0 0 0 0 0
 0 0 0 0 0
 0 0 0 0 0
 0 0 0 0 0
 0 0 0 0 0
 0 0 0 0 0
 0.450072 0.473896 0.0757376 0.000293798 0
 0 0 0 0 0
 0.463077 0.371075 0.160297 0.00555027 0
 0.529543 0.364841 0.0842815 0.0213345 0
 0.631943 0.363953 0.00410389 0 0
 0.735681 0.248677 0.0153453 0.000297389 0
 0.695825 0.281241 0.0229344 0 0
 0.275771 0.60734 0.115278 0.00161068 0
 0 0 0 0 0
 0.896147 0.0623911 0.0374545 0.00400742 0
 0.803859 0.145111 0.0509908 3.86294e-05 0
 0.739449 0.233085 0.0266225 0.000797448 4.60066e-05
 0.878498 0.100942 0.0204185 0.000141795 0
 0.694673 0.275183 0.0284847 0.00165964 0
 0.469039 0.446079 0.0841089 0.000773354 0
 0.822795 0.102175 0.0682046 0.00682512 0
 0 0 0 0 0
ppred_PELACES
 0.799001 0.158635 0.0379902 0.00437138 2.57354e-06
 0.766012 0.203294 0.0246283 0.00544318 0.00062301
 0.647883 0.305348 0.0411068 0.00454879 0.00111333
 0.72392 0.202677 0.0644891 0.00784221 0.00107155
 0.722834 0.210546 0.0491958 0.0153117 0.00211271
 0.574028 0.332163 0.0715587 0.0164356 0.00581527
 0.737737 0.169497 0.0730278 0.0150681 0.00467
 0.673189 0.263131 0.0417206 0.0172967 0.00466247
 0.743083 0.195845 0.049756 0.00742553 0.00389111
 0.709835 0.235135 0.0425496 0.0101762 0.00230394
 0.591308 0.327739 0.0663281 0.0113192 0.00330645
 0.613608 0.274593 0.0911406 0.0169456 0.00371313
 0.784768 0.164517 0.0370086 0.0111873 0.00251916
 0.838096 0.150067 0.00939569 0.00178668 0.000654052
 0.891051 0.104444 0.00425009 0.000203208 5.17569e-05
 0.813326 0.177968 0.0084217 0.00026887 1.5829e-05
 0.690142 0.274635 0.0337425 0.00143298 4.80528e-05
 0.730469 0.20988 0.0533318 0.00605494 0.000264201
 0.689182 0.248371 0.0492349 0.0118177 0.00139434
 0.752453 0.188788 0.0474091 0.00895476 0.00239452
 0.696228 0.243272 0.0466019 0.0112206 0.00267741
 0.668606 0.247819 0.0672561 0.0125753 0.00374374
 0.725977 0.199765 0.0559451 0.0147432 0.00356967
 0.716643 0.221208 0.0457244 0.0123817 0.00404293
 0.472352 0.405216 0.0962432 0.0192794 0.00690908
 0.56009 0.235468 0.157959 0.0365549 0.00992771
 0.603151 0.244719 0.0823064 0.0539693 0.0158544
pobs_pel_tallas
 0 0 0 0 0 0 0 0 0 0 0 0 0 0 0 0 0 0 0 0 0 0 0 0 0 0 0 0 0 0 0 0 0 0 0 0
 0 0 0 0 0 0 0 0 0 0 0 0 0 0 0 0 0 0 0 0 0 0 0 0 0 0 0 0 0 0 0 0 0 0 0 0
 0 0 0 0 0 0 0 0 0 0 0 0 0 0 0 0 0 0 0 0 0 0 0 0 0 0 0 0 0 0 0 0 0 0 0 0
 0 0 0 0 0 0 0 0 0 0 0 0 0 0 0 0 0 0 0 0 0 0 0 0 0 0 0 0 0 0 0 0 0 0 0 0
 0 0 0 0 0 0 0 0 0 0 0 0 0 0 0 0 0 0 0 0 0 0 0 0 0 0 0 0 0 0 0 0 0 0 0 0
 0 0 0 0 0 0 0 0 0 0 0 0 0 0 0 0 0 0 0 0 0 0 0 0 0 0 0 0 0 0 0 0 0 0 0 0
 0 0 0 0 0 0 0 0 0 0 0 0 0 0 0 0 0 0 0 0 0 0 0 0 0 0 0 0 0 0 0 0 0 0 0 0
 0 0 0 0 0 0 0 0 0 0 0 0 0 0 0 0 0 0 0 0 0 0 0 0 0 0 0 0 0 0 0 0 0 0 0 0
 0 0 0 0 0 0 0 0 0 0 0 0 0 0 0 0 0 0 0 0 0 0 0 0 0 0 0 0 0 0 0 0 0 0 0 0
 0 0 0 0 0 0 0 0 0 0 0 0 0 0 0 0 0 0 0 0 0 0 0 0 0 0 0 0 0 0 0 0 0 0 0 0
 0 0 0 0 0 0 0 0 1.78061e-05 0.00172719 0.00360574 0.0105946 0.0120993 0.0124554 0.0147524 0.0171206 0.0266825 0.0428682 0.0675386 0.121331 0.153587 0.119568 0.100827 0.0573624 0.0630603 0.0341343 0.0324427 0.0444173 0.0211091 0.0280891 0.0125444 0.00206551 0 0 0 0
 0 0 0 0 0 0 0 0 0 0 0 0 0 0 0 0 0 0 0 0 0 0 0 0 0 0 0 0 0 0 0 0 0 0 0 0
 0 0 0 0 0 0 0.0133647 0.0140871 0.0187388 0.0205184 0.03894 0.0496705 0.03968 0.0493445 0.0407372 0.0367815 0.0215668 0.0243155 0.0234873 0.0199281 0.019796 0.0243948 0.0301388 0.0376714 0.0412746 0.0863199 0.0771752 0.113111 0.0741005 0.0525337 0.0229764 0.00759418 0.00175318 0 0 0
 0 0 0 0 0 0 0 0 0 0 0.00219441 0.00772107 0.0458388 0.0604681 0.0671733 0.0775358 0.0609151 0.0617685 0.073594 0.0568108 0.0755445 0.0548602 0.0670107 0.0636378 0.0643287 0.046367 0.0373049 0.0286899 0.0247887 0.0153202 0.00654259 0.00121912 0.000365735 0 0 0
 0 0 0 0 0 0 0 0 0 0 0 0 0.000112435 0.00938835 0.0111873 0.0202946 0.0414886 0.0713402 0.111592 0.104902 0.108894 0.110636 0.117776 0.105296 0.107544 0.0401394 0.0192827 0.0124803 0.00416011 0.0028671 0.000618394 0 0 0 0 0
 0 0 0 0 0 0 0 0 0 0 0.00291406 0.0102884 0.027416 0.0768956 0.0749926 0.110853 0.0956884 0.0897413 0.0766577 0.0534642 0.0500743 0.0551293 0.0594112 0.0620874 0.0668451 0.0424026 0.0208742 0.0120726 0.0048766 0.00582813 0.00118941 0.000297354 0 0 0 0
 0 0.00264628 0.0354308 0.0461629 0.0458689 0.0383711 0.0214643 0.0164657 0.0346957 0.0420465 0.0363128 0.0245516 0.0311673 0.0291091 0.0169068 0.0133784 0.00837989 0.0085269 0.0148486 0.0160247 0.0276389 0.0546898 0.0760071 0.122758 0.109233 0.0665981 0.0333725 0.0166128 0.00676272 0.00308733 0.000882094 0 0 0 0 0
 0 0 0 0 0 0 0 0.000805153 0.000690131 0.00759144 0.0133425 0.0154129 0.00931677 0.000345066 0.00356568 0.00563607 0.00851162 0.0253048 0.0502646 0.0516448 0.0657925 0.0565908 0.0611916 0.0827007 0.0866115 0.110766 0.145733 0.0935128 0.0569358 0.0249597 0.0138026 0.00621118 0.00161031 0.00115022 0 0
 0 0 0 0 0 0 0 0 0 0 0 0 0 0 0 0 0 0 0 0 0 0 0 0 0 0 0 0 0 0 0 0 0 0 0 0
 0.00147267 0.00158595 0.00478618 0.00569244 0.00954404 0.0108468 0.00647125 0.017049 0.0510054 0.094081 0.124002 0.0959785 0.0687766 0.0820023 0.061753 0.0591476 0.0492212 0.0479892 0.0443925 0.0268479 0.0217502 0.0140895 0.0121071 0.0120363 0.00920419 0.00665534 0.0049561 0.00860946 0.00930331 0.0156896 0.0114698 0.00855282 0.00243557 0.00046729 0 2.83206e-05
 0 0 0 0 0.000772559 0.00158375 0.000888443 0.00281984 0.00712685 0.0440552 0.0773331 0.111326 0.0921469 0.0852325 0.0710754 0.0886704 0.0786465 0.0553345 0.0373146 0.0185414 0.00753245 0.00457741 0.012979 0.0271748 0.0457355 0.0583668 0.034881 0.0177882 0.00938659 0.00492506 0.0015258 0.00185414 0.000309023 5.79419e-05 3.86279e-05 0
 0 0.00173294 0.00326652 0 0.00397197 0.00683976 0.00946217 0.0152591 0.00757587 0.0136028 0.0228656 0.0392903 0.0559909 0.0764795 0.0681675 0.0726916 0.0566044 0.0477403 0.0527397 0.0444891 0.0609904 0.0582453 0.0661739 0.0445044 0.0529084 0.0360697 0.0280645 0.0235558 0.0158879 0.00826598 0.00280645 0.00217768 0.000904811 0.00058276 9.20147e-05 0
 0 0 0 0 0 0 0 0 0 0 0 0 0 0 0 0 0 0 0 0 0 0 0 0 0 0 0 0 0 0 0 0 0 0 0 0
 0 0 0 0 0 0 0 0 0 0 0 0 0 0 0 0 0 0 0 0 0 0 0 0 0 0 0 0 0 0 0 0 0 0 0 0
 0 0 0 0 0 0 0 0 0 0 0 0 0 0 0 0 0 0 0 0 0 0 0 0 0 0 0 0 0 0 0 0 0 0 0 0
 0 0 0 0 0 0 0 0 0 0 0 0 0 0 0 0 0 0 0 0 0 0 0 0 0 0 0 0 0 0 0 0 0 0 0 0
 0 0 0 0 0 0 0 0 0 0 0 0 0 0 0 0 0 0 0 0 0 0 0 0 0 0 0 0 0 0 0 0 0 0 0 0
ppred_pel_tallas
 1.00742e-16 3.48593e-05 0.000204601 0.000972594 0.00374456 0.0116771 0.0294953 0.0603511 0.100038 0.134346 0.146188 0.128932 0.0922592 0.0537727 0.0259647 0.0112113 0.00569437 0.00492173 0.00613902 0.00813514 0.0104148 0.0126816 0.0146671 0.0161248 0.0168737 0.0168375 0.0160605 0.0146904 0.0129376 0.0110244 0.00914049 0.00741701 0.00592161 0.00466978 0.00364401 0.00281234
 1.00633e-16 3.34226e-05 0.000196163 0.000932466 0.00359004 0.0111952 0.0282782 0.0578612 0.0959121 0.128809 0.140176 0.123658 0.0885459 0.0517316 0.0252091 0.0112775 0.00629609 0.00597038 0.00765659 0.0101681 0.0129792 0.0157334 0.0180911 0.0197408 0.0204598 0.0201651 0.0189324 0.0169721 0.0145746 0.0120408 0.0096231 0.00749011 0.0057202 0.00431758 0.00323956 0.00242368
 1.00892e-16 2.82758e-05 0.000165937 0.000788749 0.00303666 0.00946948 0.0239193 0.0489433 0.0811336 0.108974 0.118622 0.104721 0.0751528 0.0442433 0.0221881 0.0109916 0.0076331 0.00852147 0.0114231 0.0152795 0.0195242 0.0236743 0.0272287 0.0297201 0.0308126 0.0303797 0.0285331 0.0255873 0.0219772 0.018155 0.0145007 0.0112697 0.00858255 0.0064486 0.00480648 0.00356438
 1.01302e-16 3.15873e-05 0.000185388 0.00088124 0.00339281 0.0105801 0.0267246 0.0546824 0.0906433 0.121735 0.132481 0.116878 0.0837112 0.048947 0.023928 0.0108361 0.00624098 0.00609544 0.0079105 0.0105706 0.0135789 0.0165912 0.0192712 0.0213028 0.0224488 0.0226016 0.0218039 0.0202285 0.0181284 0.0157739 0.0133983 0.0111663 0.00916796 0.00743254 0.00595135 0.00469911
 1.01392e-16 3.15402e-05 0.000185111 0.000879921 0.00338773 0.0105643 0.0266846 0.0546006 0.0905079 0.121554 0.132285 0.11671 0.0835987 0.0488979 0.0239349 0.0108904 0.00634168 0.0062477 0.00812107 0.0108422 0.0139055 0.0169555 0.0196445 0.0216479 0.0227259 0.0227763 0.0218547 0.0201519 0.0179401 0.0155061 0.0130928 0.0108664 0.00891102 0.00724417 0.00584318 0.00466946
 1.01961e-16 2.50565e-05 0.000147034 0.000698877 0.00269062 0.00839036 0.0211936 0.0433666 0.071891 0.096566 0.105131 0.0928484 0.066715 0.0394419 0.0200887 0.0104626 0.00791959 0.00930353 0.012645 0.0169903 0.0217906 0.0265421 0.030706 0.0337723 0.0353656 0.0353295 0.0337589 0.0309636 0.0273825 0.0234762 0.0196347 0.0161237 0.0130754 0.0105138 0.00839621 0.00665327
 1.01828e-16 3.21885e-05 0.00018892 0.000898039 0.0034575 0.0107819 0.0272342 0.0557248 0.0923701 0.124051 0.134992 0.119075 0.0852407 0.0497538 0.0241599 0.0106674 0.00576743 0.00532755 0.00681518 0.00911386 0.0117563 0.0144465 0.0169035 0.0188614 0.0201144 0.0205594 0.0202127 0.0191955 0.0176945 0.0159128 0.0140282 0.0121693 0.0104116 0.00878933 0.00731226 0.00598117
 1.01491e-16 2.93776e-05 0.000172409 0.000819526 0.00315517 0.00983907 0.0248528 0.0508531 0.0842978 0.113219 0.123231 0.108759 0.0779857 0.0457801 0.0227165 0.010855 0.00703567 0.00751362 0.00997113 0.0133354 0.0170723 0.0207586 0.0239636 0.0262854 0.0274321 0.0272884 0.0259395 0.0236418 0.0207526 0.0176437 0.0146266 0.0119095 0.00959032 0.0076778 0.00612647 0.00486995
 1.01208e-16 3.24226e-05 0.000190292 0.000904558 0.00348259 0.0108601 0.0274318 0.0561294 0.0930414 0.124954 0.135981 0.119958 0.0858998 0.0501915 0.0244704 0.010969 0.00615926 0.0058803 0.00757409 0.0100974 0.0129485 0.0157888 0.0182928 0.0201572 0.0211579 0.0211983 0.0203292 0.0187275 0.0166469 0.0143553 0.0120809 0.00998139 0.00813777 0.00656921 0.00525642 0.00416423
 1.01139e-16 3.09744e-05 0.000181786 0.000864112 0.00332685 0.0103744 0.0262051 0.0536197 0.0888827 0.119373 0.129919 0.114637 0.0821479 0.0481168 0.0236779 0.0109843 0.00668534 0.00681894 0.00893994 0.0119338 0.015275 0.0185731 0.0214399 0.0235144 0.0245337 0.0243924 0.0231652 0.0210799 0.0184566 0.0156293 0.01288 0.0103994 0.00828023 0.00653513 0.00512708 0.00399861
 1.01592e-16 2.58099e-05 0.000151457 0.000719906 0.00277159 0.00864286 0.0218314 0.0446715 0.0740537 0.0994695 0.108289 0.095628 0.0686928 0.040572 0.0205917 0.0106062 0.00788384 0.00916737 0.0124254 0.0166784 0.0213716 0.0260028 0.0300385 0.0329751 0.0344437 0.0342936 0.0326243 0.029749 0.0261095 0.0221689 0.0183196 0.014829 0.0118298 0.0093444 0.00732665 0.00570133
 1.0214e-16 2.67801e-05 0.000157159 0.000747021 0.002876 0.00896849 0.0226538 0.0463539 0.0768408 0.103208 0.112343 0.0991737 0.0711635 0.0418783 0.0209732 0.0103467 0.00714057 0.00796122 0.0107076 0.0143992 0.0185285 0.02267 0.0263769 0.0292225 0.0308841 0.0312125 0.0302596 0.0282515 0.025522 0.0224277 0.0192765 0.0162855 0.0135739 0.0111819 0.00910182 0.00730632
 1.01082e-16 3.42389e-05 0.000200959 0.000955274 0.00367787 0.0114691 0.0289701 0.0592764 0.0982567 0.131954 0.143588 0.126645 0.0906336 0.0528482 0.0255614 0.0111113 0.00575196 0.00507483 0.00637579 0.00846308 0.0108439 0.0132171 0.0153068 0.016859 0.0176869 0.0177116 0.0169779 0.015636 0.0139002 0.0119952 0.0101115 0.00837886 0.00686222 0.0055742 0.00449562 0.00359484
 1.00275e-16 3.65637e-05 0.000214608 0.00102017 0.00392774 0.0122483 0.0309382 0.0633034 0.104931 0.140915 0.153332 0.135221 0.0967344 0.0563303 0.0271039 0.0115373 0.00561393 0.00461139 0.00563356 0.0074096 0.00942807 0.0113955 0.0130552 0.0141778 0.0146021 0.0142726 0.0132528 0.0117073 0.00985926 0.00793865 0.00613689 0.00458008 0.00332398 0.00236631 0.00166776 0.00117333
 1.00104e-16 3.88709e-05 0.000228158 0.0010846 0.00417581 0.0130219 0.0328923 0.0673011 0.111556 0.149807 0.162994 0.143711 0.102739 0.0596881 0.0284598 0.0116684 0.00501932 0.00347519 0.00395613 0.00513389 0.00651521 0.00786297 0.00899223 0.00974266 0.0100028 0.0097357 0.00898786 0.00787654 0.00656009 0.00520126 0.00393533 0.00285116 0.00198749 0.00134157 0.000883956 0.00057377
 1.00188e-16 3.54847e-05 0.000208271 0.000990037 0.00381171 0.0118865 0.0300243 0.0614336 0.101833 0.136757 0.148815 0.131256 0.0939372 0.0547809 0.0265071 0.0115383 0.00598977 0.00528744 0.00661979 0.00873842 0.0111157 0.0134217 0.0153547 0.0166432 0.0170973 0.0166531 0.0153891 0.0135041 0.011267 0.00895438 0.00679647 0.00494469 0.00346556 0.00235515 0.00156432 0.00102437
 1.00621e-16 3.01173e-05 0.000176751 0.000840165 0.00323463 0.0100869 0.0254787 0.0521338 0.0864209 0.116071 0.126335 0.1115 0.0799542 0.0469413 0.0233026 0.01115 0.00724296 0.00773956 0.0102584 0.0136913 0.0174796 0.0211766 0.0243286 0.0265151 0.0274351 0.0269775 0.0252463 0.0225294 0.019223 0.015739 0.0124234 0.00950843 0.00710317 0.00521473 0.00378481 0.00272649
 1.01046e-16 3.18731e-05 0.000187065 0.000889214 0.0034235 0.0106759 0.0269664 0.0551772 0.0914637 0.122837 0.133681 0.117939 0.0844757 0.049403 0.0241674 0.0109713 0.00635379 0.00623001 0.00808534 0.0107884 0.0138294 0.0168513 0.0195053 0.0214657 0.0224919 0.0224813 0.0214897 0.0197095 0.0174162 0.0149013 0.0124142 0.0101279 0.00813255 0.00645054 0.00506127 0.00392537
 1.01252e-16 3.00744e-05 0.000176501 0.000838984 0.00323009 0.0100727 0.025443 0.0520604 0.0862986 0.115905 0.126149 0.111323 0.0797985 0.046793 0.0231241 0.0108919 0.00685265 0.00716693 0.00946235 0.0126499 0.0162024 0.0197144 0.0227773 0.025009 0.0261302 0.0260269 0.0247742 0.022609 0.0198654 0.0168932 0.0139886 0.0113529 0.0090857 0.00720335 0.00567066 0.00443107
 1.01155e-16 3.28309e-05 0.00019269 0.000915958 0.00352649 0.010997 0.0277776 0.0568368 0.0942137 0.126528 0.137691 0.121461 0.086964 0.0507888 0.0247159 0.0110014 0.00606844 0.00570046 0.00730668 0.00973302 0.0124798 0.0152168 0.0176296 0.0194259 0.0203895 0.0204277 0.0195893 0.0180449 0.0160392 0.0138301 0.0116378 0.00961395 0.0078366 0.00632417 0.00505809 0.00400456
 1.01252e-16 3.03814e-05 0.000178304 0.000847556 0.0032631 0.0101757 0.025703 0.0525924 0.0871801 0.117088 0.127435 0.112453 0.0805989 0.0472425 0.0233094 0.0109173 0.00678585 0.00703367 0.0092636 0.0123783 0.0158516 0.0192844 0.022276 0.0244527 0.0255416 0.0254319 0.0241984 0.0220742 0.0193874 0.0164811 0.0136452 0.0110762 0.00887045 0.00704248 0.00555623 0.00435493
 1.01643e-16 2.91772e-05 0.000171234 0.000813942 0.00313368 0.00977204 0.0246835 0.0505065 0.083723 0.112446 0.122387 0.108008 0.0774344 0.0454305 0.0224956 0.0106722 0.00681948 0.00721849 0.00957248 0.0128273 0.0164699 0.0201016 0.0233159 0.0257296 0.027057 0.0271733 0.026138 0.02417 0.0215851 0.0187174 0.0158528 0.0131889 0.0108295 0.00880143 0.00708464 0.00563975
 1.01533e-16 3.16769e-05 0.000185914 0.000883741 0.00340244 0.0106102 0.0268005 0.0548377 0.0909005 0.12208 0.132855 0.117207 0.0839414 0.0490717 0.0239704 0.0108236 0.00618953 0.00600777 0.00778184 0.0103942 0.0133499 0.0163093 0.0189422 0.0209395 0.0220702 0.0222317 0.0214688 0.0199535 0.0179352 0.015678 0.0134074 0.0112794 0.00937573 0.00771837 0.00629341 0.00507295
 1.01336e-16 3.12707e-05 0.000183527 0.000872392 0.00335873 0.0104739 0.0264562 0.0541334 0.0897339 0.120515 0.131158 0.115722 0.0829058 0.0485222 0.023806 0.0109243 0.00648824 0.00649422 0.00847506 0.0113142 0.0144978 0.0176553 0.0204219 0.0224573 0.0235121 0.0234833 0.0224349 0.0205739 0.0181933 0.0155998 0.0130527 0.0107279 0.00871211 0.00701975 0.00562109 0.00446886
 1.02484e-16 2.0626e-05 0.000121017 0.00057517 0.00221429 0.00690493 0.0174416 0.0356903 0.0591697 0.0794907 0.0865738 0.0765361 0.0551619 0.0329494 0.0174054 0.0100784 0.00885399 0.0111796 0.0154422 0.0208083 0.0267113 0.0325616 0.0377065 0.0415229 0.0435494 0.0435901 0.041754 0.0384114 0.0340908 0.0293487 0.0246581 0.0203434 0.0165693 0.0133709 0.0107037 0.00849053
 1.04039e-16 2.44451e-05 0.000143453 0.00068187 0.00262517 0.00818628 0.020678 0.0423109 0.0701387 0.0942054 0.102543 0.0905201 0.0649492 0.0382126 0.019124 0.00941883 0.00649502 0.00726796 0.00984109 0.0133497 0.0173675 0.0215451 0.0255066 0.028877 0.0313495 0.0327433 0.0330295 0.0323158 0.0307995 0.0287089 0.0262533 0.0235959 0.0208519 0.0181013 0.0154078 0.012831
 1.03844e-16 2.63229e-05 0.000154477 0.000734279 0.00282696 0.00881554 0.0222675 0.0455631 0.0755293 0.101444 0.110418 0.0974613 0.0699066 0.0410823 0.0204708 0.00992941 0.00664111 0.00726748 0.00974951 0.0131423 0.0169796 0.0208879 0.0244776 0.0273745 0.029291 0.0300855 0.0297861 0.0285659 0.0266856 0.0244218 0.0220078 0.0196017 0.0172854 0.0150855 0.0130017 0.0110317
pSPR Fmed_Fpbrs
0.526476   0.6 0.325
Fs Fmed_Fpbrs
0.64   0.4659 1.62753
SSBpbr Bo_Bmed_Bpbrs
847057  403602  465881 232941
Ro
35204.8
SPR SPRFo_SPRFmed_SPRFpbrs
729311 383964 237026
log_Ro
10.2889
likeval ReclasPelacesDesembMPH_pf_preclas_ppelaces_ptallas_desvR_qrecl_qpela
 64.8476 15.0777 0.00960276 0.000568327 344.732 208.9 55.623 0 16.5196 6.87558e-07 7.23227e-05 1.57038e-14 0 0 0
q_reclas_q_pelaces
0.889141 3.35316
M
0.7
N
 35756.8 10419.8 3330.61 392.234 0.231208
 43228.9 16086.7 2534.79 572.179 65.5647
 21068.1 19621.1 4171.56 478.879 117.44
 30354.5 8948.39 3149.29 386.085 52.7773
 54994 14562.7 3463.53 1079.53 148.965
 39519.6 27144.2 6921.73 1611.46 570.59
 75704.4 18525.2 8885.59 1849.27 573.405
 73182.9 36239.1 7056.42 2974.18 802.429
 97178.1 33875.5 10830.2 1646.41 863.609
 113939 44609.2 9531.89 2310.3 523.441
 63735.6 53453.9 14690.2 2569.34 751.529
 44433.8 28505.6 12461.1 2368.69 519.653
 48090.2 20081.7 7166.66 2248.24 507.278
 25661.1 20394 3187.35 652.335 239.752
 14771.8 9319.51 1055.78 54.808 14.0218
 12992.9 5168.27 368.434 12.1563 0.716943
 9376.09 5608.39 932.192 40.5616 1.36196
 11391.8 4198.83 1319.61 152.4 6.65597
 12318.7 5260.4 1233.07 299.984 35.4199
 19214.3 5776.44 1726.19 330.637 88.4799
 25340.8 8990.44 1866.14 452.229 107.946
 31581 12243.2 3661.3 689.934 205.484
 50745.8 15170.7 4783.32 1272.61 308.288
 72408.2 24198.4 5620.33 1536.24 501.878
 38765.1 34551.5 9008.48 1818.15 651.826
 43271.9 18645.9 13625.6 3175.01 862.6
 51989.1 20868.5 7494.22 4940 1451.63
pred_Ctot
 2431.75 3980.46 1662.24 198.903 0.117345
 2686.98 5735.59 1192.3 273.662 31.3861
 2212.06 10169.1 2672.09 310.443 76.1812
 741.373 1439.91 716.538 89.7947 12.2892
 239.048 449.917 157.688 50.4053 6.96483
 1597.9 6813.59 2382.27 565.591 200.474
 1965.86 3151.1 2130.58 453.157 140.674
 3585.87 10682.9 2807.87 1205.44 325.545
 5307.18 10905.3 4659.62 720.965 378.531
 4542.53 11064.1 3244.93 802.114 181.924
 4581.61 21287.6 7595 1349.11 394.938
 2888.08 10520 6038.15 1166.66 256.167
 5095.92 10469.3 4611.64 1464.01 330.537
 5047.8 14766.5 2592.86 533.811 196.252
 3202.25 7011.58 879.979 45.9168 11.7503
 1231.8 2504.8 223.854 7.48237 0.441592
 666.092 2213.93 478.386 21.1425 0.710498
 576.805 1271.45 537.815 63.2507 2.76509
 495.234 1314.01 422.503 104.824 12.3898
 800.828 1487.81 608.205 118.779 31.8186
 494.173 1176.62 348.751 86.4584 20.6625
 742.813 1903.68 806.395 155.354 46.3239
 1453.36 2817.85 1245.88 338.611 82.1211
 2039.99 4429.15 1443.86 403.195 131.871
 876.784 5183.62 1917.85 395.783 142.06
 899.066 2587.51 2693.12 641.848 174.59
 830.004 2265.89 1170.35 789.658 232.331
F
 0.0987465 0.713602 1.06146 1.08941 1.09092
 0.0899047 0.649706 0.966416 0.991863 0.99324
 0.156288 1.12943 1.67999 1.72422 1.72662
 0.0344815 0.249184 0.370653 0.380413 0.380941
 0.00606045 0.0437965 0.0651458 0.0668612 0.066954
 0.0576664 0.416732 0.619876 0.636198 0.637081
 0.0366966 0.265192 0.394464 0.404851 0.405412
 0.0702688 0.507805 0.755343 0.775232 0.776308
 0.0786055 0.568051 0.844956 0.867206 0.868409
 0.0568403 0.410762 0.610996 0.627084 0.627954
 0.104643 0.756211 1.12484 1.15446 1.15606
 0.0941884 0.680662 1.01246 1.03912 1.04056
 0.157836 1.14062 1.69664 1.74131 1.74373
 0.312867 2.26096 3.36311 3.45167 3.45646
 0.350179 2.5306 3.76419 3.86331 3.86867
 0.140143 1.01276 1.50644 1.54611 1.54825
 0.103358 0.746925 1.11103 1.14028 1.14186
 0.0726895 0.525298 0.781364 0.801938 0.803051
 0.0573283 0.414289 0.616241 0.632468 0.633345
 0.0594906 0.429915 0.639485 0.656324 0.657235
 0.0274465 0.198345 0.295032 0.302801 0.303221
 0.0331878 0.239835 0.356747 0.366141 0.366649
 0.0405416 0.292978 0.435795 0.447271 0.447891
 0.0398695 0.288121 0.428571 0.439856 0.440466
 0.0318956 0.230497 0.342856 0.351884 0.352373
 0.0292659 0.211493 0.314589 0.322873 0.323321
 0.02242 0.162021 0.241 0.247346 0.24769
Np
 24655.8 11738.1 9243.12 2781.35 1196.26
YTP_r0W_actual
 12535.6 97489.7 66121.7 54561 18246.9
YTP_p0W_proyectada
 6311.99 111624 76808.3 32541.6 33997.4
 6311.99 51902.6 80557.8 30948.5 15300.2
CTP_r0_actual
 1547.61 4011.92 2015.9 1357.24 399.276
CTP_p0_proyectada
 733.952 4853.24 2370.63 803.497 731.128
 733.952 2256.63 2486.35 764.161 329.037
Wmedp
 8.6 23 32.4 40.5 46.5
nmprior
 10.8 10.6 4.6 0
nm_flota  nm_reclas  nm_pelaces    nm_pelaL
inf 22.5961 17.2994 54.1059
cv_recla  cv_pelaces  cv_mph
0.697393 0.425362 0.63714
 ------------------------------------------------
Talla a la edad & desviaci?n 
 7.2 14.2025 17.0495 18.207 18.6776
 1.08 2.13037 2.55742 2.73105 2.80164
