years
 1997 1998 1999 2000 2001 2002 2003 2004 2005 2006 2007 2008 2009 2010 2011 2012 2013 2014 2015 2016 2017 2018 2019 2020 2021 2022 2023
reclasobs
 0 0 0 370054 412103 1.49427e+06 250295 1.28982e+06 931140 785840 897777 1.04006e+06 184774 17550 25797 100020 73551 82996 120727 218422 84188 347160 605670 569463 516374 1.08416e+06 1.01767e+06
reclaspred
 500481 129180 324568 214145 343671 435608 952971 664757 755744 791657 680815 467360 279970 112884 68030.7 68125.7 80291.3 108310 120896 162679 246974 236726 400063 525930 716258 693992 656490
pelacesobs
 0 0 0 0 0 0 0 0 0 2.06254e+06 1.5e+06 0 1.87456e+06 323000 250000 174000 83755 137374 0 501740 490994 745055 786931 1.00524e+06 1.33801e+06 1.41789e+06 1.42762e+06
pelacespred
 2.0675e+06 405627 651086 660236 960787 858857 2.54395e+06 1.98069e+06 2.14167e+06 2.22103e+06 1.5769e+06 1.11754e+06 706924 228886 150999 151494 183826 258944 276027 379990 671578 582053 806095 1.23524e+06 1.58851e+06 1.62808e+06 1.56202e+06
mphobs
 0 0 0 0 0 112323 0 153150 637223 0 255016 313432 73983 77613 109348 50772 17779 17303 59886 28197 0 207744 136588 643089 65757 70829 0
mphpred
 152973 83921.1 92526.9 85967.5 98208.1 166461 235977 301970 263579 287604 302342 207331 126781 66925.2 29216.2 24525.5 27130.8 34568.9 43914.6 50482.8 76147.4 93987.9 115846 163075 247228 267514 244661
desembarqueobs
 350755 77701 442110 56441 14545 235359 269955 359681 431902 328805 639364 411747 362871 311530 167758 66681 60226 58785 57116 73181 50977 67692 138656 160484 209506 203330 142539
desembarquepred
 350760 77699.2 442089 56444.9 14545.4 235455 270032 359673 431947 328808 639298 411788 362935 311638 167580 66674.1 60252.3 58778.4 57099.9 73176.9 50979.5 67681.4 138660 160497 209496 203312 142535
Reclutas
 35744 43210.6 21042.1 30310.3 54936.9 39479 75647 73193.2 97248.1 114063 63639.8 44362.8 48155.7 25659.2 14786.3 13023.1 9377.6 11380 12331.2 19265.9 25380.5 31637.5 50745.6 72063.4 38226 41918.1 49578.5
log_desv_Rt
 0.0187078 0.208412 -0.51115 -0.146185 0.448512 0.118094 0.768405 0.735429 1.01959 1.17907 0.595566 0.234728 0.316767 -0.31277 -0.86397 -0.990952 -1.31935 -1.12581 -1.04554 -0.599336 -0.323691 -0.10333 0.369152 0.719873 0.0858438 0.178046 0.345884
SSB
 427465 234508 258556 240227 274431 465157 659411 843820 736541 803676 844861 579364 354275 187015 81641.2 68533.8 75813.9 96598.8 122714 141069 212785 262639 323720 455695 690852 747539 683679
BT
 1.50536e+06 361836 618409 436455 562602 665271 1.66749e+06 1.53621e+06 1.63554e+06 1.58922e+06 1.46519e+06 1.00749e+06 757363 417597 223765 141715 154560 196393 204586 277610 427190 389826 554570 837877 1.05246e+06 1.08473e+06 997757
Ftot
 1.08849 0.991729 1.72569 0.381146 0.0670014 0.637642 0.40584 0.776775 0.868394 0.627316 1.15415 1.03969 1.74419 3.45363 3.86457 1.54498 1.13765 0.800626 0.632464 0.655962 0.302246 0.365485 0.446478 0.439754 0.353246 0.326268 0.253344
BD_Bspro_t
 0.903984 0.627082 0.544498 0.355772 0.512682 0.694353 0.638328 0.663539 0.597283 0.572773 0.553134 0.389873 0.283509 0.191972 0.105107 0.108108 0.159197 0.255683 0.358441 0.450373 0.581186 0.691931 0.699493 0.706945 0.733058 0.689928 0.666833
BD_Bspro
 0.588181 0.322678 0.355767 0.330546 0.377611 0.640046 0.907334 1.16108 1.01346 1.10584 1.16251 0.797192 0.487474 0.257328 0.112336 0.0943009 0.104318 0.132918 0.168852 0.194107 0.292788 0.361385 0.445431 0.627026 0.950597 1.0286 0.940726
BD_Bo
 0.505559 0.277351 0.305792 0.284114 0.324568 0.550137 0.779879 0.997979 0.871101 0.9505 0.999209 0.685209 0.418997 0.221181 0.0965564 0.0810543 0.0896644 0.114247 0.145133 0.166841 0.251659 0.31062 0.38286 0.538947 0.817064 0.884108 0.808581
BD_Brms
 0.919197 0.504274 0.555985 0.51657 0.590123 1.00025 1.41796 1.81451 1.58382 1.72818 1.81674 1.24583 0.761813 0.402147 0.175557 0.147371 0.163026 0.207721 0.263878 0.303347 0.457562 0.564764 0.69611 0.979903 1.48557 1.60747 1.47015
S_f
 0.0907827 0.654827 0.973006 0.998542 0.999923
 0.0907827 0.654827 0.973006 0.998542 0.999923
 0.0907827 0.654827 0.973006 0.998542 0.999923
 0.0907827 0.654827 0.973006 0.998542 0.999923
 0.0907827 0.654827 0.973006 0.998542 0.999923
 0.0907827 0.654827 0.973006 0.998542 0.999923
 0.0907827 0.654827 0.973006 0.998542 0.999923
 0.0907827 0.654827 0.973006 0.998542 0.999923
 0.0907827 0.654827 0.973006 0.998542 0.999923
 0.0907827 0.654827 0.973006 0.998542 0.999923
 0.0907827 0.654827 0.973006 0.998542 0.999923
 0.0907827 0.654827 0.973006 0.998542 0.999923
 0.0907827 0.654827 0.973006 0.998542 0.999923
 0.0907827 0.654827 0.973006 0.998542 0.999923
 0.0907827 0.654827 0.973006 0.998542 0.999923
 0.0907827 0.654827 0.973006 0.998542 0.999923
 0.0907827 0.654827 0.973006 0.998542 0.999923
 0.0907827 0.654827 0.973006 0.998542 0.999923
 0.0907827 0.654827 0.973006 0.998542 0.999923
 0.0907827 0.654827 0.973006 0.998542 0.999923
 0.0907827 0.654827 0.973006 0.998542 0.999923
 0.0907827 0.654827 0.973006 0.998542 0.999923
 0.0907827 0.654827 0.973006 0.998542 0.999923
 0.0907827 0.654827 0.973006 0.998542 0.999923
 0.0907827 0.654827 0.973006 0.998542 0.999923
 0.0907827 0.654827 0.973006 0.998542 0.999923
 0.0907827 0.654827 0.973006 0.998542 0.999923
Scru_reclas
 0.552045 0.861151 0.968956 0.993674 0.998737
 0.552045 0.861151 0.968956 0.993674 0.998737
 0.552045 0.861151 0.968956 0.993674 0.998737
 0.552045 0.861151 0.968956 0.993674 0.998737
 0.552045 0.861151 0.968956 0.993674 0.998737
 0.552045 0.861151 0.968956 0.993674 0.998737
 0.552045 0.861151 0.968956 0.993674 0.998737
 0.552045 0.861151 0.968956 0.993674 0.998737
 0.552045 0.861151 0.968956 0.993674 0.998737
 0.552045 0.861151 0.968956 0.993674 0.998737
 0.552045 0.861151 0.968956 0.993674 0.998737
 0.552045 0.861151 0.968956 0.993674 0.998737
 0.552045 0.861151 0.968956 0.993674 0.998737
 0.552045 0.861151 0.968956 0.993674 0.998737
 0.552045 0.861151 0.968956 0.993674 0.998737
 0.552045 0.861151 0.968956 0.993674 0.998737
 0.552045 0.861151 0.968956 0.993674 0.998737
 0.552045 0.861151 0.968956 0.993674 0.998737
 0.552045 0.861151 0.968956 0.993674 0.998737
 0.552045 0.861151 0.968956 0.993674 0.998737
 0.552045 0.861151 0.968956 0.993674 0.998737
 0.552045 0.861151 0.968956 0.993674 0.998737
 0.552045 0.861151 0.968956 0.993674 0.998737
 0.552045 0.861151 0.968956 0.993674 0.998737
 0.552045 0.861151 0.968956 0.993674 0.998737
 0.552045 0.861151 0.968956 0.993674 0.998737
 0.552045 0.861151 0.968956 0.993674 0.998737
Scru_pelaces
 0.895499 1 1 1 1
 0.895499 1 1 1 1
 0.895499 1 1 1 1
 0.895499 1 1 1 1
 0.895499 1 1 1 1
 0.895499 1 1 1 1
 0.895499 1 1 1 1
 0.895499 1 1 1 1
 0.895499 1 1 1 1
 0.895499 1 1 1 1
 0.895499 1 1 1 1
 0.895499 1 1 1 1
 0.895499 1 1 1 1
 0.895499 1 1 1 1
 0.895499 1 1 1 1
 0.895499 1 1 1 1
 0.895499 1 1 1 1
 0.895499 1 1 1 1
 0.895499 1 1 1 1
 0.895499 1 1 1 1
 0.895499 1 1 1 1
 0.895499 1 1 1 1
 0.895499 1 1 1 1
 0.895499 1 1 1 1
 0.895499 1 1 1 1
 0.895499 1 1 1 1
 0.895499 1 1 1 1
pf_obs 
 0.256992 0.487395 0.22802 0.0275931 0
 0.321318 0.546541 0.124235 0.00734118 0.000564706
 0.182869 0.594174 0.210203 0.0122559 0.00049798
 0.330522 0.361315 0.267642 0.0388342 0.00168674
 0.649043 0.306663 0.0425973 0.00169635 0
 0.582887 0.30429 0.105238 0.00758474 0
 0.465427 0.430635 0.0974691 0.00646863 0
 0.296916 0.608066 0.0921331 0.00288517 0
 0.311714 0.524322 0.152257 0.0117073 0
 0.15457 0.633149 0.183074 0.0267441 0.00246327
 0.131901 0.49318 0.331252 0.0422183 0.00144891
 0.196976 0.569456 0.194076 0.0375587 0.00193317
 0.518974 0.381816 0.0799577 0.0180837 0.00116848
 0.0928022 0.601141 0.25162 0.0475244 0.00691264
 0.122501 0.610282 0.24278 0.0234846 0.000952079
 0.383417 0.481906 0.127806 0.00687128 0
 0.0376549 0.599619 0.316969 0.0457579 0
 0.0361596 0.667082 0.258105 0.0386534 0
 0.158088 0.579412 0.248529 0.0139706 0
 0.0477256 0.309471 0.559284 0.082774 0.000745712
 0.0406174 0.521527 0.379366 0.0568643 0.0016247
 0.151134 0.462217 0.34131 0.0453401 0
 0.294876 0.26143 0.354403 0.0886775 0.000613685
 0.281977 0.475581 0.204845 0.0348837 0.00271318
 0.0841818 0.532909 0.334909 0.0458182 0.00218182
 0.115287 0.27431 0.454777 0.147771 0.00785563
 0.0989387 0.350907 0.424855 0.114687 0.0106128
pf_pred 
 0.293993 0.481088 0.200868 0.0240367 1.41128e-05
 0.271127 0.57776 0.120282 0.0276586 0.00317284
 0.143411 0.658469 0.172997 0.0201643 0.00495826
 0.247546 0.47976 0.238621 0.029958 0.00411585
 0.264978 0.497511 0.174111 0.0556871 0.00771303
 0.138543 0.589501 0.205794 0.0488358 0.0173263
 0.251328 0.401839 0.27126 0.0576713 0.0179008
 0.193291 0.574034 0.150607 0.0646219 0.017446
 0.242232 0.496334 0.211553 0.0327138 0.0171672
 0.229549 0.557752 0.163253 0.04031 0.00913682
 0.130076 0.604884 0.215578 0.0382706 0.0111911
 0.13849 0.503513 0.289685 0.056019 0.0122921
 0.232853 0.475835 0.209462 0.0667631 0.0150868
 0.218432 0.638462 0.111611 0.023002 0.0084934
 0.287821 0.628115 0.0788951 0.00411296 0.00105525
 0.311161 0.630568 0.0562702 0.00189021 0.000111562
 0.196945 0.655181 0.141407 0.00625579 0.000211324
 0.23506 0.518049 0.219867 0.0258908 0.00113343
 0.211337 0.558604 0.179886 0.0448624 0.00531051
 0.263569 0.487984 0.198976 0.0389742 0.0104978
 0.232593 0.553451 0.163689 0.0405379 0.0097294
 0.203532 0.520634 0.220689 0.0424796 0.0126654
 0.244729 0.47458 0.209731 0.0571185 0.0138419
 0.240814 0.524418 0.171222 0.0478602 0.015685
 0.102171 0.608307 0.225949 0.0467617 0.0168112
 0.126299 0.368975 0.386808 0.0926358 0.0252826
 0.154182 0.426023 0.223165 0.151735 0.0448945
pobs_RECLAS
 0 0 0 0 0
 0 0 0 0 0
 0 0 0 0 0
 0 0 0 0 0
 0.835266 0.146461 0.0176864 0.000547809 3.91292e-05
 0.385257 0.428462 0.181853 0.0044286 0
 0.867414 0.0963971 0.0333333 0.00285562 0
 0.441836 0.489002 0.0689373 0.000224442 0
 0.779404 0.147425 0.0564933 0.0165055 0.000172143
 0.814271 0.122319 0.05973 0.00367925 0
 0.40263 0.566651 0.0304383 0.000280538 0
 0.475488 0.404961 0.113038 0.00651328 0
 0.955842 0.0263864 0.0167828 0.000988607 0
 0.975058 0.0227948 0.00214734 0 0
 0.738997 0.206755 0.0527124 0.00153531 0
 0.850938 0.134255 0.0134407 0.00136685 0
 0.542534 0.407297 0.0501686 0 0
 0.764087 0.199537 0.0359546 0.000420521 0
 0.470689 0.182191 0.310203 0.0369168 0
 0.84361 0.089868 0.0606195 0.00523954 0.000663233
 0.607945 0.314616 0.071237 0.00620181 0
 0.523733 0.453247 0.0230204 0 0
 0.530135 0.295979 0.169645 0.0042399 0
 0.562478 0.366248 0.0663022 0.0049721 0
 0.250443 0.683176 0.0655157 0.000865301 0
 0.195077 0.31981 0.436473 0.0351445 0.0134964
 0.565238 0.351407 0.0832357 0.000118908 0
ppred_RECLAS
 0.690507 0.2312 0.0699561 0.00833262 4.90948e-06
 0.656831 0.288258 0.0437405 0.0100169 0.00115312
 0.480883 0.429711 0.0781496 0.00902929 0.00222749
 0.629382 0.25989 0.0969059 0.0121471 0.00167496
 0.64459 0.261141 0.0691128 0.0220866 0.00307045
 0.454253 0.406588 0.105343 0.0249366 0.00887916
 0.640935 0.218092 0.110275 0.0234064 0.00729175
 0.554036 0.343413 0.0664333 0.0284179 0.00769944
 0.629075 0.267549 0.0836882 0.0128963 0.00679163
 0.603809 0.308791 0.0671093 0.0165303 0.00376036
 0.445148 0.421623 0.108451 0.0191568 0.0056213
 0.469083 0.350116 0.146405 0.0281886 0.00620708
 0.639112 0.253762 0.0772073 0.02439 0.00552949
 0.654049 0.306439 0.030979 0.00622808 0.00230519
 0.738225 0.243877 0.0168272 0.00085193 0.000219047
 0.701002 0.280782 0.0175951 0.000586639 3.47397e-05
 0.558982 0.379197 0.0591293 0.00260307 8.82391e-05
 0.617093 0.283454 0.0885961 0.0103998 0.000456901
 0.579331 0.322206 0.0770241 0.0191624 0.0022765
 0.651075 0.253318 0.0765962 0.0149651 0.00404543
 0.603663 0.307115 0.0682703 0.0168845 0.00406729
 0.567501 0.309516 0.0984096 0.0189136 0.0056598
 0.627319 0.258402 0.085412 0.0232199 0.00564758
 0.618178 0.286043 0.0698701 0.0194959 0.00641263
 0.367147 0.466327 0.129975 0.0268592 0.00969146
 0.441515 0.275494 0.216908 0.0518734 0.0142095
 0.49237 0.291478 0.114928 0.0780471 0.0231771
pobs_PELACES
 0 0 0 0 0
 0 0 0 0 0
 0 0 0 0 0
 0 0 0 0 0
 0 0 0 0 0
 0 0 0 0 0
 0 0 0 0 0
 0 0 0 0 0
 0 0 0 0 0
 0 0 0 0 0
 0.450072 0.473896 0.0757376 0.000293798 0
 0 0 0 0 0
 0.463077 0.371075 0.160297 0.00555027 0
 0.529543 0.364841 0.0842815 0.0213345 0
 0.631943 0.363953 0.00410389 0 0
 0.735681 0.248677 0.0153453 0.000297389 0
 0.695825 0.281241 0.0229344 0 0
 0.275771 0.60734 0.115278 0.00161068 0
 0 0 0 0 0
 0.896147 0.0623911 0.0374545 0.00400742 0
 0.803859 0.145111 0.0509908 3.86294e-05 0
 0.739449 0.233085 0.0266225 0.000797448 4.60066e-05
 0.878498 0.100942 0.0204185 0.000141795 0
 0.694673 0.275183 0.0284847 0.00165964 0
 0.469039 0.446079 0.0841089 0.000773354 0
 0.822795 0.102175 0.0682046 0.00682512 0
 0 0 0 0 0
ppred_PELACES
 0.801226 0.156825 0.0376177 0.00432937 2.53662e-06
 0.768765 0.200809 0.0244026 0.00540401 0.000618667
 0.651399 0.302214 0.0407519 0.00452501 0.00110977
 0.727181 0.200234 0.0637518 0.00776746 0.00106544
 0.726198 0.207999 0.0485807 0.0151303 0.00209268
 0.578141 0.328985 0.0708473 0.0162661 0.00576082
 0.741065 0.16738 0.0720794 0.0148677 0.00460737
 0.677119 0.260005 0.0412007 0.0170737 0.00460081
 0.746441 0.193343 0.0490642 0.00731891 0.00383334
 0.713309 0.232361 0.0420194 0.0100395 0.00227159
 0.594485 0.325156 0.0658486 0.0112324 0.00327756
 0.617173 0.271741 0.090545 0.0168514 0.00369009
 0.788085 0.161904 0.0364526 0.0110652 0.0024939
 0.84016 0.148164 0.00926307 0.00176386 0.000648523
 0.892714 0.102831 0.00420256 0.000200827 5.12841e-05
 0.815924 0.175484 0.00830965 0.000266667 1.57004e-05
 0.692811 0.272238 0.0334798 0.00142352 4.79851e-05
 0.733013 0.207661 0.0530336 0.00602965 0.000263465
 0.692871 0.245223 0.0487517 0.0117641 0.0013901
 0.755735 0.186299 0.0467318 0.00885412 0.00238064
 0.699392 0.240782 0.0460837 0.0110856 0.00265649
 0.672046 0.245132 0.0666598 0.0124544 0.00370741
 0.728664 0.19773 0.0554258 0.0146379 0.00354149
 0.718783 0.21938 0.0454757 0.0123277 0.00403349
 0.473915 0.403483 0.0963081 0.0193492 0.00694515
 0.559061 0.235007 0.158906 0.0369553 0.0100702
 0.602304 0.24349 0.0830853 0.0549019 0.0162193
pobs_pel_tallas
 0 0 0 0 0 0 0 0 0 0 0 0 0 0 0 0 0 0 0 0 0 0 0 0 0 0 0 0 0 0 0 0 0 0 0 0
 0 0 0 0 0 0 0 0 0 0 0 0 0 0 0 0 0 0 0 0 0 0 0 0 0 0 0 0 0 0 0 0 0 0 0 0
 0 0 0 0 0 0 0 0 0 0 0 0 0 0 0 0 0 0 0 0 0 0 0 0 0 0 0 0 0 0 0 0 0 0 0 0
 0 0 0 0 0 0 0 0 0 0 0 0 0 0 0 0 0 0 0 0 0 0 0 0 0 0 0 0 0 0 0 0 0 0 0 0
 0 0 0 0 0 0 0 0 0 0 0 0 0 0 0 0 0 0 0 0 0 0 0 0 0 0 0 0 0 0 0 0 0 0 0 0
 0 0 0 0 0 0 0 0 0 0 0 0 0 0 0 0 0 0 0 0 0 0 0 0 0 0 0 0 0 0 0 0 0 0 0 0
 0 0 0 0 0 0 0 0 0 0 0 0 0 0 0 0 0 0 0 0 0 0 0 0 0 0 0 0 0 0 0 0 0 0 0 0
 0 0 0 0 0 0 0 0 0 0 0 0 0 0 0 0 0 0 0 0 0 0 0 0 0 0 0 0 0 0 0 0 0 0 0 0
 0 0 0 0 0 0 0 0 0 0 0 0 0 0 0 0 0 0 0 0 0 0 0 0 0 0 0 0 0 0 0 0 0 0 0 0
 0 0 0 0 0 0 0 0 0 0 0 0 0 0 0 0 0 0 0 0 0 0 0 0 0 0 0 0 0 0 0 0 0 0 0 0
 0 0 0 0 0 0 0 0 1.78061e-05 0.00172719 0.00360574 0.0105946 0.0120993 0.0124554 0.0147524 0.0171206 0.0266825 0.0428682 0.0675386 0.121331 0.153587 0.119568 0.100827 0.0573624 0.0630603 0.0341343 0.0324427 0.0444173 0.0211091 0.0280891 0.0125444 0.00206551 0 0 0 0
 0 0 0 0 0 0 0 0 0 0 0 0 0 0 0 0 0 0 0 0 0 0 0 0 0 0 0 0 0 0 0 0 0 0 0 0
 0 0 0 0 0 0 0.0133647 0.0140871 0.0187388 0.0205184 0.03894 0.0496705 0.03968 0.0493445 0.0407372 0.0367815 0.0215668 0.0243155 0.0234873 0.0199281 0.019796 0.0243948 0.0301388 0.0376714 0.0412746 0.0863199 0.0771752 0.113111 0.0741005 0.0525337 0.0229764 0.00759418 0.00175318 0 0 0
 0 0 0 0 0 0 0 0 0 0 0.00219441 0.00772107 0.0458388 0.0604681 0.0671733 0.0775358 0.0609151 0.0617685 0.073594 0.0568108 0.0755445 0.0548602 0.0670107 0.0636378 0.0643287 0.046367 0.0373049 0.0286899 0.0247887 0.0153202 0.00654259 0.00121912 0.000365735 0 0 0
 0 0 0 0 0 0 0 0 0 0 0 0 0.000112435 0.00938835 0.0111873 0.0202946 0.0414886 0.0713402 0.111592 0.104902 0.108894 0.110636 0.117776 0.105296 0.107544 0.0401394 0.0192827 0.0124803 0.00416011 0.0028671 0.000618394 0 0 0 0 0
 0 0 0 0 0 0 0 0 0 0 0.00291406 0.0102884 0.027416 0.0768956 0.0749926 0.110853 0.0956884 0.0897413 0.0766577 0.0534642 0.0500743 0.0551293 0.0594112 0.0620874 0.0668451 0.0424026 0.0208742 0.0120726 0.0048766 0.00582813 0.00118941 0.000297354 0 0 0 0
 0 0.00264628 0.0354308 0.0461629 0.0458689 0.0383711 0.0214643 0.0164657 0.0346957 0.0420465 0.0363128 0.0245516 0.0311673 0.0291091 0.0169068 0.0133784 0.00837989 0.0085269 0.0148486 0.0160247 0.0276389 0.0546898 0.0760071 0.122758 0.109233 0.0665981 0.0333725 0.0166128 0.00676272 0.00308733 0.000882094 0 0 0 0 0
 0 0 0 0 0 0 0 0.000805153 0.000690131 0.00759144 0.0133425 0.0154129 0.00931677 0.000345066 0.00356568 0.00563607 0.00851162 0.0253048 0.0502646 0.0516448 0.0657925 0.0565908 0.0611916 0.0827007 0.0866115 0.110766 0.145733 0.0935128 0.0569358 0.0249597 0.0138026 0.00621118 0.00161031 0.00115022 0 0
 0 0 0 0 0 0 0 0 0 0 0 0 0 0 0 0 0 0 0 0 0 0 0 0 0 0 0 0 0 0 0 0 0 0 0 0
 0.00147267 0.00158595 0.00478618 0.00569244 0.00954404 0.0108468 0.00647125 0.017049 0.0510054 0.094081 0.124002 0.0959785 0.0687766 0.0820023 0.061753 0.0591476 0.0492212 0.0479892 0.0443925 0.0268479 0.0217502 0.0140895 0.0121071 0.0120363 0.00920419 0.00665534 0.0049561 0.00860946 0.00930331 0.0156896 0.0114698 0.00855282 0.00243557 0.00046729 0 2.83206e-05
 0 0 0 0 0.000772559 0.00158375 0.000888443 0.00281984 0.00712685 0.0440552 0.0773331 0.111326 0.0921469 0.0852325 0.0710754 0.0886704 0.0786465 0.0553345 0.0373146 0.0185414 0.00753245 0.00457741 0.012979 0.0271748 0.0457355 0.0583668 0.034881 0.0177882 0.00938659 0.00492506 0.0015258 0.00185414 0.000309023 5.79419e-05 3.86279e-05 0
 0 0.00173294 0.00326652 0 0.00397197 0.00683976 0.00946217 0.0152591 0.00757587 0.0136028 0.0228656 0.0392903 0.0559909 0.0764795 0.0681675 0.0726916 0.0566044 0.0477403 0.0527397 0.0444891 0.0609904 0.0582453 0.0661739 0.0445044 0.0529084 0.0360697 0.0280645 0.0235558 0.0158879 0.00826598 0.00280645 0.00217768 0.000904811 0.00058276 9.20147e-05 0
 0 0 0 0 0 0 0 0 0 0 0 0 0 0 0 0 0 0 0 0 0 0 0 0 0 0 0 0 0 0 0 0 0 0 0 0
 0 0 0 0 0 0 0 0 0 0 0 0 0 0 0 0 0 0 0 0 0 0 0 0 0 0 0 0 0 0 0 0 0 0 0 0
 0 0 0 0 0 0 0 0 0 0 0 0 0 0 0 0 0 0 0 0 0 0 0 0 0 0 0 0 0 0 0 0 0 0 0 0
 0 0 0 0 0 0 0 0 0 0 0 0 0 0 0 0 0 0 0 0 0 0 0 0 0 0 0 0 0 0 0 0 0 0 0 0
 0 0 0 0 0 0 0 0 0 0 0 0 0 0 0 0 0 0 0 0 0 0 0 0 0 0 0 0 0 0 0 0 0 0 0 0
ppred_pel_tallas
 1.00735e-16 3.49563e-05 0.000205171 0.000975301 0.00375498 0.0117096 0.0295774 0.0605191 0.100316 0.134719 0.146594 0.129289 0.0925117 0.0539141 0.0260222 0.0112178 0.00567085 0.00487612 0.00607148 0.00804333 0.010297 0.0125383 0.0145017 0.0159434 0.0166844 0.0166494 0.0158819 0.014528 0.0127957 0.0109046 0.00904231 0.00733835 0.00585967 0.0046216 0.0036069 0.00278401
 1.00627e-16 3.35426e-05 0.000196867 0.000935816 0.00360294 0.0112354 0.0283798 0.0580691 0.0962566 0.129272 0.140678 0.124099 0.088858 0.0519059 0.025279 0.0112833 0.00626348 0.00590879 0.00756586 0.0100451 0.012822 0.0155432 0.0178728 0.0195032 0.0202144 0.0199244 0.0187079 0.0167726 0.0144051 0.0119029 0.00951498 0.00740798 0.00565931 0.00427315 0.00320742 0.00240051
 1.00885e-16 2.8429e-05 0.000166837 0.000793027 0.00305313 0.00952084 0.0240491 0.0492088 0.0815735 0.109565 0.119264 0.105284 0.0755512 0.0444659 0.0222776 0.0109993 0.00759198 0.00844358 0.0113083 0.0151239 0.0193252 0.0234332 0.0269518 0.0294185 0.0305006 0.0300732 0.0282465 0.0253319 0.0217596 0.0179772 0.0143606 0.0111628 0.00850287 0.00639022 0.00476416 0.0035339
 1.01287e-16 3.17294e-05 0.000186222 0.000885207 0.00340808 0.0106278 0.026845 0.0549286 0.0910513 0.122282 0.133076 0.117401 0.0840816 0.0491549 0.0240135 0.0108474 0.00620953 0.00603307 0.00781771 0.0104441 0.0134161 0.0163925 0.0190406 0.0210483 0.022181 0.0223327 0.0215453 0.0199896 0.0179153 0.0155896 0.0132428 0.0110377 0.00906328 0.00734842 0.00588457 0.00464682
 1.01376e-16 3.16868e-05 0.000185971 0.000884014 0.00340348 0.0106134 0.0268087 0.0548546 0.0909288 0.122118 0.132899 0.117249 0.0839807 0.0491123 0.0240229 0.010902 0.00630899 0.00618303 0.00802493 0.0107112 0.0137371 0.0167501 0.0194065 0.0213855 0.0224503 0.0224999 0.0215894 0.0199071 0.0177221 0.0153175 0.0129335 0.0107342 0.00880257 0.00715605 0.00577217 0.00461281
 1.01942e-16 2.52358e-05 0.000148087 0.000703882 0.00270989 0.00845046 0.0213454 0.0436771 0.0724056 0.0972567 0.105882 0.0935082 0.067182 0.0397039 0.0201961 0.0104762 0.00787869 0.00922307 0.0125256 0.0168277 0.0215817 0.0262875 0.0304112 0.0334479 0.0350255 0.0349894 0.0334335 0.0306646 0.0271174 0.0232482 0.0194434 0.0159661 0.0129471 0.0104102 0.00831324 0.00658734
 1.01804e-16 3.23335e-05 0.000189772 0.000902089 0.00347309 0.0108305 0.027357 0.0559761 0.0927865 0.12461 0.1356 0.119609 0.0856193 0.0499672 0.0242492 0.0106826 0.00574093 0.0052722 0.00673206 0.00899995 0.0116088 0.0142651 0.0166911 0.018624 0.0198609 0.0202998 0.0199569 0.0189519 0.0174692 0.0157094 0.0138483 0.0120126 0.0102771 0.00867535 0.00721715 0.00590319
 1.01472e-16 2.95488e-05 0.000173415 0.000824308 0.00317359 0.0098965 0.0249979 0.0511498 0.0847896 0.113879 0.123948 0.109389 0.0784319 0.0460301 0.0228186 0.0108672 0.0069954 0.007435 0.00985459 0.0131769 0.016869 0.0205112 0.0236777 0.0259716 0.0271042 0.0269617 0.0256284 0.0233575 0.0205022 0.0174299 0.0144485 0.0117637 0.00947209 0.00758252 0.00604996 0.00480878
 1.01191e-16 3.25689e-05 0.000191151 0.000908643 0.00349832 0.0109092 0.0275557 0.0563829 0.0934615 0.125518 0.136594 0.120497 0.0862812 0.0504056 0.0245585 0.0109809 0.00612718 0.00581654 0.00747923 0.00996811 0.0127821 0.0155857 0.0180571 0.0198971 0.0208842 0.0209233 0.0200646 0.0184826 0.016428 0.0141653 0.0119198 0.00984714 0.00802736 0.00647932 0.00518392 0.0041064
 1.01124e-16 3.11258e-05 0.000182675 0.000868339 0.00334313 0.0104252 0.0263333 0.053882 0.0893174 0.119957 0.130553 0.115195 0.0825422 0.0483377 0.023768 0.010995 0.00664947 0.00674903 0.00883633 0.0117929 0.0150941 0.018353 0.0211856 0.0232353 0.0242421 0.024102 0.0228886 0.0208275 0.0182347 0.0154405 0.0127235 0.0102722 0.00817811 0.00645386 0.0050628 0.00394809
 1.0158e-16 2.59483e-05 0.00015227 0.000723771 0.00278647 0.00868927 0.0219486 0.0449113 0.0744512 0.100003 0.108868 0.0961375 0.0690533 0.0407739 0.0206739 0.0106154 0.00785036 0.00910243 0.0123292 0.0165477 0.0212039 0.0257989 0.0298032 0.032717 0.0341744 0.034026 0.0323703 0.029518 0.0259074 0.021998 0.0181791 0.0147159 0.0117399 0.0092738 0.00727151 0.00565854
 1.02126e-16 2.69355e-05 0.000158071 0.000751358 0.0028927 0.00902057 0.0227854 0.046623 0.0772868 0.103806 0.112994 0.0997454 0.0715681 0.042105 0.0210657 0.0103575 0.00710363 0.00788927 0.0106009 0.0142542 0.0183423 0.0224434 0.0261151 0.0289351 0.0305838 0.0309133 0.0299749 0.0279918 0.0252939 0.0222339 0.0191164 0.0161559 0.0134705 0.0111002 0.00903791 0.00725669
 1.01068e-16 3.43834e-05 0.000201807 0.00095931 0.00369341 0.0115176 0.0290924 0.0595268 0.0986717 0.132511 0.144194 0.127177 0.0910101 0.0530593 0.0256477 0.0111217 0.00571821 0.00500882 0.00627787 0.00832986 0.0106728 0.0130087 0.0150658 0.0165942 0.0174098 0.0174352 0.0167142 0.0153947 0.0136874 0.0118134 0.00996018 0.00825532 0.00676272 0.00549481 0.00443274 0.00354544
 1.00271e-16 3.66536e-05 0.000215136 0.00102268 0.00393741 0.0122785 0.0310144 0.0634592 0.105189 0.141261 0.153708 0.135552 0.0969682 0.0564607 0.027156 0.0115412 0.00558891 0.00456437 0.00556437 0.00731591 0.00930839 0.0112508 0.0128894 0.0139976 0.0144164 0.0140909 0.013084 0.011558 0.00973329 0.00783702 0.00605812 0.00452111 0.00328103 0.00233562 0.00164605 0.00115802
 1.00103e-16 3.89433e-05 0.000228583 0.00108662 0.0041836 0.0130462 0.0329536 0.0674267 0.111764 0.150086 0.163297 0.143977 0.102927 0.0597929 0.0285014 0.0116708 0.00499799 0.00343559 0.00389799 0.00505528 0.00641496 0.00774198 0.00885395 0.00959296 0.00984931 0.00958651 0.00885041 0.00775641 0.00646041 0.00512264 0.00387628 0.00280879 0.00195836 0.00132225 0.000871523 0.000565929
 1.00186e-16 3.55979e-05 0.000208936 0.000993198 0.00382388 0.0119244 0.0301202 0.0616297 0.102158 0.137193 0.149289 0.131672 0.0942313 0.0549448 0.0265722 0.0115424 0.00595696 0.00522632 0.00653 0.00861695 0.0109608 0.0132345 0.0151406 0.0164112 0.016859 0.0164211 0.0151748 0.0133162 0.0111103 0.00883004 0.00670226 0.00487631 0.00341779 0.00232283 0.00154297 0.0010105
 1.00616e-16 3.02336e-05 0.000177434 0.000843412 0.00324714 0.0101259 0.0255772 0.0523353 0.0867548 0.116519 0.126822 0.111928 0.0802567 0.0471102 0.0233703 0.0111556 0.00721147 0.00768004 0.0101707 0.0135724 0.0173276 0.0209925 0.0241173 0.026285 0.0271974 0.026744 0.0250284 0.0223354 0.0190582 0.0156047 0.0123181 0.00942849 0.00704405 0.00517182 0.00375404 0.00270461
 1.01041e-16 3.1984e-05 0.000187716 0.000892308 0.00343542 0.010713 0.0270603 0.0553693 0.0917818 0.123264 0.134145 0.118347 0.084764 0.0495642 0.0242323 0.0109772 0.00632473 0.00617468 0.0080037 0.0106776 0.0136877 0.0166795 0.0193077 0.0212501 0.0222685 0.0222611 0.0212831 0.0195245 0.0172576 0.0147707 0.0123103 0.0100475 0.00807174 0.00640523 0.00502783 0.00390086
 1.01242e-16 3.02351e-05 0.000177445 0.000843472 0.00324737 0.0101266 0.0255791 0.0523389 0.0867601 0.116524 0.126822 0.111914 0.0802168 0.047027 0.0232187 0.0109012 0.00681154 0.00708822 0.00934608 0.0124921 0.0160003 0.0194691 0.0224948 0.0247003 0.0258096 0.0257102 0.0244759 0.0223406 0.0196338 0.0167008 0.0138339 0.0112317 0.00899257 0.00713273 0.00561758 0.00439143
 1.0114e-16 3.29739e-05 0.00019353 0.000919951 0.00354186 0.011045 0.0278987 0.0570846 0.0946243 0.127079 0.13829 0.121988 0.0873367 0.050998 0.0248017 0.0110126 0.00603637 0.0056371 0.0072125 0.00960469 0.0123147 0.0150154 0.0173962 0.0191685 0.0201192 0.0201567 0.0193291 0.0178051 0.0158258 0.0136461 0.011483 0.00948613 0.00773264 0.00624057 0.00499158 0.00395226
 1.01238e-16 3.05193e-05 0.000179114 0.000851406 0.00327793 0.0102219 0.0258197 0.0528312 0.087576 0.117619 0.128012 0.11296 0.0809581 0.0474439 0.0233917 0.0109273 0.00675372 0.00697079 0.00917032 0.0122513 0.0156886 0.0190859 0.0220465 0.0242005 0.0252776 0.0251685 0.023947 0.0218441 0.0191844 0.0163075 0.0135006 0.010958 0.00877507 0.00696619 0.00549565 0.00430719
 1.01628e-16 2.93271e-05 0.000172114 0.000818128 0.00314979 0.0098223 0.0248105 0.0507662 0.0841534 0.113024 0.123015 0.10856 0.077825 0.0456495 0.0225852 0.0106833 0.00678483 0.00715054 0.00947164 0.01269 0.0162936 0.0198868 0.0230674 0.0254563 0.0267709 0.0268874 0.0258649 0.0239197 0.0213638 0.0185279 0.0156945 0.0130593 0.0107246 0.00871742 0.00701784 0.0055871
 1.0152e-16 3.17939e-05 0.000186601 0.000887011 0.00341503 0.0106494 0.0268997 0.0550405 0.0912367 0.122531 0.133346 0.117638 0.0842465 0.0492429 0.0240407 0.0108328 0.00616338 0.00595606 0.00770497 0.0102895 0.0132152 0.016145 0.0187518 0.0207295 0.0218497 0.0220106 0.0212565 0.0197577 0.0177608 0.0155273 0.0132802 0.011174 0.00928951 0.00764854 0.00623735 0.00502841
 1.0133e-16 3.13639e-05 0.000184075 0.000874995 0.00336876 0.0105051 0.0265352 0.054295 0.0900015 0.120874 0.131548 0.116065 0.0831484 0.0486579 0.0238608 0.0109298 0.00646441 0.00644859 0.00840767 0.0112227 0.0143806 0.0175132 0.0202583 0.0222785 0.0233266 0.0233001 0.0222623 0.0204187 0.0180593 0.0154884 0.012963 0.0106574 0.00865762 0.0069781 0.00558943 0.00444488
 1.02488e-16 2.06941e-05 0.000121416 0.000577071 0.00222161 0.00692776 0.0174993 0.0358083 0.0593652 0.079753 0.0868588 0.0767863 0.0553384 0.0330472 0.0174432 0.0100786 0.0088307 0.0111376 0.0153809 0.0207256 0.0266062 0.0324355 0.0375632 0.0413692 0.0433936 0.0434413 0.0416201 0.0382983 0.0340016 0.0292836 0.0246149 0.0203184 0.016558 0.0133692 0.0107078 0.00849761
 1.04073e-16 2.44002e-05 0.000143189 0.000680617 0.00262034 0.00817123 0.02064 0.0422331 0.0700097 0.0940322 0.102355 0.0903538 0.0648301 0.038143 0.01909 0.00940361 0.00648671 0.00726067 0.00983279 0.0133404 0.0173584 0.0215384 0.0255054 0.0288851 0.0313708 0.032781 0.033086 0.0323915 0.0308931 0.0288172 0.0263716 0.023719 0.0209742 0.0182178 0.0155144 0.0129251
 1.03904e-16 2.62859e-05 0.00015426 0.000733247 0.00282298 0.00880316 0.0222362 0.0454991 0.0754231 0.101301 0.110263 0.0973237 0.0698071 0.0410221 0.0204378 0.00990848 0.00662105 0.00724183 0.00971514 0.0130983 0.0169271 0.02083 0.0244199 0.0273245 0.029257 0.0300758 0.0298071 0.0286213 0.0267757 0.0245434 0.0221547 0.0197656 0.0174574 0.0152568 0.0131648 0.0111808
pSPR Fmed_Fpbrs
0.526256   0.6 0.325
Fs Fmed_Fpbrs
0.64   0.465505 1.62531
SSBpbr Bo_Bmed_Bpbrs
845529  402688  465041 232521
Ro
35081.5
SPR SPRFo_SPRFmed_SPRFpbrs
726756 382460 236196
log_Ro
10.2854
likeval ReclasPelacesDesembMPH_pf_preclas_ppelaces_ptallas_desvR_qrecl_qpela
 65.0562 15.0378 0.00957717 0.000566492 344.679 208.849 55.7149 0 16.428 6.69627e-07 7.07325e-05 1.81439e-14 0 0 0
q_reclas_q_pelaces
0.890513 3.3086
M
0.7
N
 35744 10428.8 3334.68 392.741 0.230398
 43210.6 16079.8 2539.09 574.23 65.8143
 21042.1 19610.3 4170.99 480.392 118.051
 30310.3 8933.97 3145.67 386.375 53.0212
 54936.9 14539.8 3456.57 1078.07 149.119
 39479 27115.4 6910.3 1608.15 569.96
 75647 18502 8868.96 1845.19 572.075
 73193.2 36206.4 7043.65 2967.36 800.321
 97248.1 33871.9 10811.2 1642.66 861.216
 114063 44631 9525.16 2306.26 522.203
 63639.8 53506.2 14697 2569.1 750.642
 44362.8 28459 12478.8 2374.19 520.515
 48155.7 20045.7 7153.82 2253.33 508.877
 25659.2 20411.5 3176.8 650.861 240.253
 14786.3 9312.65 1056.09 54.7747 14.0496
 13023.1 5169.97 368.155 12.2078 0.720028
 9377.6 5620.74 933.487 40.6593 1.37236
 11380 4199.84 1325.12 153.238 6.70186
 12331.2 5254.98 1234.63 301.945 35.705
 19265.9 5781.81 1724.65 331.338 89.1549
 25380.5 9014.08 1868.57 452.38 108.444
 31637.5 12262.5 3672.48 691.486 205.927
 50745.6 15198 4793.28 1277.94 309.342
 72063.4 24198.6 5633.88 1541.55 504.633
 38226 34385.1 9009.96 1823.79 654.891
 41918.1 18383.4 13549 3172.82 864.905
 49578.5 20208.4 7372.81 4898.1 1447.43
pred_Ctot
 2432.51 3980.53 1661.99 198.88 0.11677
 2689.49 5731.19 1193.16 274.364 31.4735
 2214.27 10166.8 2671.08 311.336 76.5554
 742.831 1439.65 716.049 89.8973 12.3508
 239.669 449.992 157.481 50.3682 6.97633
 1602.2 6817.37 2379.94 564.769 200.373
 1972.09 3153.1 2128.49 452.528 140.461
 3598.69 10687.4 2804.01 1203.13 324.81
 5325.99 10913 4651.44 719.283 377.458
 4555.99 11070 3240.17 800.055 181.344
 4580.32 21299.5 7591.07 1347.61 394.067
 2889.26 10504.6 6043.58 1168.7 256.446
 5118.1 10458.9 4603.97 1467.45 331.607
 5056.72 14780.5 2583.8 532.498 196.623
 3210.56 7006.43 880.05 45.8788 11.771
 1235.61 2503.97 223.448 7.50597 0.443012
 665.712 2214.64 477.984 21.1458 0.714319
 576.157 1269.79 538.918 63.4612 2.77815
 496.485 1312.3 422.597 105.393 12.4757
 803.762 1488.12 606.783 118.853 32.0134
 494.809 1177.39 348.225 86.2389 20.698
 743.962 1903.06 806.678 155.274 46.2955
 1453.03 2817.73 1245.24 339.131 82.1839
 2032.91 4427.04 1445.43 404.027 132.41
 869.218 5175.18 1922.26 397.825 143.021
 881.325 2574.74 2699.18 646.42 176.424
 811.762 2242.99 1174.95 798.878 236.367
F
 0.0988157 0.71277 1.0591 1.0869 1.0884
 0.0900319 0.649411 0.964958 0.990283 0.991653
 0.156662 1.13003 1.6791 1.72317 1.72555
 0.0346015 0.249584 0.370857 0.38059 0.381116
 0.00608257 0.0438743 0.0651927 0.0669037 0.0669962
 0.0578868 0.417545 0.620429 0.636712 0.637593
 0.0368432 0.265755 0.394884 0.405248 0.405808
 0.0705178 0.508653 0.755807 0.775643 0.776716
 0.0788352 0.568648 0.844952 0.867128 0.868327
 0.0569495 0.410783 0.610382 0.626401 0.627268
 0.104777 0.755766 1.12299 1.15246 1.15406
 0.0943859 0.680817 1.01162 1.03817 1.03961
 0.158342 1.14214 1.69711 1.74165 1.74406
 0.31353 2.26153 3.3604 3.44859 3.45336
 0.350836 2.53062 3.76025 3.85894 3.86427
 0.140258 1.0117 1.50328 1.54273 1.54486
 0.103279 0.744961 1.10694 1.13599 1.13756
 0.072683 0.524271 0.779013 0.799458 0.800564
 0.0574169 0.414155 0.615391 0.631542 0.632416
 0.05955 0.429541 0.638255 0.655006 0.655912
 0.0274388 0.197919 0.294088 0.301806 0.302223
 0.0331797 0.239329 0.355619 0.364952 0.365457
 0.0405325 0.292366 0.434425 0.445827 0.446444
 0.0399221 0.287963 0.427883 0.439113 0.43972
 0.0320687 0.231315 0.343711 0.352731 0.353219
 0.0296195 0.213649 0.317461 0.325793 0.326243
 0.0229993 0.165897 0.246505 0.252975 0.253325
Np
 24488.4 11657.4 8808.64 2683.88 1170.99
YTP_r0W_actual
 11979.8 94430.7 65010.2 54061.3 18181.7
YTP_p0W_proyectada
 6282.46 106415 74045.4 31816.9 33444.3
 6282.46 51558.8 76723.6 29843.6 14966.7
CTP_r0_actual
 1478.99 3886.04 1982.02 1344.81 397.848
CTP_p0_proyectada
 730.519 4626.72 2285.35 785.603 719.232
 730.519 2241.69 2368.01 736.878 321.864
Wmedp
 8.6 23 32.4 40.5 46.5
nmprior
 10.8 10.6 4.6 0
nm_flota  nm_reclas  nm_pelaces    nm_pelaL
inf 22.6787 17.0166 52.8714
cv_recla  cv_pelaces  cv_mph
0.698514 0.411309 0.636111
 ------------------------------------------------
Talla a la edad & desviaci?n 
 7.2 14.2025 17.0495 18.207 18.6776
 1.08 2.13037 2.55742 2.73105 2.80164
