years
 1997 1998 1999 2000 2001 2002 2003 2004 2005 2006 2007 2008 2009 2010 2011 2012 2013 2014 2015 2016 2017 2018 2019 2020 2021 2022 2023
reclasobs
 0 0 0 370054 412103 1.49427e+06 250295 1.28982e+06 931140 785840 897777 1.04006e+06 184774 17550 25797 100020 73551 82996 120727 218422 84188 347160 605670 569463 516374 1.08416e+06 1.01767e+06
reclaspred
 499906 129109 324451 213985 343358 435586 952642 664694 755455 791733 681095 467396 279668 112680 67896.9 68117.2 80295.2 108230 120857 162624 247029 236973 400348 525380 717143 699892 654952
pelacesobs
 0 0 0 0 0 0 0 0 0 2.06254e+06 1.5e+06 0 1.87456e+06 323000 250000 174000 83755 137374 0 501740 490994 745055 786931 1.00524e+06 1.33801e+06 1.41789e+06 1.42762e+06
pelacespred
 2.07958e+06 404674 653320 659786 961161 855415 2.55197e+06 1.9811e+06 2.14689e+06 2.22439e+06 1.57645e+06 1.11687e+06 708702 229658 151842 151905 184181 259157 275633 380281 672419 581014 805682 1.23396e+06 1.58733e+06 1.63821e+06 1.52761e+06
mphobs
 0 0 0 0 0 112323 0 153150 637223 0 255016 313432 73983 77613 109348 50772 17779 17303 59886 28197 0 207744 136588 643089 65757 70829 0
mphpred
 152910 83905.4 92542.2 85929.2 98144.7 166351 235792 301991 263585 287679 302457 207250 126652 66870 29211.1 24539.6 27154.9 34570.5 43882.9 50464.6 76157.4 94027.4 115897 163020 246967 268296 245630
desembarqueobs
 350755 77701 442110 56441 14545 235359 269955 359681 431902 328805 639364 411747 362871 311530 167758 66681 60226 58785 57116 73181 50977 67692 138656 160484 209506 203330 187013
desembarquepred
 350760 77699.2 442089 56444.9 14545.4 235456 270033 359674 431947 328808 639298 411789 362936 311638 167579 66673.9 60252.2 58778.3 57099.8 73176.9 50979.5 67681.4 138660 160498 209496 203312 187006
Reclutas
 35733.5 43191.1 21015.3 30239.6 54826.1 39396.1 75632.4 73106.9 97170.9 114007 63540.9 44339.6 48194.1 25675.7 14777.9 13021.8 9361.87 11354.4 12321.8 19245.3 25357.2 31611.1 50638.6 71805.3 38498.8 43025.9 52553.4
log_desv_Rt
 0.0159775 0.205524 -0.514858 -0.150957 0.444056 0.113557 0.765774 0.731813 1.01636 1.17615 0.591573 0.231767 0.315125 -0.314566 -0.866979 -0.993489 -1.32347 -1.13051 -1.04874 -0.602844 -0.327046 -0.106601 0.364603 0.713848 0.0905152 0.201693 0.40172
SSB
 426528 234047 258138 239692 273766 464022 657722 842378 735246 802456 843676 578105 353285 186528 81481.6 68451.1 75746.2 96431.4 122408 140766 212434 262281 323283 454729 688892 748389 685163
BT
 1.5041e+06 361322 617666 435505 561349 663821 1.66546e+06 1.53408e+06 1.63361e+06 1.5876e+06 1.46341e+06 1.00603e+06 756630 417306 223614 141630 154397 196042 204209 277168 426636 389366 553735 835757 1.05204e+06 1.09123e+06 1.02061e+06
Ftot
 1.09503 0.997042 1.73415 0.383035 0.0673291 0.640756 0.407909 0.780346 0.87248 0.630127 1.15887 1.04446 1.75487 3.47668 3.8891 1.55286 1.14233 0.804357 0.63579 0.659171 0.30356 0.366783 0.448061 0.441856 0.355051 0.326458 0.338023
BD_Bspro_t
 0.903674 0.626617 0.544061 0.355295 0.512105 0.693829 0.637768 0.663172 0.596857 0.572418 0.55278 0.389372 0.282945 0.191562 0.104926 0.10799 0.159066 0.255343 0.357874 0.449869 0.580837 0.691681 0.69924 0.706537 0.73258 0.690285 0.662271
BD_Bspro
 0.585464 0.321259 0.354327 0.329008 0.375779 0.636929 0.902807 1.15627 1.00922 1.10147 1.15805 0.793522 0.484929 0.256033 0.111844 0.0939578 0.103971 0.132364 0.16802 0.19322 0.291593 0.360014 0.443747 0.624174 0.945591 1.02726 0.940474
BD_Bo
 0.498231 0.273392 0.301534 0.279986 0.319789 0.542029 0.768291 0.98399 0.858848 0.937357 0.985506 0.67529 0.412676 0.217885 0.0951795 0.0799584 0.0884799 0.112642 0.142985 0.164431 0.248147 0.306373 0.37763 0.531174 0.804701 0.874201 0.800346
BD_Brms
 0.905875 0.497077 0.548243 0.509066 0.581434 0.985507 1.39689 1.78907 1.56154 1.70428 1.79183 1.2278 0.75032 0.396155 0.173054 0.145379 0.160873 0.204804 0.259974 0.298965 0.451176 0.557042 0.6866 0.965771 1.46309 1.58946 1.45517
S_f
 0.0900863 0.65291 0.972782 0.99853 0.999923
 0.0900863 0.65291 0.972782 0.99853 0.999923
 0.0900863 0.65291 0.972782 0.99853 0.999923
 0.0900863 0.65291 0.972782 0.99853 0.999923
 0.0900863 0.65291 0.972782 0.99853 0.999923
 0.0900863 0.65291 0.972782 0.99853 0.999923
 0.0900863 0.65291 0.972782 0.99853 0.999923
 0.0900863 0.65291 0.972782 0.99853 0.999923
 0.0900863 0.65291 0.972782 0.99853 0.999923
 0.0900863 0.65291 0.972782 0.99853 0.999923
 0.0900863 0.65291 0.972782 0.99853 0.999923
 0.0900863 0.65291 0.972782 0.99853 0.999923
 0.0900863 0.65291 0.972782 0.99853 0.999923
 0.0900863 0.65291 0.972782 0.99853 0.999923
 0.0900863 0.65291 0.972782 0.99853 0.999923
 0.0900863 0.65291 0.972782 0.99853 0.999923
 0.0900863 0.65291 0.972782 0.99853 0.999923
 0.0900863 0.65291 0.972782 0.99853 0.999923
 0.0900863 0.65291 0.972782 0.99853 0.999923
 0.0900863 0.65291 0.972782 0.99853 0.999923
 0.0900863 0.65291 0.972782 0.99853 0.999923
 0.0900863 0.65291 0.972782 0.99853 0.999923
 0.0900863 0.65291 0.972782 0.99853 0.999923
 0.0900863 0.65291 0.972782 0.99853 0.999923
 0.0900863 0.65291 0.972782 0.99853 0.999923
 0.0900863 0.65291 0.972782 0.99853 0.999923
 0.0900863 0.65291 0.972782 0.99853 0.999923
Scru_reclas
 0.548057 0.859213 0.968468 0.993572 0.998716
 0.548057 0.859213 0.968468 0.993572 0.998716
 0.548057 0.859213 0.968468 0.993572 0.998716
 0.548057 0.859213 0.968468 0.993572 0.998716
 0.548057 0.859213 0.968468 0.993572 0.998716
 0.548057 0.859213 0.968468 0.993572 0.998716
 0.548057 0.859213 0.968468 0.993572 0.998716
 0.548057 0.859213 0.968468 0.993572 0.998716
 0.548057 0.859213 0.968468 0.993572 0.998716
 0.548057 0.859213 0.968468 0.993572 0.998716
 0.548057 0.859213 0.968468 0.993572 0.998716
 0.548057 0.859213 0.968468 0.993572 0.998716
 0.548057 0.859213 0.968468 0.993572 0.998716
 0.548057 0.859213 0.968468 0.993572 0.998716
 0.548057 0.859213 0.968468 0.993572 0.998716
 0.548057 0.859213 0.968468 0.993572 0.998716
 0.548057 0.859213 0.968468 0.993572 0.998716
 0.548057 0.859213 0.968468 0.993572 0.998716
 0.548057 0.859213 0.968468 0.993572 0.998716
 0.548057 0.859213 0.968468 0.993572 0.998716
 0.548057 0.859213 0.968468 0.993572 0.998716
 0.548057 0.859213 0.968468 0.993572 0.998716
 0.548057 0.859213 0.968468 0.993572 0.998716
 0.548057 0.859213 0.968468 0.993572 0.998716
 0.548057 0.859213 0.968468 0.993572 0.998716
 0.548057 0.859213 0.968468 0.993572 0.998716
 0.548057 0.859213 0.968468 0.993572 0.998716
Scru_pelaces
 0.906898 1 1 1 1
 0.906898 1 1 1 1
 0.906898 1 1 1 1
 0.906898 1 1 1 1
 0.906898 1 1 1 1
 0.906898 1 1 1 1
 0.906898 1 1 1 1
 0.906898 1 1 1 1
 0.906898 1 1 1 1
 0.906898 1 1 1 1
 0.906898 1 1 1 1
 0.906898 1 1 1 1
 0.906898 1 1 1 1
 0.906898 1 1 1 1
 0.906898 1 1 1 1
 0.906898 1 1 1 1
 0.906898 1 1 1 1
 0.906898 1 1 1 1
 0.906898 1 1 1 1
 0.906898 1 1 1 1
 0.906898 1 1 1 1
 0.906898 1 1 1 1
 0.906898 1 1 1 1
 0.906898 1 1 1 1
 0.906898 1 1 1 1
 0.906898 1 1 1 1
 0.906898 1 1 1 1
pf_obs 
 0.256992 0.487395 0.22802 0.0275931 0
 0.321318 0.546541 0.124235 0.00734118 0.000564706
 0.182869 0.594174 0.210203 0.0122559 0.00049798
 0.330522 0.361315 0.267642 0.0388342 0.00168674
 0.649043 0.306663 0.0425973 0.00169635 0
 0.582887 0.30429 0.105238 0.00758474 0
 0.465427 0.430635 0.0974691 0.00646863 0
 0.296916 0.608066 0.0921331 0.00288517 0
 0.311714 0.524322 0.152257 0.0117073 0
 0.15457 0.633149 0.183074 0.0267441 0.00246327
 0.131901 0.49318 0.331252 0.0422183 0.00144891
 0.196976 0.569456 0.194076 0.0375587 0.00193317
 0.518974 0.381816 0.0799577 0.0180837 0.00116848
 0.0928022 0.601141 0.25162 0.0475244 0.00691264
 0.122501 0.610282 0.24278 0.0234846 0.000952079
 0.383417 0.481906 0.127806 0.00687128 0
 0.0376549 0.599619 0.316969 0.0457579 0
 0.0361596 0.667082 0.258105 0.0386534 0
 0.158088 0.579412 0.248529 0.0139706 0
 0.0477256 0.309471 0.559284 0.082774 0.000745712
 0.0406174 0.521527 0.379366 0.0568643 0.0016247
 0.151134 0.462217 0.34131 0.0453401 0
 0.294876 0.26143 0.354403 0.0886775 0.000613685
 0.281977 0.475581 0.204845 0.0348837 0.00271318
 0.0841818 0.532909 0.334909 0.0458182 0.00218182
 0.115287 0.27431 0.454777 0.147771 0.00785563
 0.0989387 0.350907 0.424855 0.114687 0.0106128
pf_pred 
 0.293539 0.481322 0.201064 0.0240606 1.42044e-05
 0.270408 0.578765 0.120169 0.0275035 0.0031536
 0.142863 0.659124 0.17309 0.0200243 0.00489842
 0.246455 0.480531 0.239139 0.029816 0.00405902
 0.263942 0.497804 0.174827 0.0557668 0.00766019
 0.137954 0.58962 0.20616 0.0489629 0.0173038
 0.250746 0.40201 0.271722 0.0576404 0.0178815
 0.192518 0.574845 0.150724 0.0645363 0.0173765
 0.241442 0.496749 0.21209 0.0326413 0.0170771
 0.228795 0.55835 0.163515 0.0402692 0.00907113
 0.129458 0.605346 0.215874 0.0381979 0.0111241
 0.138039 0.503658 0.290214 0.0558833 0.0122054
 0.232599 0.476434 0.209464 0.0665478 0.0149552
 0.218194 0.639462 0.111254 0.0227359 0.0083537
 0.28727 0.629302 0.0783969 0.00401357 0.00101838
 0.310472 0.631585 0.0559979 0.00183888 0.000106189
 0.19601 0.656139 0.141467 0.00618015 0.000203723
 0.234014 0.518465 0.220582 0.0258236 0.00111496
 0.210774 0.558812 0.180259 0.0448784 0.00527639
 0.262706 0.488728 0.19918 0.0389295 0.0104566
 0.231738 0.553975 0.164132 0.0404718 0.00968333
 0.202698 0.520923 0.221236 0.0425288 0.0126143
 0.243514 0.475084 0.210356 0.0572184 0.0138276
 0.239542 0.52486 0.171916 0.0479877 0.0156945
 0.102637 0.607393 0.226336 0.0468334 0.0168001
 0.128417 0.369947 0.384459 0.0920741 0.0251031
 0.162645 0.428642 0.218552 0.146761 0.0434004
pobs_RECLAS
 0 0 0 0 0
 0 0 0 0 0
 0 0 0 0 0
 0 0 0 0 0
 0.835266 0.146461 0.0176864 0.000547809 3.91292e-05
 0.385257 0.428462 0.181853 0.0044286 0
 0.867414 0.0963971 0.0333333 0.00285562 0
 0.441836 0.489002 0.0689373 0.000224442 0
 0.779404 0.147425 0.0564933 0.0165055 0.000172143
 0.814271 0.122319 0.05973 0.00367925 0
 0.40263 0.566651 0.0304383 0.000280538 0
 0.475488 0.404961 0.113038 0.00651328 0
 0.955842 0.0263864 0.0167828 0.000988607 0
 0.975058 0.0227948 0.00214734 0 0
 0.738997 0.206755 0.0527124 0.00153531 0
 0.850938 0.134255 0.0134407 0.00136685 0
 0.542534 0.407297 0.0501686 0 0
 0.764087 0.199537 0.0359546 0.000420521 0
 0.470689 0.182191 0.310203 0.0369168 0
 0.84361 0.089868 0.0606195 0.00523954 0.000663233
 0.607945 0.314616 0.071237 0.00620181 0
 0.523733 0.453247 0.0230204 0 0
 0.530135 0.295979 0.169645 0.0042399 0
 0.562478 0.366248 0.0663022 0.0049721 0
 0.250443 0.683176 0.0655157 0.000865301 0
 0.195077 0.31981 0.436473 0.0351445 0.0134964
 0.565238 0.351407 0.0832357 0.000118908 0
ppred_RECLAS
 0.690136 0.231538 0.0699837 0.00833703 4.93934e-06
 0.656013 0.289179 0.0436998 0.00996207 0.00114637
 0.479864 0.43082 0.0781541 0.00896283 0.00219982
 0.628037 0.260948 0.0972514 0.0121084 0.00165453
 0.643408 0.261897 0.0694894 0.0221517 0.00305427
 0.453087 0.407417 0.105598 0.0250217 0.00887538
 0.640288 0.218508 0.110508 0.0234074 0.00728859
 0.552822 0.344567 0.0665306 0.028404 0.00767572
 0.628137 0.268278 0.0839479 0.0128768 0.0067612
 0.602805 0.309674 0.0672582 0.0165263 0.00373646
 0.443856 0.422769 0.108651 0.0191319 0.00559138
 0.468248 0.350766 0.146693 0.0281279 0.00616533
 0.638963 0.254218 0.0770757 0.0242706 0.0054724
 0.654124 0.306788 0.0307127 0.00612108 0.00225451
 0.738036 0.244302 0.0166255 0.000826329 0.000210126
 0.700336 0.281564 0.0174971 0.000570332 3.30466e-05
 0.557531 0.380609 0.059201 0.00257395 8.51485e-05
 0.61579 0.284383 0.0889903 0.0103867 0.00045009
 0.578557 0.322798 0.0772048 0.0191773 0.00226299
 0.650089 0.254188 0.0767291 0.0149609 0.00403331
 0.602529 0.308021 0.0685214 0.0168763 0.00405296
 0.566279 0.310354 0.0987628 0.0189598 0.00564457
 0.625827 0.259401 0.0858144 0.0233047 0.00565283
 0.616588 0.287116 0.0702802 0.0195866 0.00642964
 0.368389 0.465163 0.129931 0.0268499 0.0096676
 0.446123 0.274568 0.214087 0.0512084 0.0140137
 0.508876 0.286369 0.10951 0.0734444 0.0218003
pobs_PELACES
 0 0 0 0 0
 0 0 0 0 0
 0 0 0 0 0
 0 0 0 0 0
 0 0 0 0 0
 0 0 0 0 0
 0 0 0 0 0
 0 0 0 0 0
 0 0 0 0 0
 0 0 0 0 0
 0.450072 0.473896 0.0757376 0.000293798 0
 0 0 0 0 0
 0.463077 0.371075 0.160297 0.00555027 0
 0.529543 0.364841 0.0842815 0.0213345 0
 0.631943 0.363953 0.00410389 0 0
 0.735681 0.248677 0.0153453 0.000297389 0
 0.695825 0.281241 0.0229344 0 0
 0.275771 0.60734 0.115278 0.00161068 0
 0 0 0 0 0
 0.896147 0.0623911 0.0374545 0.00400742 0
 0.803859 0.145111 0.0509908 3.86294e-05 0
 0.739449 0.233085 0.0266225 0.000797448 4.60066e-05
 0.878498 0.100942 0.0204185 0.000141795 0
 0.694673 0.275183 0.0284847 0.00165964 0
 0.469039 0.446079 0.0841089 0.000773354 0
 0.822795 0.102175 0.0682046 0.00682512 0
 0.69333 0.244118 0.0624202 0.000131731 0
ppred_PELACES
 0.803967 0.154798 0.036979 0.00425417 2.50617e-06
 0.771394 0.198734 0.0239825 0.0052841 0.00060465
 0.654748 0.299598 0.0401523 0.00442274 0.00107905
 0.729677 0.198596 0.0630619 0.00762835 0.00103681
 0.72878 0.206052 0.0481608 0.0149562 0.00205146
 0.581512 0.326512 0.070171 0.016119 0.00568641
 0.744095 0.165571 0.0711582 0.0146408 0.00453454
 0.680067 0.257907 0.0406866 0.0168196 0.0045202
 0.749204 0.191391 0.0484579 0.00719164 0.00375516
 0.716193 0.230195 0.0415017 0.00988683 0.00222318
 0.597697 0.322874 0.0651408 0.011071 0.00321716
 0.620842 0.269428 0.0895299 0.0165855 0.00361489
 0.79123 0.159826 0.0357211 0.0108019 0.00242105
 0.842937 0.145782 0.00897048 0.00169193 0.000618971
 0.894571 0.101141 0.00405044 0.000189852 4.79428e-05
 0.818217 0.173399 0.00811453 0.000254438 1.46564e-05
 0.695448 0.270084 0.0330366 0.00138655 4.56082e-05
 0.73557 0.205769 0.052476 0.00592945 0.000255524
 0.696126 0.242748 0.0481657 0.011599 0.00136128
 0.758339 0.18452 0.046094 0.00871153 0.00233574
 0.702211 0.238644 0.0456138 0.0109223 0.00260918
 0.674975 0.243051 0.0660136 0.0123142 0.00364659
 0.731034 0.196101 0.0548963 0.0144764 0.00349261
 0.72114 0.217574 0.0450964 0.0122046 0.00398493
 0.479842 0.398956 0.0952295 0.0191239 0.00684919
 0.568108 0.231452 0.154686 0.0359652 0.00979007
 0.626505 0.232884 0.0762408 0.049697 0.0146732
pobs_pel_tallas
 0 0 0 0 0 0 0 0 0 0 0 0 0 0 0 0 0 0 0 0 0 0 0 0 0 0 0 0 0 0 0 0 0 0 0 0
 0 0 0 0 0 0 0 0 0 0 0 0 0 0 0 0 0 0 0 0 0 0 0 0 0 0 0 0 0 0 0 0 0 0 0 0
 0 0 0 0 0 0 0 0 0 0 0 0 0 0 0 0 0 0 0 0 0 0 0 0 0 0 0 0 0 0 0 0 0 0 0 0
 0 0 0 0 0 0 0 0 0 0 0 0 0 0 0 0 0 0 0 0 0 0 0 0 0 0 0 0 0 0 0 0 0 0 0 0
 0 0 0 0 0 0 0 0 0 0 0 0 0 0 0 0 0 0 0 0 0 0 0 0 0 0 0 0 0 0 0 0 0 0 0 0
 0 0 0 0 0 0 0 0 0 0 0 0 0 0 0 0 0 0 0 0 0 0 0 0 0 0 0 0 0 0 0 0 0 0 0 0
 0 0 0 0 0 0 0 0 0 0 0 0 0 0 0 0 0 0 0 0 0 0 0 0 0 0 0 0 0 0 0 0 0 0 0 0
 0 0 0 0 0 0 0 0 0 0 0 0 0 0 0 0 0 0 0 0 0 0 0 0 0 0 0 0 0 0 0 0 0 0 0 0
 0 0 0 0 0 0 0 0 0 0 0 0 0 0 0 0 0 0 0 0 0 0 0 0 0 0 0 0 0 0 0 0 0 0 0 0
 0 0 0 0 0 0 0 0 0 0 0 0 0 0 0 0 0 0 0 0 0 0 0 0 0 0 0 0 0 0 0 0 0 0 0 0
 0 0 0 0 0 0 0 0 1.78061e-05 0.00172719 0.00360574 0.0105946 0.0120993 0.0124554 0.0147524 0.0171206 0.0266825 0.0428682 0.0675386 0.121331 0.153587 0.119568 0.100827 0.0573624 0.0630603 0.0341343 0.0324427 0.0444173 0.0211091 0.0280891 0.0125444 0.00206551 0 0 0 0
 0 0 0 0 0 0 0 0 0 0 0 0 0 0 0 0 0 0 0 0 0 0 0 0 0 0 0 0 0 0 0 0 0 0 0 0
 0 0 0 0 0 0 0.0133647 0.0140871 0.0187388 0.0205184 0.03894 0.0496705 0.03968 0.0493445 0.0407372 0.0367815 0.0215668 0.0243155 0.0234873 0.0199281 0.019796 0.0243948 0.0301388 0.0376714 0.0412746 0.0863199 0.0771752 0.113111 0.0741005 0.0525337 0.0229764 0.00759418 0.00175318 0 0 0
 0 0 0 0 0 0 0 0 0 0 0.00219441 0.00772107 0.0458388 0.0604681 0.0671733 0.0775358 0.0609151 0.0617685 0.073594 0.0568108 0.0755445 0.0548602 0.0670107 0.0636378 0.0643287 0.046367 0.0373049 0.0286899 0.0247887 0.0153202 0.00654259 0.00121912 0.000365735 0 0 0
 0 0 0 0 0 0 0 0 0 0 0 0 0.000112435 0.00938835 0.0111873 0.0202946 0.0414886 0.0713402 0.111592 0.104902 0.108894 0.110636 0.117776 0.105296 0.107544 0.0401394 0.0192827 0.0124803 0.00416011 0.0028671 0.000618394 0 0 0 0 0
 0 0 0 0 0 0 0 0 0 0 0.00291406 0.0102884 0.027416 0.0768956 0.0749926 0.110853 0.0956884 0.0897413 0.0766577 0.0534642 0.0500743 0.0551293 0.0594112 0.0620874 0.0668451 0.0424026 0.0208742 0.0120726 0.0048766 0.00582813 0.00118941 0.000297354 0 0 0 0
 0 0.00264628 0.0354308 0.0461629 0.0458689 0.0383711 0.0214643 0.0164657 0.0346957 0.0420465 0.0363128 0.0245516 0.0311673 0.0291091 0.0169068 0.0133784 0.00837989 0.0085269 0.0148486 0.0160247 0.0276389 0.0546898 0.0760071 0.122758 0.109233 0.0665981 0.0333725 0.0166128 0.00676272 0.00308733 0.000882094 0 0 0 0 0
 0 0 0 0 0 0 0 0.000805153 0.000690131 0.00759144 0.0133425 0.0154129 0.00931677 0.000345066 0.00356568 0.00563607 0.00851162 0.0253048 0.0502646 0.0516448 0.0657925 0.0565908 0.0611916 0.0827007 0.0866115 0.110766 0.145733 0.0935128 0.0569358 0.0249597 0.0138026 0.00621118 0.00161031 0.00115022 0 0
 0 0 0 0 0 0 0 0 0 0 0 0 0 0 0 0 0 0 0 0 0 0 0 0 0 0 0 0 0 0 0 0 0 0 0 0
 0.00147267 0.00158595 0.00478618 0.00569244 0.00954404 0.0108468 0.00647125 0.017049 0.0510054 0.094081 0.124002 0.0959785 0.0687766 0.0820023 0.061753 0.0591476 0.0492212 0.0479892 0.0443925 0.0268479 0.0217502 0.0140895 0.0121071 0.0120363 0.00920419 0.00665534 0.0049561 0.00860946 0.00930331 0.0156896 0.0114698 0.00855282 0.00243557 0.00046729 0 2.83206e-05
 0 0 0 0 0.000772559 0.00158375 0.000888443 0.00281984 0.00712685 0.0440552 0.0773331 0.111326 0.0921469 0.0852325 0.0710754 0.0886704 0.0786465 0.0553345 0.0373146 0.0185414 0.00753245 0.00457741 0.012979 0.0271748 0.0457355 0.0583668 0.034881 0.0177882 0.00938659 0.00492506 0.0015258 0.00185414 0.000309023 5.79419e-05 3.86279e-05 0
 0 0.00173294 0.00326652 0 0.00397197 0.00683976 0.00946217 0.0152591 0.00757587 0.0136028 0.0228656 0.0392903 0.0559909 0.0764795 0.0681675 0.0726916 0.0566044 0.0477403 0.0527397 0.0444891 0.0609904 0.0582453 0.0661739 0.0445044 0.0529084 0.0360697 0.0280645 0.0235558 0.0158879 0.00826598 0.00280645 0.00217768 0.000904811 0.00058276 9.20147e-05 0
 0 0 0 0 0 0 0 0 0 0 0 0 0 0 0 0 0 0 0 0 0 0 0 0 0 0 0 0 0 0 0 0 0 0 0 0
 0 0 0 0 0 0 0 0 0 0 0 0 0 0 0 0 0 0 0 0 0 0 0 0 0 0 0 0 0 0 0 0 0 0 0 0
 0 0 0 0 0 0 0 0 0 0 0 0 0 0 0 0 0 0 0 0 0 0 0 0 0 0 0 0 0 0 0 0 0 0 0 0
 0 0 0 0 0 0 0 0 0 0 0 0 0 0 0 0 0 0 0 0 0 0 0 0 0 0 0 0 0 0 0 0 0 0 0 0
 0 0 0 0 0 0 0 0 0 0 0 0 0 0 0 0 0 0 0 0 0 0 0 0 0 0 0 0 0 0 0 0 0 0 0 0
ppred_pel_tallas
 1.00722e-16 3.50757e-05 0.000205872 0.000978635 0.00376782 0.0117496 0.0296786 0.060726 0.100659 0.13518 0.147094 0.129729 0.092823 0.0540889 0.0260942 0.0112276 0.00564479 0.00482426 0.00599428 0.00793805 0.0101614 0.0123727 0.0143094 0.0157309 0.0164606 0.0164243 0.015665 0.0143271 0.012616 0.0107486 0.00891015 0.00722858 0.00576989 0.00454914 0.00354915 0.00273864
 1.00616e-16 3.36571e-05 0.00019754 0.000939015 0.00361526 0.0112738 0.0284769 0.0582676 0.0965855 0.129713 0.141158 0.124521 0.0891564 0.0520732 0.0253474 0.0112915 0.0062367 0.00585642 0.00748819 0.00993949 0.0126863 0.015378 0.0176818 0.0192933 0.0199949 0.0197055 0.018499 0.0165815 0.0142367 0.011759 0.00939517 0.0073101 0.00558038 0.00421006 0.00315733 0.00236104
 1.00871e-16 2.8575e-05 0.000167694 0.000797102 0.00306882 0.00956977 0.0241727 0.0494616 0.0819925 0.110127 0.119875 0.105821 0.0759315 0.0446791 0.0223648 0.01101 0.0075582 0.00837736 0.01121 0.0149901 0.0191533 0.0232239 0.0267096 0.029152 0.0302217 0.0297945 0.0279803 0.0250878 0.021544 0.0177926 0.0142067 0.0110368 0.00840122 0.00630902 0.00469983 0.00348339
 1.01271e-16 3.18382e-05 0.000186861 0.000888244 0.00341978 0.0106642 0.0269371 0.0551171 0.0913636 0.122702 0.133531 0.117802 0.0843654 0.0493148 0.0240803 0.0108583 0.00618889 0.00599042 0.00775379 0.0103566 0.013303 0.0162534 0.0188781 0.0208671 0.0219881 0.0221358 0.0213522 0.0198067 0.0177473 0.0154391 0.0131108 0.0109237 0.00896626 0.00726695 0.00581716 0.00459197
 1.01361e-16 3.17993e-05 0.000186632 0.000887156 0.00341558 0.0106512 0.026904 0.0550495 0.0912519 0.122552 0.13337 0.117663 0.084274 0.049277 0.0240906 0.010911 0.00628409 0.00613368 0.00795157 0.0106113 0.0136086 0.0165934 0.0192249 0.0211853 0.02224 0.0222891 0.0213869 0.01972 0.0175552 0.0151727 0.0128105 0.0106314 0.00871753 0.00708617 0.00571511 0.00456659
 1.01923e-16 2.53827e-05 0.00014895 0.000707984 0.00272568 0.00849971 0.0214698 0.0439316 0.0728274 0.0978228 0.106497 0.094049 0.067565 0.039919 0.0202848 0.0104885 0.0078471 0.00915999 0.0124317 0.0166996 0.0214168 0.026086 0.0301774 0.0331895 0.0347534 0.0347155 0.0331693 0.0304193 0.0268972 0.0230561 0.0192794 0.0158282 0.0128326 0.0103161 0.00823647 0.0065254
 1.0178e-16 3.24655e-05 0.000190547 0.000905775 0.00348729 0.0108748 0.0274688 0.0562048 0.0931657 0.125119 0.136153 0.120095 0.0859643 0.0501619 0.0243313 0.0106975 0.00571857 0.0052244 0.00666001 0.00890101 0.0114804 0.0141067 0.0165048 0.018415 0.0196363 0.0200681 0.0197266 0.0187302 0.0172616 0.0155196 0.0136778 0.0118619 0.0101458 0.00856268 0.00712202 0.00582436
 1.01451e-16 2.96773e-05 0.000174169 0.000827895 0.0031874 0.00993956 0.0251067 0.0513723 0.0851584 0.114374 0.124486 0.109862 0.0787669 0.0462185 0.0228966 0.0108787 0.00696886 0.00738147 0.00977475 0.013068 0.0167287 0.0203396 0.0234783 0.0257509 0.0268713 0.0267265 0.0254004 0.0231445 0.0203094 0.0172597 0.0143011 0.0116376 0.00936529 0.00749265 0.00597492 0.00474677
 1.01173e-16 3.26893e-05 0.000191859 0.000912006 0.00351127 0.0109496 0.0276577 0.0565915 0.0938073 0.125982 0.137098 0.12094 0.0865953 0.0505823 0.0246317 0.0109918 0.00610239 0.00576647 0.00740451 0.00986609 0.0126506 0.0154248 0.0178699 0.0196896 0.0206649 0.0207016 0.0198494 0.0182815 0.0162459 0.0140047 0.0117811 0.00972916 0.00792818 0.00639674 0.00511587 0.004051
 1.01108e-16 3.12514e-05 0.000183413 0.000871848 0.00335664 0.0104673 0.0264397 0.0540997 0.0896782 0.120441 0.131079 0.115657 0.0828697 0.0485216 0.0238437 0.0110051 0.00662176 0.00669405 0.00875456 0.0116815 0.0149508 0.0181781 0.0209829 0.0230117 0.0240072 0.0238662 0.022662 0.0206181 0.0180477 0.0152782 0.0125858 0.0101573 0.00808326 0.00637621 0.0049997 0.00389729
 1.01561e-16 2.60883e-05 0.000153092 0.00072768 0.00280152 0.00873621 0.0220672 0.0451539 0.0748531 0.100543 0.109455 0.0966529 0.0694184 0.0409792 0.0207589 0.0106279 0.00782133 0.00904389 0.0122419 0.0164285 0.0210502 0.0256109 0.0295845 0.0324748 0.0339185 0.0337674 0.0321196 0.0292839 0.0256958 0.0218118 0.0180187 0.0145798 0.011626 0.00917934 0.00719402 0.00559576
 1.02098e-16 2.70954e-05 0.00015901 0.000755823 0.00290989 0.00907418 0.0229208 0.0469 0.0777459 0.104423 0.113664 0.100334 0.0719856 0.0423403 0.0211644 0.0103745 0.00707477 0.00782877 0.01051 0.0141296 0.018181 0.0222449 0.0258826 0.0286751 0.0303059 0.0306286 0.0296939 0.0277238 0.0250455 0.0220091 0.0189167 0.0159813 0.0133198 0.010972 0.00893032 0.00716797
 1.01044e-16 3.45205e-05 0.000202612 0.000963137 0.00370814 0.0115635 0.0292085 0.0597643 0.0990652 0.13304 0.144768 0.127681 0.0913678 0.0532607 0.0257318 0.0111354 0.00569218 0.00495505 0.00619733 0.00821967 0.0105304 0.012834 0.0148618 0.0163669 0.0171681 0.0171889 0.0164727 0.0151661 0.0134773 0.0116248 0.00979406 0.00811104 0.00663883 0.00538957 0.00434441 0.00347239
 1.00263e-16 3.67746e-05 0.000215847 0.00102606 0.00395042 0.012319 0.0311169 0.0636688 0.105537 0.141728 0.154215 0.135997 0.0972831 0.0566368 0.0272272 0.0115482 0.00555785 0.00450496 0.00547664 0.00719687 0.009156 0.0110659 0.0126767 0.0137654 0.0141754 0.0138531 0.0128603 0.0113568 0.00955992 0.00769301 0.00594219 0.00442999 0.00321058 0.00228163 0.00160482 0.00112657
 1.001e-16 3.90242e-05 0.000229059 0.00108888 0.0041923 0.0130734 0.0330221 0.0675668 0.111996 0.150398 0.163636 0.144275 0.103137 0.0599104 0.0285484 0.0116745 0.00497577 0.00339372 0.00383634 0.00497176 0.00630822 0.0076128 0.00870578 0.00943181 0.00968302 0.00942357 0.00869862 0.00762177 0.00634643 0.00503025 0.00380426 0.00275452 0.00191854 0.00129359 0.000851137 0.000551507
 1.00182e-16 3.56978e-05 0.000209523 0.000995987 0.00383462 0.0119579 0.0302048 0.0618028 0.102444 0.137578 0.149707 0.13204 0.0944911 0.0550899 0.0266303 0.011547 0.00592956 0.00517466 0.00645392 0.00851388 0.010829 0.0130751 0.0149577 0.0162123 0.0166537 0.0162199 0.0149873 0.0131498 0.0109694 0.00871579 0.00661318 0.00480917 0.00336853 0.0022874 0.0015178 0.000992735
 1.00607e-16 3.03484e-05 0.000178108 0.00084662 0.00325949 0.0101644 0.0256745 0.0525343 0.0870847 0.116962 0.127303 0.112351 0.0805559 0.0472777 0.0234385 0.0111632 0.00718345 0.0076258 0.0100904 0.0134632 0.0171876 0.0208222 0.0239207 0.0260694 0.0269725 0.0265206 0.0248164 0.022143 0.0188902 0.0154632 0.0122023 0.00933594 0.00697138 0.0051155 0.00371083 0.00267177
 1.01028e-16 3.20954e-05 0.00018837 0.000895419 0.0034474 0.0107504 0.0271547 0.0555623 0.0921018 0.123693 0.134612 0.118757 0.0850545 0.0497273 0.0242995 0.0109864 0.00630046 0.00612637 0.00793178 0.0105796 0.0135615 0.0165253 0.0191286 0.0210523 0.0220603 0.0220517 0.0210813 0.0193375 0.0170903 0.0146253 0.0121869 0.00994468 0.00798727 0.00633663 0.00497275 0.0038572
 1.01226e-16 3.0377e-05 0.000178278 0.000847433 0.00326263 0.0101742 0.0256992 0.0525847 0.0871674 0.117071 0.127416 0.112436 0.0805865 0.0472345 0.0233039 0.0109123 0.00677975 0.0070254 0.00925272 0.012365 0.0158368 0.0192697 0.0222638 0.0244458 0.0255424 0.0254424 0.024219 0.0221038 0.019423 0.0165188 0.0136803 0.0111044 0.00888824 0.00704804 0.00554937 0.004337
 1.01124e-16 3.30874e-05 0.000194196 0.00092312 0.00355406 0.011083 0.0279948 0.0572812 0.0949502 0.127516 0.138765 0.122406 0.0876327 0.0511646 0.024871 0.0110234 0.00601387 0.00559116 0.00714381 0.00951081 0.0121935 0.0148669 0.0172229 0.0189761 0.0199151 0.0199494 0.019127 0.017615 0.0156525 0.0134921 0.011349 0.00937134 0.00763556 0.00615943 0.00492458 0.00389775
 1.01223e-16 3.06421e-05 0.000179835 0.000854835 0.00329113 0.0102631 0.0259237 0.053044 0.0879287 0.118093 0.128526 0.113412 0.0812782 0.0476236 0.0234655 0.010937 0.00672633 0.00691661 0.0090898 0.0121417 0.0155477 0.018914 0.0218473 0.023981 0.0250472 0.0249376 0.0237255 0.0216397 0.0190022 0.0161499 0.0133672 0.0108469 0.0086835 0.00689129 0.00543478 0.00425812
 1.0161e-16 2.94547e-05 0.000172864 0.000821691 0.00316351 0.00986509 0.0249185 0.0509873 0.0845199 0.113516 0.123549 0.10903 0.0781578 0.0458366 0.0226627 0.0106946 0.00675835 0.00709716 0.00939201 0.0125813 0.0161535 0.0197154 0.022868 0.0252354 0.0265375 0.0266517 0.0256364 0.0237063 0.0211709 0.0183582 0.0155482 0.0129353 0.0106208 0.0086313 0.00694718 0.00552984
 1.01504e-16 3.18972e-05 0.000187208 0.000889894 0.00342613 0.0106841 0.0269871 0.0552194 0.0915332 0.122929 0.133778 0.118018 0.0845159 0.0493945 0.0241037 0.0108425 0.0061428 0.00591412 0.00764229 0.0102038 0.0131047 0.0160096 0.018594 0.0205544 0.0216641 0.0218223 0.0210731 0.0195853 0.0176038 0.0153878 0.0131588 0.0110698 0.00920112 0.00757433 0.00617573 0.00497793
 1.01317e-16 3.14666e-05 0.000184678 0.000877863 0.0033798 0.0105396 0.0266222 0.0544729 0.0902964 0.12127 0.131978 0.116443 0.0834161 0.0488081 0.0239225 0.0109377 0.00644124 0.0064029 0.0083398 0.0111303 0.0142619 0.0173685 0.0200907 0.022094 0.0231331 0.0231064 0.0220768 0.0202478 0.0179075 0.0153574 0.0128525 0.0105656 0.00858226 0.00691663 0.00553958 0.00440475
 1.02459e-16 2.09524e-05 0.000122933 0.000584283 0.00224938 0.00701435 0.017718 0.0362557 0.0601067 0.0807483 0.0879405 0.077737 0.0560114 0.0334249 0.0175982 0.0100987 0.00877251 0.0110227 0.0152103 0.0204933 0.0263075 0.0320713 0.0371414 0.0409044 0.042906 0.0429529 0.0411518 0.0378671 0.0336183 0.028953 0.0243365 0.020088 0.0163698 0.0132167 0.0105852 0.00839994
 1.03965e-16 2.47945e-05 0.000145505 0.000691625 0.00266273 0.00830341 0.0209739 0.0429162 0.0711419 0.0955521 0.104007 0.0918078 0.0658631 0.0387301 0.0193453 0.00946534 0.00644675 0.00715755 0.0096727 0.0131168 0.017063 0.0211659 0.0250555 0.0283636 0.0307886 0.0321531 0.0324293 0.0317235 0.03023 0.0281736 0.0257601 0.0231502 0.0204567 0.0177578 0.0151157 0.0125885
 1.03552e-16 2.73407e-05 0.000160454 0.000762696 0.00293637 0.00915675 0.0231293 0.0473264 0.0784516 0.105367 0.114683 0.101213 0.0725691 0.0425901 0.0211163 0.0100662 0.0065028 0.00694985 0.00926562 0.0124744 0.0161083 0.0198055 0.023194 0.0259174 0.0277028 0.0284172 0.0280895 0.0268875 0.0250626 0.0228811 0.0205674 0.0182735 0.0160777 0.0140042 0.0120509 0.0102127
pSPR Fmed_Fpbrs
0.519669   0.6 0.325
Fs Fmed_Fpbrs
0.66   0.466516 1.63101
SSBpbr Bo_Bmed_Bpbrs
856084  402076  470846 235423
Ro
35167.1
SPR SPRFo_SPRFmed_SPRFpbrs
728530 378594 236772
log_Ro
10.2879
likeval ReclasPelacesDesembMPH_pf_preclas_ppelaces_ptallas_desvR_qrecl_qpela
 64.9641 14.9795 0.00963562 0.000566726 344.799 208.852 59.6406 0 16.5046 6.08365e-07 7.03018e-05 2.025e-14 0 0 0
q_reclas_q_pelaces
0.895363 3.29656
M
0.7
N
 35733.5 10406.8 3324.82 391.553 0.23096
 43191.1 16077.8 2528.19 569.037 65.189
 21015.3 19605.6 4163.94 475.97 116.36
 30239.6 8926.55 3137.95 382.705 52.0387
 54826.1 14507.2 3451.96 1073.54 147.263
 39396.1 27061.2 6894.25 1605.52 566.808
 75632.4 18466.2 8844.05 1835.6 568.787
 73106.9 36202.8 7025.99 2953.34 794.415
 97170.9 33839.4 10801 1633.15 853.619
 114007 44606.2 9506.48 2295.4 516.526
 63540.9 53489.9 14679.6 2557.42 744.166
 44339.6 28425.5 12464.1 2361.1 515.238
 48194.1 20041.1 7137.41 2240.79 503.253
 25675.7 20432.9 3164.55 642.905 236.145
 14777.9 9321.69 1048.32 53.3949 13.5444
 13021.8 5169.51 365.354 11.8425 0.683394
 9361.87 5622.24 931.365 40.0556 1.3193
 11354.4 4194.34 1324.31 152.233 6.56643
 12321.8 5244.29 1231.91 300.72 35.3189
 19245.3 5778.21 1719.49 329.585 88.436
 25357.2 9005.94 1865.85 449.687 107.462
 31611.1 12252.3 3668.15 689.642 204.31
 50638.6 15187.4 4788.61 1274.92 307.751
 71805.3 24151.6 5628.95 1537.83 502.376
 38498.8 34266 8987.7 1818.65 651.613
 43025.9 18516.1 13495.2 3159.68 860.419
 52553.4 20746.8 7429.75 4878.14 1440.85
pred_Ctot
 2427.83 3980.95 1662.98 199.003 0.117482
 2682.19 5740.79 1191.96 272.808 31.2807
 2205.68 10176.3 2672.35 309.157 75.6271
 739.09 1441.05 717.148 89.4146 12.1725
 238.513 449.844 157.983 50.394 6.92218
 1594.44 6814.7 2382.76 565.904 199.994
 1966.64 3153.03 2131.16 452.084 140.247
 3583.61 10700.4 2805.65 1201.31 323.455
 5306.34 10917.4 4661.23 717.378 375.314
 4539.44 11078 3244.24 798.966 179.977
 4557.43 21310.5 7599.59 1344.71 391.612
 2879.1 10504.9 6053.05 1165.57 254.57
 5114.57 10476.2 4605.87 1463.31 328.847
 5055.36 14815.8 2577.65 526.769 193.548
 3204.95 7020.86 874.643 44.7778 11.3616
 1232.46 2507.16 222.291 7.29967 0.42153
 662.321 2217.1 478.017 20.8828 0.688382
 573.161 1269.85 540.262 63.2487 2.73082
 494.919 1312.15 423.268 105.379 12.3895
 800.699 1489.59 607.081 118.653 31.8706
 492.714 1177.84 348.971 86.0499 20.5884
 740.305 1902.54 808.008 155.326 46.0704
 1444.05 2817.27 1247.42 339.308 81.9983
 2019.8 4425.59 1449.58 404.63 132.335
 873.174 5167.34 1925.53 398.43 142.926
 898.281 2587.78 2689.29 644.06 175.597
 1135.54 2992.66 1525.87 1024.64 303.01
F
 0.0986472 0.714957 1.06523 1.09342 1.09495
 0.0898198 0.650979 0.969905 0.995576 0.996965
 0.156223 1.13225 1.68695 1.7316 1.73402
 0.0345062 0.250088 0.37261 0.382472 0.383006
 0.00606543 0.0439599 0.0654965 0.0672301 0.0673238
 0.0577233 0.418356 0.623316 0.639814 0.640706
 0.036747 0.266328 0.396807 0.40731 0.407878
 0.0702985 0.509496 0.759107 0.779198 0.780285
 0.0785985 0.569651 0.848733 0.871197 0.872412
 0.0567658 0.411416 0.612976 0.6292 0.630078
 0.104398 0.756638 1.12733 1.15717 1.15878
 0.0940911 0.681936 1.01603 1.04292 1.04437
 0.15809 1.14577 1.70711 1.75229 1.75474
 0.313201 2.26996 3.38205 3.47157 3.47641
 0.350354 2.53923 3.78324 3.88338 3.88879
 0.139892 1.01388 1.5106 1.55058 1.55274
 0.102909 0.745842 1.11124 1.14065 1.14225
 0.0724615 0.525173 0.782464 0.803174 0.804295
 0.057276 0.415114 0.618485 0.634855 0.635741
 0.0593823 0.43038 0.64123 0.658202 0.65912
 0.0273466 0.198197 0.295297 0.303113 0.303536
 0.0330421 0.239476 0.3568 0.366244 0.366755
 0.0403641 0.292544 0.435866 0.447402 0.448026
 0.0398052 0.288492 0.42983 0.441206 0.441822
 0.0319853 0.231817 0.345388 0.354529 0.355024
 0.0294094 0.213148 0.317573 0.325978 0.326433
 0.0304512 0.220699 0.328823 0.337526 0.337997
Np
 35167.1 16674.5 8991.92 2490.53 1024.82
YTP_r0W_actual
 9197.88 72721.6 50048.6 41190.7 13847.5
YTP_p0W_proyectada
 9852.38 121526 77845.3 31933.5 32351.7
 9852.38 80048.1 84720.3 29948.5 14164.8
CTP_r0_actual
 1135.54 2992.66 1525.87 1024.64 303.01
CTP_p0_proyectada
 1145.63 5283.72 2402.63 788.481 695.734
 1145.63 3480.35 2614.82 739.47 304.619
Wmedp
 8.6 23 32.4 40.5 46.5
nmprior
 10.8 10.6 4.6 0
nm_flota  nm_reclas  nm_pelaces    nm_pelaL
inf 22.9635 18.2895 78.2171
cv_recla  cv_pelaces  cv_mph
0.698019 0.410512 0.636243
 ------------------------------------------------
Talla a la edad & desviaci?n 
 7.2 14.2025 17.0495 18.207 18.6776
 1.08 2.13037 2.55742 2.73105 2.80164
