years
 1997 1998 1999 2000 2001 2002 2003 2004 2005 2006 2007 2008 2009 2010 2011 2012 2013 2014 2015 2016 2017 2018 2019 2020 2021 2022 2023
reclasobs
 0 0 0 370054 412103 1.49427e+06 250295 1.28982e+06 931140 785840 897777 1.04006e+06 184774 17550 25797 100020 73551 82996 120727 218422 84188 347160 605670 569463 516374 1.08416e+06 1.01767e+06
reclaspred
 6.69511e+06 1.21572e+06 1.46034e+06 250289 236360 348989 664109 650828 667870 853299 975062 717852 363544 140296 76874.1 79884.3 81758.7 109384 144659 146500 210688 243365 381456 480180 807167 718909 337616
pelacesobs
 0 0 0 0 0 0 0 0 0 2.06254e+06 1.5e+06 0 1.87456e+06 323000 250000 174000 83755 137374 0 501740 490994 745055 786931 1.00524e+06 1.33801e+06 1.41789e+06 0
pelacespred
 1.22457e+07 5.74338e+06 1.22139e+06 491098 704811 589644 2.08135e+06 1.87922e+06 1.71862e+06 2.47835e+06 2.15104e+06 1.58079e+06 911946 291288 165047 165437 172814 250789 315158 285187 562663 581115 670799 1.06394e+06 1.64723e+06 1.40573e+06 481849
mphobs
 0 0 0 0 0 112323 0 153150 637223 0 255016 313432 73983 77613 109348 50772 17779 17303 59886 28197 0 207744 136588 643089 65757 70829 0
mphpred
 1.06297e+06 446729 188586 59614.2 41098.4 134034 148652 287581 248289 270809 384938 258147 157861 95523.2 44968.3 32959.1 28854 34122 45973.6 43478.2 54023.1 76102.7 87041 122386 213962 169960 127290
desembarqueobs
 350755 77701 442110 56441 14545 235359 269955 359681 431902 328805 639364 411747 362871 311530 167758 66681 60226 58785 57116 73181 50977 67692 138656 160484 209506 203330 245020
desembarquepred
 350743 77675.9 441484 56405 14542.1 235154 269865 359051 431331 328469 638119 410976 362083 310953 167227 66596.1 60184.8 58689.8 57027.5 73079.5 50955.5 67608.5 138512 160349 209284 203026 244698
Reclutas
 10150.2 14655.6 1673.01 4506.73 38554.4 12903.7 64819.4 55701.4 62290.5 114090 63876.3 48516.6 57925.2 29013.6 12236.4 9097.36 6902.66 8828 7651.62 8513.6 15497.7 16935.1 27664.7 46915.7 13318.8 30761.3 1785.15
log_desv_Rt
 -0.57475 -0.207421 -2.37762 -1.38667 0.759827 -0.33473 1.27936 1.12776 1.23956 1.84474 1.2647 0.989661 1.16691 0.475519 -0.387834 -0.684261 -0.960338 -0.714316 -0.857328 -0.75058 -0.151556 -0.0628567 0.427914 0.956107 -0.303067 0.534012 -2.31274
SSB
 1.46214e+06 614489 259406 82001.1 56532.1 184367 204475 395577 341529 372507 529494 355089 217143 131395 61855.3 45336.3 39689.5 46935.8 63238.1 59805.7 74310.5 104682 119728 168346 294311 233785 175091
BT
 1.9578e+06 746451 381787 132562 242904 292607 1.03256e+06 924141 953652 1.1118e+06 1.131e+06 795147 673842 389056 196032 103158 100882 125120 117485 129565 202293 176046 250443 412484 451016 460657 264124
Ftot
 0.196201 0.32877 1.42874 1.16952 0.335407 1.77324 1.81407 1.73411 2.12965 1.43963 1.90924 1.84529 3.19048 4.95303 4.95303 2.32128 2.22703 1.79505 1.20968 1.63194 0.881557 0.922898 1.23588 1.18396 0.801311 1.13764 1.98428
BD_Bspro_t
 0.97317 0.810815 0.546114 0.17252 0.222933 0.527185 0.380774 0.480265 0.392363 0.374376 0.421511 0.271079 0.185528 0.132848 0.0758215 0.0689567 0.0840445 0.136603 0.217482 0.250559 0.32363 0.465983 0.455108 0.466604 0.530271 0.397803 0.325733
BD_Bspro
 3.9255 1.64975 0.696443 0.220153 0.151775 0.494982 0.548966 1.06203 0.916922 1.00009 1.42156 0.953327 0.582976 0.352764 0.166066 0.121717 0.106557 0.126011 0.169779 0.160564 0.199506 0.281045 0.321439 0.451969 0.790153 0.627657 0.470077
BD_Bo
 2.68457 1.12823 0.476283 0.150558 0.103796 0.338508 0.375427 0.726299 0.627064 0.683941 0.972177 0.651961 0.398685 0.241248 0.113569 0.0832397 0.072872 0.0861765 0.116108 0.109806 0.136438 0.192201 0.219826 0.309092 0.540369 0.429242 0.321476
BD_Brms
 4.88103 2.05133 0.865969 0.273742 0.18872 0.615468 0.682594 1.32054 1.14012 1.24353 1.76759 1.18538 0.724882 0.438632 0.20649 0.151345 0.132494 0.156685 0.211106 0.199648 0.248069 0.349456 0.399683 0.561986 0.98249 0.780439 0.584502
S_f
 0.0758352 0.80149 0.994991 0.999898 0.999998
 0.0758352 0.80149 0.994991 0.999898 0.999998
 0.0758352 0.80149 0.994991 0.999898 0.999998
 0.0758352 0.80149 0.994991 0.999898 0.999998
 0.0758352 0.80149 0.994991 0.999898 0.999998
 0.0758352 0.80149 0.994991 0.999898 0.999998
 0.0758352 0.80149 0.994991 0.999898 0.999998
 0.0758352 0.80149 0.994991 0.999898 0.999998
 0.0758352 0.80149 0.994991 0.999898 0.999998
 0.0758352 0.80149 0.994991 0.999898 0.999998
 0.0758352 0.80149 0.994991 0.999898 0.999998
 0.0758352 0.80149 0.994991 0.999898 0.999998
 0.0758352 0.80149 0.994991 0.999898 0.999998
 0.0758352 0.80149 0.994991 0.999898 0.999998
 0.0758352 0.80149 0.994991 0.999898 0.999998
 0.0758352 0.80149 0.994991 0.999898 0.999998
 0.0758352 0.80149 0.994991 0.999898 0.999998
 0.0758352 0.80149 0.994991 0.999898 0.999998
 0.0758352 0.80149 0.994991 0.999898 0.999998
 0.0758352 0.80149 0.994991 0.999898 0.999998
 0.0758352 0.80149 0.994991 0.999898 0.999998
 0.0758352 0.80149 0.994991 0.999898 0.999998
 0.0758352 0.80149 0.994991 0.999898 0.999998
 0.0758352 0.80149 0.994991 0.999898 0.999998
 0.0758352 0.80149 0.994991 0.999898 0.999998
 0.0758352 0.80149 0.994991 0.999898 0.999998
 0.0758352 0.80149 0.994991 0.999898 0.999998
Scru_reclas
 0.0813673 0.308323 0.691677 0.918633 0.982704
 0.0813673 0.308323 0.691677 0.918633 0.982704
 0.0813673 0.308323 0.691677 0.918633 0.982704
 0.0813673 0.308323 0.691677 0.918633 0.982704
 0.0813673 0.308323 0.691677 0.918633 0.982704
 0.0813673 0.308323 0.691677 0.918633 0.982704
 0.0813673 0.308323 0.691677 0.918633 0.982704
 0.0813673 0.308323 0.691677 0.918633 0.982704
 0.0813673 0.308323 0.691677 0.918633 0.982704
 0.0813673 0.308323 0.691677 0.918633 0.982704
 0.0813673 0.308323 0.691677 0.918633 0.982704
 0.0813673 0.308323 0.691677 0.918633 0.982704
 0.0813673 0.308323 0.691677 0.918633 0.982704
 0.0813673 0.308323 0.691677 0.918633 0.982704
 0.0813673 0.308323 0.691677 0.918633 0.982704
 0.0813673 0.308323 0.691677 0.918633 0.982704
 0.0813673 0.308323 0.691677 0.918633 0.982704
 0.0813673 0.308323 0.691677 0.918633 0.982704
 0.0813673 0.308323 0.691677 0.918633 0.982704
 0.0813673 0.308323 0.691677 0.918633 0.982704
 0.0813673 0.308323 0.691677 0.918633 0.982704
 0.0813673 0.308323 0.691677 0.918633 0.982704
 0.0813673 0.308323 0.691677 0.918633 0.982704
 0.0813673 0.308323 0.691677 0.918633 0.982704
 0.0813673 0.308323 0.691677 0.918633 0.982704
 0.0813673 0.308323 0.691677 0.918633 0.982704
 0.0813673 0.308323 0.691677 0.918633 0.982704
Scru_pelaces
 0.188366 0.538743 0.85461 0.967301 0.993328
 0.188366 0.538743 0.85461 0.967301 0.993328
 0.188366 0.538743 0.85461 0.967301 0.993328
 0.188366 0.538743 0.85461 0.967301 0.993328
 0.188366 0.538743 0.85461 0.967301 0.993328
 0.188366 0.538743 0.85461 0.967301 0.993328
 0.188366 0.538743 0.85461 0.967301 0.993328
 0.188366 0.538743 0.85461 0.967301 0.993328
 0.188366 0.538743 0.85461 0.967301 0.993328
 0.188366 0.538743 0.85461 0.967301 0.993328
 0.188366 0.538743 0.85461 0.967301 0.993328
 0.188366 0.538743 0.85461 0.967301 0.993328
 0.188366 0.538743 0.85461 0.967301 0.993328
 0.188366 0.538743 0.85461 0.967301 0.993328
 0.188366 0.538743 0.85461 0.967301 0.993328
 0.188366 0.538743 0.85461 0.967301 0.993328
 0.188366 0.538743 0.85461 0.967301 0.993328
 0.188366 0.538743 0.85461 0.967301 0.993328
 0.188366 0.538743 0.85461 0.967301 0.993328
 0.188366 0.538743 0.85461 0.967301 0.993328
 0.188366 0.538743 0.85461 0.967301 0.993328
 0.188366 0.538743 0.85461 0.967301 0.993328
 0.188366 0.538743 0.85461 0.967301 0.993328
 0.188366 0.538743 0.85461 0.967301 0.993328
 0.188366 0.538743 0.85461 0.967301 0.993328
 0.188366 0.538743 0.85461 0.967301 0.993328
 0.188366 0.538743 0.85461 0.967301 0.993328
pf_obs 
 0.256992 0.487395 0.22802 0.0275931 0
 0.321318 0.546541 0.124235 0.00734118 0.000564706
 0.182869 0.594174 0.210203 0.0122559 0.00049798
 0.330522 0.361315 0.267642 0.0388342 0.00168674
 0.649043 0.306663 0.0425973 0.00169635 0
 0.582887 0.30429 0.105238 0.00758474 0
 0.465427 0.430635 0.0974691 0.00646863 0
 0.296916 0.608066 0.0921331 0.00288517 0
 0.311714 0.524322 0.152257 0.0117073 0
 0.15457 0.633149 0.183074 0.0267441 0.00246327
 0.131901 0.49318 0.331252 0.0422183 0.00144891
 0.196976 0.569456 0.194076 0.0375587 0.00193317
 0.518974 0.381816 0.0799577 0.0180837 0.00116848
 0.0928022 0.601141 0.25162 0.0475244 0.00691264
 0.122501 0.610282 0.24278 0.0234846 0.000952079
 0.383417 0.481906 0.127806 0.00687128 0
 0.0376549 0.599619 0.316969 0.0457579 0
 0.0361596 0.667082 0.258105 0.0386534 0
 0.158088 0.579412 0.248529 0.0139706 0
 0.0477256 0.309471 0.559284 0.082774 0.000745712
 0.0406174 0.521527 0.379366 0.0568643 0.0016247
 0.151134 0.462217 0.34131 0.0453401 0
 0.294876 0.26143 0.354403 0.0886775 0.000613685
 0.281977 0.475581 0.204845 0.0348837 0.00271318
 0.0841818 0.532909 0.334909 0.0458182 0.00218182
 0.115287 0.27431 0.454777 0.147771 0.00785563
 0 0 0 0 0
pf_pred 
 0.0159922 0.639812 0.304017 0.0401766 2.28071e-06
 0.0422228 0.13645 0.576139 0.216702 0.0284856
 0.0122161 0.364491 0.109804 0.360824 0.152665
 0.146399 0.182026 0.313309 0.0636144 0.294652
 0.602397 0.304575 0.026052 0.0313911 0.0355849
 0.0918424 0.859023 0.0397394 0.00264239 0.00675323
 0.553222 0.306187 0.135635 0.00401654 0.00093923
 0.227468 0.747629 0.0192742 0.00543219 0.000196297
 0.270842 0.628539 0.0985123 0.00163486 0.000472327
 0.359196 0.581108 0.0544167 0.00516965 0.000109224
 0.154821 0.771264 0.0691438 0.00435353 0.000418301
 0.183937 0.661533 0.145777 0.00819411 0.000559083
 0.327144 0.569805 0.0897905 0.0125164 0.000743197
 0.252285 0.71869 0.0265881 0.00212764 0.000308936
 0.248353 0.735112 0.016292 0.000223259 1.99537e-05
 0.271218 0.711431 0.0172069 0.000141404 2.05881e-06
 0.222017 0.71097 0.0660669 0.000938799 7.72551e-06
 0.295911 0.62429 0.0755507 0.0041888 5.92555e-05
 0.194995 0.725191 0.0737946 0.00570172 0.00031711
 0.22704 0.618325 0.143656 0.0101574 0.000821245
 0.304094 0.595466 0.08632 0.0131267 0.000992902
 0.200833 0.685614 0.101161 0.0106617 0.00173081
 0.272094 0.569717 0.14129 0.0150676 0.00183161
 0.302021 0.602985 0.0796832 0.0136882 0.0016228
 0.0616129 0.818442 0.108076 0.00996998 0.00189924
 0.233975 0.35884 0.367641 0.0356564 0.00388733
 0.0172982 0.836169 0.0816145 0.0586617 0.00625632
pobs_RECLAS
 0 0 0 0 0
 0 0 0 0 0
 0 0 0 0 0
 0 0 0 0 0
 0.835266 0.146461 0.0176864 0.000547809 3.91292e-05
 0.385257 0.428462 0.181853 0.0044286 0
 0.867414 0.0963971 0.0333333 0.00285562 0
 0.441836 0.489002 0.0689373 0.000224442 0
 0.779404 0.147425 0.0564933 0.0165055 0.000172143
 0.814271 0.122319 0.05973 0.00367925 0
 0.40263 0.566651 0.0304383 0.000280538 0
 0.475488 0.404961 0.113038 0.00651328 0
 0.955842 0.0263864 0.0167828 0.000988607 0
 0.975058 0.0227948 0.00214734 0 0
 0.738997 0.206755 0.0527124 0.00153531 0
 0.850938 0.134255 0.0134407 0.00136685 0
 0.542534 0.407297 0.0501686 0 0
 0.764087 0.199537 0.0359546 0.000420521 0
 0.470689 0.182191 0.310203 0.0369168 0
 0.84361 0.089868 0.0606195 0.00523954 0.000663233
 0.607945 0.314616 0.071237 0.00620181 0
 0.523733 0.453247 0.0230204 0 0
 0.530135 0.295979 0.169645 0.0042399 0
 0.562478 0.366248 0.0663022 0.0049721 0
 0.250443 0.683176 0.0655157 0.000865301 0
 0.195077 0.31981 0.436473 0.0351445 0.0134964
 0.565238 0.351407 0.0832357 0.000118908 0
ppred_RECLAS
 0.0338891 0.481642 0.412436 0.0720283 4.37359e-06
 0.0637196 0.0726151 0.55119 0.273956 0.0385193
 0.0212643 0.203585 0.10617 0.460555 0.208426
 0.216488 0.088773 0.267575 0.0717403 0.355424
 0.767955 0.136869 0.0210433 0.0335058 0.0406271
 0.239161 0.688871 0.0542109 0.00475615 0.0130015
 0.767303 0.1301 0.0978192 0.00382185 0.000955906
 0.480968 0.489226 0.0215003 0.00799583 0.000309047
 0.536395 0.365417 0.095453 0.00208897 0.000645525
 0.61986 0.321389 0.0520726 0.00653028 0.000147576
 0.362802 0.546846 0.0827699 0.0068749 0.000706537
 0.393747 0.432083 0.161332 0.0119641 0.000873128
 0.642554 0.276676 0.0675828 0.0123993 0.000787448
 0.659564 0.322498 0.0159984 0.0016786 0.000260666
 0.656408 0.333486 0.00991065 0.000178073 1.70207e-05
 0.562116 0.420933 0.0167669 0.000181646 2.82876e-06
 0.482533 0.447303 0.0688623 0.00129019 1.1356e-05
 0.558344 0.361749 0.0743834 0.00544136 8.2332e-05
 0.406109 0.496098 0.0882535 0.00900385 0.000535627
 0.448876 0.383111 0.152547 0.0142345 0.001231
 0.5346 0.354624 0.0910152 0.018282 0.00147913
 0.39968 0.460556 0.120136 0.0167238 0.00290397
 0.492554 0.337852 0.146313 0.0206025 0.00267879
 0.541001 0.355707 0.0822651 0.0186605 0.00236632
 0.148185 0.671348 0.157381 0.0191785 0.00390782
 0.392264 0.199038 0.357563 0.0457949 0.00534025
 0.0491057 0.711008 0.116663 0.110605 0.0126171
pobs_PELACES
 0 0 0 0 0
 0 0 0 0 0
 0 0 0 0 0
 0 0 0 0 0
 0 0 0 0 0
 0 0 0 0 0
 0 0 0 0 0
 0 0 0 0 0
 0 0 0 0 0
 0 0 0 0 0
 0.450072 0.473896 0.0757376 0.000293798 0
 0 0 0 0 0
 0.463077 0.371075 0.160297 0.00555027 0
 0.529543 0.364841 0.0842815 0.0213345 0
 0.631943 0.363953 0.00410389 0 0
 0.735681 0.248677 0.0153453 0.000297389 0
 0.695825 0.281241 0.0229344 0 0
 0.275771 0.60734 0.115278 0.00161068 0
 0 0 0 0 0
 0.896147 0.0623911 0.0374545 0.00400742 0
 0.803859 0.145111 0.0509908 3.86294e-05 0
 0.739449 0.233085 0.0266225 0.000797448 4.60066e-05
 0.878498 0.100942 0.0204185 0.000141795 0
 0.694673 0.275183 0.0284847 0.00165964 0
 0.469039 0.446079 0.0841089 0.000773354 0
 0.822795 0.102175 0.0682046 0.00682512 0
 0 0 0 0 0
ppred_PELACES
 0.0547476 0.560333 0.335063 0.0498529 2.90585e-06
 0.125291 0.0996103 0.52354 0.221643 0.0299155
 0.0588222 0.301906 0.101624 0.374822 0.162826
 0.434051 0.101527 0.200818 0.0457987 0.217806
 0.850255 0.10555 0.0112319 0.0152328 0.0177305
 0.398154 0.566116 0.0281299 0.00209723 0.00550311
 0.889881 0.0737567 0.0349246 0.00115947 0.000278372
 0.655497 0.332232 0.0092422 0.00292098 0.000108372
 0.735424 0.227082 0.0366111 0.000680478 0.000201843
 0.763733 0.211729 0.0221271 0.00235934 5.11803e-05
 0.557496 0.401514 0.0380408 0.00268445 0.000264818
 0.60031 0.319625 0.0750084 0.00472636 0.000331091
 0.850173 0.128702 0.0181326 0.00282054 0.000171934
 0.896145 0.101009 0.00258251 0.000229078 3.41429e-05
 0.893703 0.104667 0.00160312 2.43519e-05 2.23405e-06
 0.750674 0.243361 0.00591025 5.43629e-05 8.12623e-07
 0.689722 0.283115 0.0267344 0.000425336 3.59353e-06
 0.734209 0.233595 0.030286 0.00188263 2.73433e-05
 0.562468 0.388185 0.0452007 0.00392235 0.000223982
 0.642726 0.280108 0.071062 0.00563616 0.000467871
 0.672154 0.272489 0.0467452 0.00799066 0.000620586
 0.54487 0.379931 0.066068 0.00782636 0.00130452
 0.6628 0.255239 0.0722303 0.00865053 0.00107967
 0.693149 0.259068 0.0392818 0.00757916 0.000922582
 0.231367 0.653029 0.10285 0.0106674 0.00208649
 0.595977 0.173818 0.20533 0.0223703 0.00250409
 0.109764 0.74587 0.0762402 0.0614025 0.00672345
pobs_pel_tallas
 0 0 0 0 0 0 0 0 0 0 0 0 0 0 0 0 0 0 0 0 0 0 0 0 0 0 0 0 0 0 0 0 0 0 0 0
 0 0 0 0 0 0 0 0 0 0 0 0 0 0 0 0 0 0 0 0 0 0 0 0 0 0 0 0 0 0 0 0 0 0 0 0
 0 0 0 0 0 0 0 0 0 0 0 0 0 0 0 0 0 0 0 0 0 0 0 0 0 0 0 0 0 0 0 0 0 0 0 0
 0 0 0 0 0 0 0 0 0 0 0 0 0 0 0 0 0 0 0 0 0 0 0 0 0 0 0 0 0 0 0 0 0 0 0 0
 0 0 0 0 0 0 0 0 0 0 0 0 0 0 0 0 0 0 0 0 0 0 0 0 0 0 0 0 0 0 0 0 0 0 0 0
 0 0 0 0 0 0 0 0 0 0 0 0 0 0 0 0 0 0 0 0 0 0 0 0 0 0 0 0 0 0 0 0 0 0 0 0
 0 0 0 0 0 0 0 0 0 0 0 0 0 0 0 0 0 0 0 0 0 0 0 0 0 0 0 0 0 0 0 0 0 0 0 0
 0 0 0 0 0 0 0 0 0 0 0 0 0 0 0 0 0 0 0 0 0 0 0 0 0 0 0 0 0 0 0 0 0 0 0 0
 0 0 0 0 0 0 0 0 0 0 0 0 0 0 0 0 0 0 0 0 0 0 0 0 0 0 0 0 0 0 0 0 0 0 0 0
 0 0 0 0 0 0 0 0 0 0 0 0 0 0 0 0 0 0 0 0 0 0 0 0 0 0 0 0 0 0 0 0 0 0 0 0
 0 0 0 0 0 0 0 0 1.78061e-05 0.00172719 0.00360574 0.0105946 0.0120993 0.0124554 0.0147524 0.0171206 0.0266825 0.0428682 0.0675386 0.121331 0.153587 0.119568 0.100827 0.0573624 0.0630603 0.0341343 0.0324427 0.0444173 0.0211091 0.0280891 0.0125444 0.00206551 0 0 0 0
 0 0 0 0 0 0 0 0 0 0 0 0 0 0 0 0 0 0 0 0 0 0 0 0 0 0 0 0 0 0 0 0 0 0 0 0
 0 0 0 0 0 0 0.0133647 0.0140871 0.0187388 0.0205184 0.03894 0.0496705 0.03968 0.0493445 0.0407372 0.0367815 0.0215668 0.0243155 0.0234873 0.0199281 0.019796 0.0243948 0.0301388 0.0376714 0.0412746 0.0863199 0.0771752 0.113111 0.0741005 0.0525337 0.0229764 0.00759418 0.00175318 0 0 0
 0 0 0 0 0 0 0 0 0 0 0.00219441 0.00772107 0.0458388 0.0604681 0.0671733 0.0775358 0.0609151 0.0617685 0.073594 0.0568108 0.0755445 0.0548602 0.0670107 0.0636378 0.0643287 0.046367 0.0373049 0.0286899 0.0247887 0.0153202 0.00654259 0.00121912 0.000365735 0 0 0
 0 0 0 0 0 0 0 0 0 0 0 0 0.000112435 0.00938835 0.0111873 0.0202946 0.0414886 0.0713402 0.111592 0.104902 0.108894 0.110636 0.117776 0.105296 0.107544 0.0401394 0.0192827 0.0124803 0.00416011 0.0028671 0.000618394 0 0 0 0 0
 0 0 0 0 0 0 0 0 0 0 0.00291406 0.0102884 0.027416 0.0768956 0.0749926 0.110853 0.0956884 0.0897413 0.0766577 0.0534642 0.0500743 0.0551293 0.0594112 0.0620874 0.0668451 0.0424026 0.0208742 0.0120726 0.0048766 0.00582813 0.00118941 0.000297354 0 0 0 0
 0 0.00264628 0.0354308 0.0461629 0.0458689 0.0383711 0.0214643 0.0164657 0.0346957 0.0420465 0.0363128 0.0245516 0.0311673 0.0291091 0.0169068 0.0133784 0.00837989 0.0085269 0.0148486 0.0160247 0.0276389 0.0546898 0.0760071 0.122758 0.109233 0.0665981 0.0333725 0.0166128 0.00676272 0.00308733 0.000882094 0 0 0 0 0
 0 0 0 0 0 0 0 0.000805153 0.000690131 0.00759144 0.0133425 0.0154129 0.00931677 0.000345066 0.00356568 0.00563607 0.00851162 0.0253048 0.0502646 0.0516448 0.0657925 0.0565908 0.0611916 0.0827007 0.0866115 0.110766 0.145733 0.0935128 0.0569358 0.0249597 0.0138026 0.00621118 0.00161031 0.00115022 0 0
 0 0 0 0 0 0 0 0 0 0 0 0 0 0 0 0 0 0 0 0 0 0 0 0 0 0 0 0 0 0 0 0 0 0 0 0
 0.00147267 0.00158595 0.00478618 0.00569244 0.00954404 0.0108468 0.00647125 0.017049 0.0510054 0.094081 0.124002 0.0959785 0.0687766 0.0820023 0.061753 0.0591476 0.0492212 0.0479892 0.0443925 0.0268479 0.0217502 0.0140895 0.0121071 0.0120363 0.00920419 0.00665534 0.0049561 0.00860946 0.00930331 0.0156896 0.0114698 0.00855282 0.00243557 0.00046729 0 2.83206e-05
 0 0 0 0 0.000772559 0.00158375 0.000888443 0.00281984 0.00712685 0.0440552 0.0773331 0.111326 0.0921469 0.0852325 0.0710754 0.0886704 0.0786465 0.0553345 0.0373146 0.0185414 0.00753245 0.00457741 0.012979 0.0271748 0.0457355 0.0583668 0.034881 0.0177882 0.00938659 0.00492506 0.0015258 0.00185414 0.000309023 5.79419e-05 3.86279e-05 0
 0 0.00173294 0.00326652 0 0.00397197 0.00683976 0.00946217 0.0152591 0.00757587 0.0136028 0.0228656 0.0392903 0.0559909 0.0764795 0.0681675 0.0726916 0.0566044 0.0477403 0.0527397 0.0444891 0.0609904 0.0582453 0.0661739 0.0445044 0.0529084 0.0360697 0.0280645 0.0235558 0.0158879 0.00826598 0.00280645 0.00217768 0.000904811 0.00058276 9.20147e-05 0
 0 0 0 0 0 0 0 0 0 0 0 0 0 0 0 0 0 0 0 0 0 0 0 0 0 0 0 0 0 0 0 0 0 0 0 0
 0 0 0 0 0 0 0 0 0 0 0 0 0 0 0 0 0 0 0 0 0 0 0 0 0 0 0 0 0 0 0 0 0 0 0 0
 0 0 0 0 0 0 0 0 0 0 0 0 0 0 0 0 0 0 0 0 0 0 0 0 0 0 0 0 0 0 0 0 0 0 0 0
 0 0 0 0 0 0 0 0 0 0 0 0 0 0 0 0 0 0 0 0 0 0 0 0 0 0 0 0 0 0 0 0 0 0 0 0
 0 0 0 0 0 0 0 0 0 0 0 0 0 0 0 0 0 0 0 0 0 0 0 0 0 0 0 0 0 0 0 0 0 0 0 0
ppred_pel_tallas
 1.06652e-16 2.4234e-06 1.41354e-05 6.70104e-05 0.000257688 0.000803293 0.00202966 0.00415756 0.00690913 0.00933182 0.0102948 0.00941393 0.0074664 0.00582834 0.00558506 0.00717463 0.0106173 0.0158266 0.0226878 0.0309615 0.0401783 0.0496205 0.0584052 0.0656423 0.0706162 0.0729295 0.0725657 0.0698481 0.0653226 0.0596077 0.0532662 0.0467309 0.0402929 0.0341308 0.0283576 0.0230564
 1.16478e-16 5.48096e-06 3.21278e-05 0.000152641 0.000587545 0.00183205 0.00462768 0.00946991 0.0157018 0.0211005 0.022997 0.02037 0.0147688 0.00900341 0.00510599 0.00354947 0.00386234 0.00548783 0.00814823 0.0117935 0.0164456 0.022091 0.0286304 0.0358614 0.0434798 0.0510921 0.0582399 0.0644337 0.0691997 0.0721339 0.072959 0.0715711 0.068066 0.0627324 0.0560154 0.0484523
 1.22029e-16 2.58923e-06 1.51362e-05 7.18283e-05 0.00027634 0.000861538 0.00217647 0.00445588 0.00739596 0.00996246 0.01092 0.00982011 0.00744024 0.0051741 0.00407551 0.00448521 0.00630166 0.00935486 0.0135406 0.0187631 0.0248467 0.0315005 0.0383445 0.0449763 0.0510473 0.0563184 0.0606751 0.0640954 0.0665918 0.068151 0.068703 0.0681294 0.066309 0.0631759 0.0587722 0.0532698
 1.14635e-16 1.89434e-05 0.000111166 0.000528405 0.00203434 0.00634384 0.016024 0.0327875 0.0543499 0.0729937 0.0794403 0.0700928 0.0502208 0.0294051 0.0144583 0.00670968 0.00413665 0.00436431 0.00597302 0.00838737 0.0114176 0.0149668 0.0189232 0.0231423 0.0274568 0.03169 0.0356637 0.0391995 0.0421187 0.0442464 0.0454252 0.0455366 0.0445274 0.0424276 0.039358 0.0355197
 1.01546e-16 3.7092e-05 0.000217714 0.00103495 0.00398465 0.0124258 0.0313865 0.0642201 0.106449 0.14295 0.155535 0.13714 0.0980519 0.0569871 0.0272139 0.0112319 0.00494946 0.00356626 0.00414973 0.00543747 0.00696163 0.00849605 0.00986151 0.0108996 0.0114961 0.0116057 0.0112602 0.0105559 0.00962548 0.00860338 0.00759756 0.00667405 0.00585677 0.00513828 0.00449554 0.00390406
 1.00913e-16 1.7397e-05 0.000102045 0.000484945 0.00186685 0.0058214 0.0147049 0.030092 0.0498949 0.06705 0.0730759 0.0647251 0.0469142 0.0285529 0.0160479 0.0107954 0.0110979 0.0148548 0.0206886 0.0277801 0.0354238 0.0428003 0.0489939 0.0531481 0.0546587 0.0533216 0.0493835 0.0434727 0.0364393 0.0291572 0.0223527 0.0165025 0.0118148 0.0082754 0.00572884 0.00395951
 1.00573e-16 3.88187e-05 0.000227854 0.00108316 0.00417028 0.0130047 0.0328487 0.0672118 0.111407 0.149604 0.162767 0.143496 0.102553 0.0595144 0.028255 0.0113754 0.00457864 0.00283119 0.00306486 0.00397454 0.00510377 0.00626314 0.00731823 0.00815029 0.00866841 0.00882683 0.00863264 0.00813952 0.00743096 0.00659889 0.00572506 0.00487017 0.0040716 0.00334763 0.00270436 0.00214204
 1.00345e-16 2.86089e-05 0.00016789 0.000798028 0.00307237 0.00958085 0.0242007 0.0495192 0.0820888 0.110259 0.120025 0.10597 0.0760726 0.0448313 0.0225681 0.0113174 0.00802799 0.0090666 0.0121653 0.0162344 0.0206707 0.0249477 0.0285195 0.030883 0.0316859 0.0308128 0.0284144 0.024866 0.0206736 0.016356 0.0123435 0.0089173 0.00619843 0.00417503 0.00275037 0.0017916
 1.00627e-16 3.20899e-05 0.000188336 0.000895252 0.00344675 0.0107483 0.0271495 0.055552 0.0920853 0.123673 0.134594 0.118752 0.0850742 0.0497855 0.0244145 0.0111832 0.00661091 0.00658557 0.00857056 0.0114145 0.0145842 0.0176945 0.020367 0.0222525 0.0230987 0.0228082 0.0214607 0.0192864 0.0166058 0.0137537 0.011013 0.00857555 0.00653465 0.0049017 0.00363569 0.00267234
 1.00467e-16 3.33236e-05 0.000195581 0.000929697 0.00357938 0.0111619 0.0281942 0.0576894 0.0956275 0.128428 0.139763 0.123298 0.0882989 0.0516082 0.025188 0.0113337 0.00641873 0.00616299 0.00792929 0.0105292 0.0134287 0.0162587 0.0186651 0.0203239 0.0210045 0.0206231 0.0192628 0.0171481 0.014587 0.0118986 0.00935018 0.00712021 0.00529089 0.00386504 0.00279468 0.00200994
 1.00776e-16 2.43384e-05 0.000142812 0.000678791 0.00261326 0.0081491 0.0205843 0.0421203 0.0698273 0.0938005 0.102138 0.0902464 0.0649356 0.0385708 0.0199772 0.0109397 0.00891739 0.010859 0.0148407 0.0198895 0.0253866 0.0307245 0.0352483 0.0383466 0.0395836 0.0388034 0.0361673 0.0321053 0.0272063 0.0220793 0.0172341 0.0130103 0.00956301 0.00689537 0.00491275 0.00347829
 1.01347e-16 2.62021e-05 0.000153761 0.000730858 0.00281376 0.00877437 0.0221636 0.045351 0.0751799 0.100981 0.109931 0.0970714 0.069714 0.0411438 0.0208242 0.0106322 0.0077895 0.00898584 0.0121594 0.0163218 0.0209217 0.0254666 0.0294343 0.0323307 0.033792 0.0336666 0.0320459 0.0292313 0.0256509 0.0217566 0.0179341 0.0144503 0.0114424 0.00894114 0.00690907 0.00527856
 1.00405e-16 3.70894e-05 0.000217697 0.00103486 0.0039843 0.0124247 0.0313837 0.0642147 0.106441 0.142941 0.155531 0.137148 0.0980852 0.0570615 0.0273524 0.0114665 0.00532072 0.00411981 0.00492832 0.00646986 0.00825 0.0100051 0.0115129 0.0125749 0.0130489 0.0128809 0.0121171 0.010889 0.00937873 0.00777572 0.00623944 0.0048771 0.00373958 0.00283135 0.00212741 0.00159016
 1.0008e-16 3.90929e-05 0.000229461 0.00109079 0.00419968 0.0130964 0.0330802 0.0676857 0.112193 0.150662 0.163923 0.144528 0.103318 0.060014 0.0285954 0.0116895 0.00497547 0.00338553 0.00382193 0.00495024 0.0062778 0.00757147 0.00865168 0.00936351 0.00959977 0.00932557 0.00858715 0.00749924 0.00621629 0.00489674 0.00367202 0.0026281 0.00180195 0.00118992 0.000762289 0.000478142
 1.00058e-16 3.89865e-05 0.000228837 0.00108782 0.00418824 0.0130607 0.0329902 0.0675014 0.111888 0.150252 0.163479 0.144138 0.103044 0.0598641 0.0285416 0.0116979 0.00502549 0.0034713 0.00394567 0.00511578 0.00648631 0.00781909 0.00892865 0.0096547 0.00988657 0.00958881 0.00881029 0.00767097 0.00633198 0.00495846 0.0036872 0.0026075 0.00175743 0.00113255 0.000701126 0.000419706
 1.00166e-16 3.27554e-05 0.000192242 0.000913819 0.00351823 0.0109713 0.0277126 0.0567042 0.0939954 0.126239 0.137388 0.121222 0.0868528 0.0508446 0.0249669 0.0114895 0.00685979 0.00687764 0.00894642 0.0118779 0.0151095 0.0182269 0.0208244 0.0225326 0.0230938 0.0224244 0.0206361 0.018006 0.0149069 0.0117211 0.008766 0.00624902 0.00425944 0.00278833 0.00176375 0.0010866
 1.00487e-16 3.00993e-05 0.000176644 0.000839658 0.00323268 0.0100808 0.0254633 0.0521023 0.086369 0.116002 0.126262 0.11144 0.0799204 0.0469403 0.0233369 0.0112238 0.00736485 0.00792147 0.0105118 0.0140226 0.0178856 0.0216409 0.0248209 0.0269932 0.0278507 0.0272839 0.0254068 0.022524 0.0190517 0.0154208 0.0119922 0.00900624 0.00657329 0.0046956 0.00330616 0.00230766
 1.00573e-16 3.20371e-05 0.000188026 0.000893776 0.00344106 0.0107306 0.0271048 0.0554604 0.0919337 0.12347 0.134374 0.118562 0.0849455 0.0497254 0.0244131 0.0112294 0.00670144 0.00672483 0.00876573 0.0116703 0.0148985 0.0180554 0.0207524 0.0226313 0.0234355 0.0230691 0.0216194 0.0193293 0.0165342 0.0135825 0.0107675 0.0082862 0.00623172 0.00461097 0.00337584 0.00245412
 1.00914e-16 2.45547e-05 0.000144083 0.000684836 0.00263654 0.00822169 0.0207676 0.0424954 0.0704485 0.0946337 0.103041 0.0910356 0.0654839 0.0388574 0.0200541 0.0108685 0.00873077 0.0105593 0.0144151 0.0193259 0.0246853 0.0299051 0.0343522 0.0374341 0.0387264 0.0380731 0.0356228 0.0317831 0.0271149 0.0222005 0.0175281 0.013425 0.0100434 0.00739151 0.00538519 0.00390029
 1.01316e-16 2.805e-05 0.000164613 0.000782461 0.00301246 0.00939401 0.0237287 0.0485531 0.0804861 0.108103 0.117669 0.103869 0.0745181 0.0438234 0.0218928 0.010708 0.00726725 0.00800751 0.0107202 0.014373 0.0184324 0.0224559 0.025984 0.0285829 0.0299316 0.0298937 0.0285445 0.0261424 0.0230569 0.0196789 0.0163432 0.013282 0.0106169 0.00837785 0.00653673 0.00503981
 1.01056e-16 2.93329e-05 0.000172146 0.000818272 0.00315034 0.009824 0.0248148 0.0507753 0.0841691 0.113047 0.123046 0.108601 0.0778843 0.0457441 0.0227423 0.0109399 0.00718534 0.00774177 0.010294 0.0137652 0.0176113 0.0213939 0.024665 0.027006 0.0281133 0.0278672 0.026358 0.0238553 0.0207359 0.0173935 0.0141605 0.011262 0.00880745 0.00681133 0.00522806 0.00398651
 1.01392e-16 2.37871e-05 0.000139577 0.000663415 0.00255406 0.00796451 0.020118 0.0411661 0.0682451 0.0916744 0.099821 0.0881943 0.0634487 0.0376673 0.0194729 0.0106081 0.00858879 0.0104356 0.0142759 0.0191726 0.0245406 0.0298093 0.0343608 0.0376127 0.039141 0.0387792 0.0366535 0.0331407 0.0287676 0.0240848 0.0195577 0.0155019 0.0120717 0.00928789 0.00708708 0.00536939
 1.01457e-16 2.89244e-05 0.000169749 0.00080688 0.00310648 0.00968724 0.0244693 0.0500683 0.0829969 0.111472 0.121329 0.10708 0.076781 0.0450716 0.0223633 0.0106852 0.00692816 0.00740843 0.00984939 0.0132019 0.0169482 0.0206792 0.0239755 0.0264412 0.0277807 0.0278645 0.0267541 0.0246757 0.0219567 0.0189449 0.0159389 0.0131476 0.0106819 0.00857333 0.00680318 0.00533092
 1.00946e-16 3.02478e-05 0.000177518 0.000843817 0.0032487 0.0101307 0.0255895 0.0523604 0.086796 0.116573 0.126878 0.111971 0.0802726 0.0470897 0.0233052 0.0110338 0.00701515 0.00738777 0.00976244 0.0130364 0.0166671 0.0202315 0.0233023 0.0254825 0.0264853 0.0262001 0.0247166 0.0222957 0.0193 0.0161069 0.0130343 0.0102963 0.00799497 0.00614062 0.00468557 0.00355764
 1.02137e-16 1.01281e-05 5.93613e-05 0.000282004 0.00108544 0.00338459 0.00854988 0.017499 0.0290246 0.0390341 0.0426213 0.0379388 0.0279077 0.0178002 0.0114661 0.00986654 0.0121638 0.0172445 0.024324 0.0328034 0.0419866 0.0509643 0.0586874 0.0641578 0.0666514 0.0658887 0.0620964 0.0559335 0.0483166 0.0402018 0.0323956 0.0254431 0.0196068 0.0149164 0.0112533 0.00843486
 1.03858e-16 2.60076e-05 0.000152631 0.000725517 0.00279324 0.00871042 0.0220019 0.0450192 0.074626 0.100226 0.109079 0.0962482 0.0689691 0.0403967 0.0198826 0.00924271 0.00567955 0.00589371 0.00787305 0.0107364 0.0141063 0.0177175 0.0212898 0.024531 0.0271804 0.0290517 0.0300561 0.0301986 0.0295547 0.0282392 0.0263784 0.0240963 0.0215125 0.0187454 0.0159159 0.0131444
 1.0375e-16 4.8292e-06 2.82442e-05 0.000134051 0.000515754 0.00160803 0.00406256 0.00831828 0.0138102 0.0186125 0.0204276 0.0184311 0.0140936 0.010041 0.00826618 0.00942038 0.0132976 0.0195035 0.0276747 0.0373497 0.0478041 0.0580209 0.0668135 0.0730547 0.0759331 0.0751451 0.0709629 0.0641461 0.0557387 0.0468184 0.0382806 0.0307134 0.0243794 0.0192774 0.0152464 0.0120652
pSPR Fmed_Fpbrs
0.505154   0.6 0.325
Fs Fmed_Fpbrs
0.64   0.427409 1.48134
SSBpbr Bo_Bmed_Bpbrs
544648  247899  299556 149778
Ro
18033.7
SPR SPRFo_SPRFmed_SPRFpbrs
372473 188156 121054
log_Ro
9.62
likeval ReclasPelacesDesembMPH_pf_preclas_ppelaces_ptallas_desvR_qrecl_qpela
 74.202 12.3718 0.262485 0.000509641 394.355 223.409 58.7579 0 42.8515 0.000192728 0.000462249 7.38148e-15 0 0 0
q_reclas_q_pelaces
7.15085 21.302
M
0.7
N
 10150.2 40878.9 15903 2092.16 0.118755
 14655.6 4966.01 17346 6496.66 853.913
 1673.01 7098.56 1894.79 6210.47 2627.51
 4506.73 745.482 1121.62 227.076 1051.72
 38554.4 2048.03 144.992 173.968 197.192
 12903.7 18664.7 777.288 51.5705 131.794
 64819.4 5601.53 2237.6 66.1189 15.4606
 55701.4 28051.3 649.913 182.761 6.6039
 62290.5 24252 3470.04 57.4789 16.6056
 114090 26319.4 2184.98 207.045 4.37421
 63876.3 50795.5 4122.48 259.029 24.8873
 48516.6 27444.4 5460.67 306.29 20.8972
 57925.2 20946.4 3105.53 432.371 25.6726
 29013.6 22583.1 806.406 64.4855 9.36326
 12236.4 9896.19 211.696 2.89899 0.259093
 9097.36 4173.67 92.7679 0.761038 0.0110801
 6902.66 3788.42 322.49 4.57428 0.037641
 8828 2895.1 315.689 17.4649 0.24705
 7651.62 3825.93 341.061 26.2772 1.46137
 8513.6 3466.62 720.544 50.8275 4.10932
 15497.7 3735.59 465.424 70.544 5.33557
 16935.1 7198.23 915.163 96.1403 15.6063
 27664.7 7841.26 1705.98 181.422 22.0523
 46915.7 12508.8 1446.07 247.697 29.364
 13318.8 21297 2404.89 221.092 42.1144
 30761.3 6223.98 5564.03 538.056 58.6565
 1785.15 14013 1241.85 890.813 95.0021
pred_Ctot
 107.9 4316.84 2051.21 271.073 0.0153881
 259.908 839.936 3546.49 1333.94 175.346
 124.323 3709.41 1117.47 3672.09 1553.66
 276.487 343.769 591.708 120.141 556.473
 697.385 352.601 30.16 36.3409 41.196
 1176.73 11006.2 509.162 33.8556 86.5258
 6039.13 3342.43 1480.63 43.8457 10.2529
 4973.86 16347.8 421.452 118.781 4.29225
 6743.36 15649.2 2452.74 40.7044 11.7599
 8539.7 13815.5 1293.73 122.906 2.59674
 6244.05 31105.7 2788.63 175.581 16.8704
 4593.32 16520 3640.39 204.625 13.9616
 9078.02 15811.7 2491.62 347.321 20.6232
 6675.97 19018 703.572 56.3014 8.17506
 2815.56 8333.9 184.701 2.53107 0.226214
 1066.8 2798.32 67.6811 0.556195 0.00809806
 778.959 2494.48 231.799 3.29383 0.0271054
 814.374 1718.1 207.922 11.528 0.163076
 484.906 1803.37 183.509 14.1788 0.788576
 717.832 1954.96 454.198 32.1145 2.59653
 723.53 1416.79 205.381 31.2324 2.36241
 826.584 2821.84 416.354 43.8811 7.12363
 1789.62 3747.15 929.291 99.103 12.0469
 2912.42 5814.64 768.392 131.996 15.6489
 566.712 7527.99 994.075 91.7034 17.4692
 1837.7 2818.42 2887.55 280.055 30.5321
 180.917 8745.26 853.583 613.526 65.4331
F
 0.0148789 0.157253 0.195218 0.196181 0.196201
 0.0249324 0.263506 0.327124 0.328737 0.32877
 0.108349 1.14512 1.42158 1.42859 1.42873
 0.0886904 0.937355 1.16366 1.1694 1.16951
 0.0254356 0.268825 0.333727 0.335372 0.335406
 0.134474 1.42123 1.76436 1.77306 1.77323
 0.13757 1.45396 1.80498 1.81388 1.81406
 0.131506 1.38987 1.72542 1.73393 1.7341
 0.161502 1.70689 2.11898 2.12943 2.12965
 0.109175 1.15385 1.43242 1.43949 1.43963
 0.144788 1.53024 1.89968 1.90904 1.90924
 0.139938 1.47898 1.83604 1.8451 1.84528
 0.241951 2.55714 3.1745 3.19015 3.19047
 0.375614 3.96981 4.92822 4.95253 4.95302
 0.375614 3.9698 4.92822 4.95253 4.95302
 0.176035 1.86048 2.30965 2.32104 2.32127
 0.168888 1.78495 2.21588 2.22681 2.22703
 0.136128 1.43871 1.78606 1.79486 1.79504
 0.0917366 0.969549 1.20363 1.20956 1.20968
 0.123759 1.30799 1.62377 1.63178 1.63194
 0.066853 0.706559 0.877141 0.881466 0.881555
 0.0699881 0.739693 0.918275 0.922803 0.922896
 0.0937234 0.990548 1.22969 1.23576 1.23588
 0.0897856 0.948929 1.17803 1.18384 1.18395
 0.0607676 0.642243 0.797298 0.801229 0.80131
 0.0862733 0.911809 1.13194 1.13753 1.13764
 0.150478 1.59038 1.97434 1.98407 1.98427
Np
 12026.4 5781.66 268.866 460.399 36.7161
YTP_r0W_actual
 336.375 64391.6 9953.79 9155.57 1083.64
YTP_p0W_proyectada
 2266.13 3504.41 11369.8 880.071 741.208
 2266.13 26567.5 2155.04 4731.88 418.8
CTP_r0_actual
 41.0214 2981.09 317 228.318 24.3514
CTP_p0_proyectada
 276.358 162.241 362.095 21.9469 16.6564
 276.358 1229.98 68.6319 118.002 9.41124
Wmedp
 8.2 21.6 31.4 40.1 44.5
nmprior
 10.8 10.6 4.6 0
nm_flota  nm_reclas  nm_pelaces    nm_pelaL
inf 17.4773 15.8907 48.0397
cv_recla  cv_pelaces  cv_mph
0.745999 0.385308 0.603349
 ------------------------------------------------
Talla a la edad & desviaci?n 
 7.2 14.2025 17.0495 18.207 18.6776
 1.08 2.13037 2.55742 2.73105 2.80164
