years
 1997 1998 1999 2000 2001 2002 2003 2004 2005 2006 2007 2008 2009 2010 2011 2012 2013 2014 2015 2016 2017 2018 2019 2020 2021 2022 2023
reclasobs
 0 0 0 370054 412103 1.49427e+06 250295 1.28982e+06 931140 785840 897777 1.04006e+06 184774 17550 25797 100020 73551 82996 120727 218422 84188 347160 605670 569463 516374 1.08416e+06 1.01767e+06
reclaspred
 1.42708e+06 259936 524391 185787 274977 358424 724050 635976 692549 885313 932525 673439 365369 148244 83860.1 80504.7 83977.9 110754 135572 146436 222268 237063 379602 496200 757749 674687 349551
pelacesobs
 0 0 0 0 0 0 0 0 0 2.06254e+06 1.5e+06 0 1.87456e+06 323000 250000 174000 83755 137374 0 501740 490994 745055 786931 1.00524e+06 1.33801e+06 1.41789e+06 0
pelacespred
 3.22819e+06 960726 598451 485163 791503 610359 2.09736e+06 1.77598e+06 1.82394e+06 2.48102e+06 2.04694e+06 1.50495e+06 888769 291308 168593 163875 175275 250317 289928 298735 583077 561966 689726 1.09149e+06 1.54638e+06 1.4219e+06 567191
mphobs
 0 0 0 0 0 112323 0 153150 637223 0 255016 313432 73983 77613 109348 50772 17779 17303 59886 28197 0 207744 136588 643089 65757 70829 0
mphpred
 346439 146207 138613 66339.9 58310.3 133792 157769 271033 244878 279622 368388 254560 154309 90944.8 43235.7 31217 28637.6 33775.7 44589 44451 59365 79277.1 92985.2 131791 217898 192646 135607
desembarqueobs
 350755 77701 442110 56441 14545 235359 269955 359681 431902 328805 639364 411747 362871 311530 167758 66681 60226 58785 57116 73181 50977 67692 138656 160484 209506 203330 245020
desembarquepred
 350731 77665.1 441608 56424.8 14544.1 235265 269944 359212 431520 328570 638385 411185 362280 311034 167277 66621.1 60204.2 58716.7 57046.6 73111.7 50965 67634 138567 160403 209353 203139 244801
Reclutas
 20216.2 44339.2 5533.06 9479.78 37863.4 17153.4 63817.7 58749.3 71727.3 114850 65924.3 46350.1 55182.2 29116.6 12707.7 9820.25 7218.64 9257.24 8291.02 10448.2 16793.5 19144.3 31718.4 50022 17560.2 28851 6191.76
log_desv_Rt
 -0.12576 0.659623 -1.4215 -0.883083 0.501741 -0.29005 1.02379 0.941035 1.14063 1.61139 1.05626 0.703978 0.878395 0.239062 -0.59004 -0.847798 -1.15558 -0.906839 -1.01707 -0.78582 -0.31125 -0.180241 0.324653 0.780218 -0.266608 0.229902 -1.30903
SSB
 561791 237091 224777 107578 94557.1 216959 255841 439512 397099 453440 597385 412799 250230 147478 70111.9 50622.1 46439.2 54771.2 72306.4 72082.6 96267.5 128557 150787 213715 353348 312398 219903
BT
 1.23031e+06 370210 386867 183980 282540 337639 1.07781e+06 990030 1.07742e+06 1.20338e+06 1.212e+06 841154 689377 397718 203169 110804 109675 136179 130282 153251 235892 208159 298253 475880 543834 536623 331121
Ftot
 0.687474 0.96207 1.99018 0.883155 0.206448 1.67279 1.39042 1.76447 1.97816 1.2843 1.88038 1.68951 2.90903 4.95303 4.95303 2.35043 2.11486 1.67361 1.20134 1.47162 0.742602 0.832314 1.06795 1.02872 0.755649 0.86722 1.71298
BD_Bspro_t
 0.926737 0.625968 0.511433 0.203969 0.279971 0.51874 0.415629 0.503401 0.432565 0.422285 0.453455 0.303158 0.209653 0.149441 0.0865476 0.0774211 0.0981237 0.156739 0.241601 0.288063 0.381938 0.517294 0.513785 0.526424 0.57658 0.472102 0.380375
BD_Bspro
 1.18645 0.500714 0.474708 0.227194 0.199696 0.458197 0.540312 0.928207 0.838635 0.957623 1.26162 0.871792 0.528462 0.311459 0.14807 0.106909 0.0980753 0.115672 0.152704 0.152232 0.203308 0.271501 0.318447 0.451345 0.746237 0.659755 0.464414
BD_Bo
 1.16763 0.492773 0.46718 0.223591 0.196529 0.45093 0.531743 0.913486 0.825335 0.942436 1.24161 0.857966 0.520081 0.30652 0.145721 0.105214 0.0965199 0.113837 0.150283 0.149817 0.200083 0.267195 0.313397 0.444188 0.734403 0.649291 0.457049
BD_Brms
 2.12297 0.895952 0.849418 0.40653 0.357325 0.819873 0.966805 1.66088 1.50061 1.71352 2.25748 1.55994 0.945601 0.557308 0.264948 0.191297 0.175491 0.206977 0.273241 0.272395 0.363788 0.485809 0.569812 0.807614 1.33528 1.18053 0.830997
S_f
 0.0762908 0.655498 0.977696 0.999011 0.999957
 0.0762908 0.655498 0.977696 0.999011 0.999957
 0.0762908 0.655498 0.977696 0.999011 0.999957
 0.0762908 0.655498 0.977696 0.999011 0.999957
 0.0762908 0.655498 0.977696 0.999011 0.999957
 0.0762908 0.655498 0.977696 0.999011 0.999957
 0.0762908 0.655498 0.977696 0.999011 0.999957
 0.0762908 0.655498 0.977696 0.999011 0.999957
 0.0762908 0.655498 0.977696 0.999011 0.999957
 0.0762908 0.655498 0.977696 0.999011 0.999957
 0.0762908 0.655498 0.977696 0.999011 0.999957
 0.0762908 0.655498 0.977696 0.999011 0.999957
 0.0762908 0.655498 0.977696 0.999011 0.999957
 0.0762908 0.655498 0.977696 0.999011 0.999957
 0.0762908 0.655498 0.977696 0.999011 0.999957
 0.0762908 0.655498 0.977696 0.999011 0.999957
 0.0762908 0.655498 0.977696 0.999011 0.999957
 0.0762908 0.655498 0.977696 0.999011 0.999957
 0.0762908 0.655498 0.977696 0.999011 0.999957
 0.0762908 0.655498 0.977696 0.999011 0.999957
 0.0762908 0.655498 0.977696 0.999011 0.999957
 0.0762908 0.655498 0.977696 0.999011 0.999957
 0.0762908 0.655498 0.977696 0.999011 0.999957
 0.0762908 0.655498 0.977696 0.999011 0.999957
 0.0762908 0.655498 0.977696 0.999011 0.999957
 0.0762908 0.655498 0.977696 0.999011 0.999957
 0.0762908 0.655498 0.977696 0.999011 0.999957
Scru_reclas
 0.1786 0.522505 0.84632 0.965175 0.992881
 0.1786 0.522505 0.84632 0.965175 0.992881
 0.1786 0.522505 0.84632 0.965175 0.992881
 0.1786 0.522505 0.84632 0.965175 0.992881
 0.1786 0.522505 0.84632 0.965175 0.992881
 0.1786 0.522505 0.84632 0.965175 0.992881
 0.1786 0.522505 0.84632 0.965175 0.992881
 0.1786 0.522505 0.84632 0.965175 0.992881
 0.1786 0.522505 0.84632 0.965175 0.992881
 0.1786 0.522505 0.84632 0.965175 0.992881
 0.1786 0.522505 0.84632 0.965175 0.992881
 0.1786 0.522505 0.84632 0.965175 0.992881
 0.1786 0.522505 0.84632 0.965175 0.992881
 0.1786 0.522505 0.84632 0.965175 0.992881
 0.1786 0.522505 0.84632 0.965175 0.992881
 0.1786 0.522505 0.84632 0.965175 0.992881
 0.1786 0.522505 0.84632 0.965175 0.992881
 0.1786 0.522505 0.84632 0.965175 0.992881
 0.1786 0.522505 0.84632 0.965175 0.992881
 0.1786 0.522505 0.84632 0.965175 0.992881
 0.1786 0.522505 0.84632 0.965175 0.992881
 0.1786 0.522505 0.84632 0.965175 0.992881
 0.1786 0.522505 0.84632 0.965175 0.992881
 0.1786 0.522505 0.84632 0.965175 0.992881
 0.1786 0.522505 0.84632 0.965175 0.992881
 0.1786 0.522505 0.84632 0.965175 0.992881
 0.1786 0.522505 0.84632 0.965175 0.992881
Scru_pelaces
 0.321194 0.704257 0.922984 0.98369 0.996716
 0.321194 0.704257 0.922984 0.98369 0.996716
 0.321194 0.704257 0.922984 0.98369 0.996716
 0.321194 0.704257 0.922984 0.98369 0.996716
 0.321194 0.704257 0.922984 0.98369 0.996716
 0.321194 0.704257 0.922984 0.98369 0.996716
 0.321194 0.704257 0.922984 0.98369 0.996716
 0.321194 0.704257 0.922984 0.98369 0.996716
 0.321194 0.704257 0.922984 0.98369 0.996716
 0.321194 0.704257 0.922984 0.98369 0.996716
 0.321194 0.704257 0.922984 0.98369 0.996716
 0.321194 0.704257 0.922984 0.98369 0.996716
 0.321194 0.704257 0.922984 0.98369 0.996716
 0.321194 0.704257 0.922984 0.98369 0.996716
 0.321194 0.704257 0.922984 0.98369 0.996716
 0.321194 0.704257 0.922984 0.98369 0.996716
 0.321194 0.704257 0.922984 0.98369 0.996716
 0.321194 0.704257 0.922984 0.98369 0.996716
 0.321194 0.704257 0.922984 0.98369 0.996716
 0.321194 0.704257 0.922984 0.98369 0.996716
 0.321194 0.704257 0.922984 0.98369 0.996716
 0.321194 0.704257 0.922984 0.98369 0.996716
 0.321194 0.704257 0.922984 0.98369 0.996716
 0.321194 0.704257 0.922984 0.98369 0.996716
 0.321194 0.704257 0.922984 0.98369 0.996716
 0.321194 0.704257 0.922984 0.98369 0.996716
 0.321194 0.704257 0.922984 0.98369 0.996716
pf_obs 
 0.256992 0.487395 0.22802 0.0275931 0
 0.321318 0.546541 0.124235 0.00734118 0.000564706
 0.182869 0.594174 0.210203 0.0122559 0.00049798
 0.330522 0.361315 0.267642 0.0388342 0.00168674
 0.649043 0.306663 0.0425973 0.00169635 0
 0.582887 0.30429 0.105238 0.00758474 0
 0.465427 0.430635 0.0974691 0.00646863 0
 0.296916 0.608066 0.0921331 0.00288517 0
 0.311714 0.524322 0.152257 0.0117073 0
 0.15457 0.633149 0.183074 0.0267441 0.00246327
 0.131901 0.49318 0.331252 0.0422183 0.00144891
 0.196976 0.569456 0.194076 0.0375587 0.00193317
 0.518974 0.381816 0.0799577 0.0180837 0.00116848
 0.0928022 0.601141 0.25162 0.0475244 0.00691264
 0.122501 0.610282 0.24278 0.0234846 0.000952079
 0.383417 0.481906 0.127806 0.00687128 0
 0.0376549 0.599619 0.316969 0.0457579 0
 0.0361596 0.667082 0.258105 0.0386534 0
 0.158088 0.579412 0.248529 0.0139706 0
 0.0477256 0.309471 0.559284 0.082774 0.000745712
 0.0406174 0.521527 0.379366 0.0568643 0.0016247
 0.151134 0.462217 0.34131 0.0453401 0
 0.294876 0.26143 0.354403 0.0886775 0.000613685
 0.281977 0.475581 0.204845 0.0348837 0.00271318
 0.0841818 0.532909 0.334909 0.0458182 0.00218182
 0.115287 0.27431 0.454777 0.147771 0.00785563
 0 0 0 0 0
pf_pred 
 0.103468 0.602261 0.260378 0.0338846 7.77567e-06
 0.262183 0.384272 0.274125 0.0705134 0.00890793
 0.038509 0.784622 0.117155 0.0466535 0.0130609
 0.175705 0.303827 0.474185 0.0311814 0.0151014
 0.424766 0.40264 0.0871437 0.0780776 0.00737363
 0.119566 0.756698 0.0969525 0.013682 0.0131015
 0.467281 0.341268 0.177778 0.0108193 0.00285363
 0.248386 0.693919 0.0449454 0.0118741 0.000876437
 0.294503 0.578232 0.122592 0.00367823 0.000995447
 0.337205 0.571743 0.0830152 0.00775584 0.000280984
 0.162451 0.717215 0.111168 0.00838574 0.000780676
 0.17133 0.612844 0.200705 0.0140204 0.00110068
 0.308482 0.528593 0.139831 0.0215441 0.00155019
 0.260237 0.684327 0.0501996 0.00453611 0.000699871
 0.259904 0.706968 0.0326343 0.000451292 4.22029e-05
 0.295112 0.669455 0.0351214 0.000306996 4.16402e-06
 0.224234 0.681299 0.0925147 0.00193638 1.61997e-05
 0.298138 0.576146 0.11873 0.006849 0.000137089
 0.211763 0.668823 0.108217 0.0106014 0.000596152
 0.254018 0.558201 0.171587 0.0147271 0.00146737
 0.288899 0.572085 0.119046 0.0183122 0.00165726
 0.213267 0.616675 0.148857 0.0182344 0.00296604
 0.277935 0.52093 0.173631 0.0241711 0.00333332
 0.29223 0.570091 0.113732 0.020772 0.00317498
 0.0790733 0.739341 0.16028 0.017706 0.00359968
 0.179892 0.357708 0.404327 0.0514446 0.00662908
 0.0547232 0.689544 0.147443 0.0950756 0.0132145
pobs_RECLAS
 0 0 0 0 0
 0 0 0 0 0
 0 0 0 0 0
 0 0 0 0 0
 0.835266 0.146461 0.0176864 0.000547809 3.91292e-05
 0.385257 0.428462 0.181853 0.0044286 0
 0.867414 0.0963971 0.0333333 0.00285562 0
 0.441836 0.489002 0.0689373 0.000224442 0
 0.779404 0.147425 0.0564933 0.0165055 0.000172143
 0.814271 0.122319 0.05973 0.00367925 0
 0.40263 0.566651 0.0304383 0.000280538 0
 0.475488 0.404961 0.113038 0.00651328 0
 0.955842 0.0263864 0.0167828 0.000988607 0
 0.975058 0.0227948 0.00214734 0 0
 0.738997 0.206755 0.0527124 0.00153531 0
 0.850938 0.134255 0.0134407 0.00136685 0
 0.542534 0.407297 0.0501686 0 0
 0.764087 0.199537 0.0359546 0.000420521 0
 0.470689 0.182191 0.310203 0.0369168 0
 0.84361 0.089868 0.0606195 0.00523954 0.000663233
 0.607945 0.314616 0.071237 0.00620181 0
 0.523733 0.453247 0.0230204 0 0
 0.530135 0.295979 0.169645 0.0042399 0
 0.562478 0.366248 0.0663022 0.0049721 0
 0.250443 0.683176 0.0655157 0.000865301 0
 0.195077 0.31981 0.436473 0.0351445 0.0134964
 0.565238 0.351407 0.0832357 0.000118908 0
ppred_RECLAS
 0.254392 0.488752 0.22432 0.0325283 7.6709e-06
 0.513953 0.244488 0.182516 0.0522586 0.00678407
 0.118239 0.718786 0.103974 0.045822 0.0131789
 0.385957 0.217717 0.35716 0.0261509 0.0130149
 0.676869 0.2168 0.0507137 0.0506966 0.00492049
 0.305831 0.594734 0.0758772 0.0118746 0.0116827
 0.73418 0.168699 0.0894369 0.0060459 0.0016385
 0.519996 0.44274 0.0283378 0.00829757 0.000629238
 0.584045 0.342535 0.0704311 0.00233885 0.00065028
 0.614787 0.330679 0.0492318 0.00511195 0.000190299
 0.391923 0.52172 0.0791159 0.00660954 0.000632166
 0.402444 0.441679 0.143837 0.0111416 0.000898672
 0.629233 0.290677 0.0677678 0.0114748 0.000847974
 0.643321 0.338023 0.0167636 0.00163363 0.000258645
 0.640716 0.348238 0.0108676 0.000162078 1.55533e-05
 0.593616 0.387189 0.0190092 0.000183415 2.55553e-06
 0.496398 0.444458 0.0577958 0.00133761 1.14959e-05
 0.5802 0.344499 0.0706865 0.00452188 9.29927e-05
 0.455428 0.459143 0.0766031 0.0083439 0.000482134
 0.520047 0.357207 0.111077 0.010585 0.00108365
 0.548853 0.3576 0.0787887 0.013502 0.00125572
 0.449365 0.425225 0.108184 0.0147587 0.00246702
 0.540432 0.326418 0.113143 0.0175237 0.00248327
 0.557953 0.351708 0.0731404 0.0148648 0.00233476
 0.204747 0.629399 0.144375 0.0177674 0.00371202
 0.392875 0.255104 0.303351 0.042979 0.00569123
 0.157586 0.607979 0.129022 0.09224 0.013172
pobs_PELACES
 0 0 0 0 0
 0 0 0 0 0
 0 0 0 0 0
 0 0 0 0 0
 0 0 0 0 0
 0 0 0 0 0
 0 0 0 0 0
 0 0 0 0 0
 0 0 0 0 0
 0 0 0 0 0
 0.450072 0.473896 0.0757376 0.000293798 0
 0 0 0 0 0
 0.463077 0.371075 0.160297 0.00555027 0
 0.529543 0.364841 0.0842815 0.0213345 0
 0.631943 0.363953 0.00410389 0 0
 0.735681 0.248677 0.0153453 0.000297389 0
 0.695825 0.281241 0.0229344 0 0
 0.275771 0.60734 0.115278 0.00161068 0
 0 0 0 0 0
 0.896147 0.0623911 0.0374545 0.00400742 0
 0.803859 0.145111 0.0509908 3.86294e-05 0
 0.739449 0.233085 0.0266225 0.000797448 4.60066e-05
 0.878498 0.100942 0.0204185 0.000141795 0
 0.694673 0.275183 0.0284847 0.00165964 0
 0.469039 0.446079 0.0841089 0.000773354 0
 0.822795 0.102175 0.0682046 0.00682512 0
 0 0 0 0 0
ppred_PELACES
 0.36268 0.457927 0.15807 0.0213175 4.95049e-06
 0.663622 0.196856 0.107346 0.0285295 0.00364686
 0.219143 0.682519 0.0646486 0.0262556 0.00743324
 0.545746 0.194889 0.235502 0.0160145 0.00784822
 0.759206 0.175199 0.0324402 0.0302621 0.00289282
 0.459535 0.486469 0.0420357 0.00607586 0.00588477
 0.844065 0.111435 0.0412325 0.00257946 0.000688254
 0.675368 0.307592 0.0132048 0.00356879 0.00026642
 0.744408 0.22419 0.0302238 0.000924992 0.000253156
 0.739743 0.233296 0.0245166 0.0023576 8.64108e-05
 0.564227 0.392965 0.0394794 0.00304177 0.000286387
 0.575777 0.342897 0.0754973 0.00540055 0.00042883
 0.812603 0.161344 0.0223386 0.00346326 0.000251853
 0.864463 0.132089 0.00313034 0.000275323 4.28688e-05
 0.861736 0.136203 0.00203119 2.73401e-05 2.58018e-06
 0.756618 0.236014 0.00730235 6.47659e-05 8.88169e-07
 0.672782 0.301352 0.0253222 0.000539593 4.56473e-06
 0.729507 0.235758 0.0327606 0.0019356 3.91868e-05
 0.595406 0.357579 0.042483 0.00428806 0.00024396
 0.675543 0.262497 0.05648 0.004978 0.000501739
 0.664173 0.281406 0.0463583 0.00738562 0.000676399
 0.576137 0.348505 0.0656658 0.00832289 0.00136995
 0.67722 0.249958 0.0625783 0.00898983 0.00125438
 0.685221 0.265935 0.0401113 0.00756341 0.00116973
 0.295623 0.589487 0.100964 0.01155 0.00237622
 0.547076 0.225567 0.197915 0.0260455 0.00339615
 0.277238 0.577806 0.0826948 0.0545873 0.00767385
pobs_pel_tallas
 0 0 0 0 0 0 0 0 0 0 0 0 0 0 0 0 0 0 0 0 0 0 0 0 0 0 0 0 0 0 0 0 0 0 0 0
 0 0 0 0 0 0 0 0 0 0 0 0 0 0 0 0 0 0 0 0 0 0 0 0 0 0 0 0 0 0 0 0 0 0 0 0
 0 0 0 0 0 0 0 0 0 0 0 0 0 0 0 0 0 0 0 0 0 0 0 0 0 0 0 0 0 0 0 0 0 0 0 0
 0 0 0 0 0 0 0 0 0 0 0 0 0 0 0 0 0 0 0 0 0 0 0 0 0 0 0 0 0 0 0 0 0 0 0 0
 0 0 0 0 0 0 0 0 0 0 0 0 0 0 0 0 0 0 0 0 0 0 0 0 0 0 0 0 0 0 0 0 0 0 0 0
 0 0 0 0 0 0 0 0 0 0 0 0 0 0 0 0 0 0 0 0 0 0 0 0 0 0 0 0 0 0 0 0 0 0 0 0
 0 0 0 0 0 0 0 0 0 0 0 0 0 0 0 0 0 0 0 0 0 0 0 0 0 0 0 0 0 0 0 0 0 0 0 0
 0 0 0 0 0 0 0 0 0 0 0 0 0 0 0 0 0 0 0 0 0 0 0 0 0 0 0 0 0 0 0 0 0 0 0 0
 0 0 0 0 0 0 0 0 0 0 0 0 0 0 0 0 0 0 0 0 0 0 0 0 0 0 0 0 0 0 0 0 0 0 0 0
 0 0 0 0 0 0 0 0 0 0 0 0 0 0 0 0 0 0 0 0 0 0 0 0 0 0 0 0 0 0 0 0 0 0 0 0
 0 0 0 0 0 0 0 0 1.78061e-05 0.00172719 0.00360574 0.0105946 0.0120993 0.0124554 0.0147524 0.0171206 0.0266825 0.0428682 0.0675386 0.121331 0.153587 0.119568 0.100827 0.0573624 0.0630603 0.0341343 0.0324427 0.0444173 0.0211091 0.0280891 0.0125444 0.00206551 0 0 0 0
 0 0 0 0 0 0 0 0 0 0 0 0 0 0 0 0 0 0 0 0 0 0 0 0 0 0 0 0 0 0 0 0 0 0 0 0
 0 0 0 0 0 0 0.0133647 0.0140871 0.0187388 0.0205184 0.03894 0.0496705 0.03968 0.0493445 0.0407372 0.0367815 0.0215668 0.0243155 0.0234873 0.0199281 0.019796 0.0243948 0.0301388 0.0376714 0.0412746 0.0863199 0.0771752 0.113111 0.0741005 0.0525337 0.0229764 0.00759418 0.00175318 0 0 0
 0 0 0 0 0 0 0 0 0 0 0.00219441 0.00772107 0.0458388 0.0604681 0.0671733 0.0775358 0.0609151 0.0617685 0.073594 0.0568108 0.0755445 0.0548602 0.0670107 0.0636378 0.0643287 0.046367 0.0373049 0.0286899 0.0247887 0.0153202 0.00654259 0.00121912 0.000365735 0 0 0
 0 0 0 0 0 0 0 0 0 0 0 0 0.000112435 0.00938835 0.0111873 0.0202946 0.0414886 0.0713402 0.111592 0.104902 0.108894 0.110636 0.117776 0.105296 0.107544 0.0401394 0.0192827 0.0124803 0.00416011 0.0028671 0.000618394 0 0 0 0 0
 0 0 0 0 0 0 0 0 0 0 0.00291406 0.0102884 0.027416 0.0768956 0.0749926 0.110853 0.0956884 0.0897413 0.0766577 0.0534642 0.0500743 0.0551293 0.0594112 0.0620874 0.0668451 0.0424026 0.0208742 0.0120726 0.0048766 0.00582813 0.00118941 0.000297354 0 0 0 0
 0 0.00264628 0.0354308 0.0461629 0.0458689 0.0383711 0.0214643 0.0164657 0.0346957 0.0420465 0.0363128 0.0245516 0.0311673 0.0291091 0.0169068 0.0133784 0.00837989 0.0085269 0.0148486 0.0160247 0.0276389 0.0546898 0.0760071 0.122758 0.109233 0.0665981 0.0333725 0.0166128 0.00676272 0.00308733 0.000882094 0 0 0 0 0
 0 0 0 0 0 0 0 0.000805153 0.000690131 0.00759144 0.0133425 0.0154129 0.00931677 0.000345066 0.00356568 0.00563607 0.00851162 0.0253048 0.0502646 0.0516448 0.0657925 0.0565908 0.0611916 0.0827007 0.0866115 0.110766 0.145733 0.0935128 0.0569358 0.0249597 0.0138026 0.00621118 0.00161031 0.00115022 0 0
 0 0 0 0 0 0 0 0 0 0 0 0 0 0 0 0 0 0 0 0 0 0 0 0 0 0 0 0 0 0 0 0 0 0 0 0
 0.00147267 0.00158595 0.00478618 0.00569244 0.00954404 0.0108468 0.00647125 0.017049 0.0510054 0.094081 0.124002 0.0959785 0.0687766 0.0820023 0.061753 0.0591476 0.0492212 0.0479892 0.0443925 0.0268479 0.0217502 0.0140895 0.0121071 0.0120363 0.00920419 0.00665534 0.0049561 0.00860946 0.00930331 0.0156896 0.0114698 0.00855282 0.00243557 0.00046729 0 2.83206e-05
 0 0 0 0 0.000772559 0.00158375 0.000888443 0.00281984 0.00712685 0.0440552 0.0773331 0.111326 0.0921469 0.0852325 0.0710754 0.0886704 0.0786465 0.0553345 0.0373146 0.0185414 0.00753245 0.00457741 0.012979 0.0271748 0.0457355 0.0583668 0.034881 0.0177882 0.00938659 0.00492506 0.0015258 0.00185414 0.000309023 5.79419e-05 3.86279e-05 0
 0 0.00173294 0.00326652 0 0.00397197 0.00683976 0.00946217 0.0152591 0.00757587 0.0136028 0.0228656 0.0392903 0.0559909 0.0764795 0.0681675 0.0726916 0.0566044 0.0477403 0.0527397 0.0444891 0.0609904 0.0582453 0.0661739 0.0445044 0.0529084 0.0360697 0.0280645 0.0235558 0.0158879 0.00826598 0.00280645 0.00217768 0.000904811 0.00058276 9.20147e-05 0
 0 0 0 0 0 0 0 0 0 0 0 0 0 0 0 0 0 0 0 0 0 0 0 0 0 0 0 0 0 0 0 0 0 0 0 0
 0 0 0 0 0 0 0 0 0 0 0 0 0 0 0 0 0 0 0 0 0 0 0 0 0 0 0 0 0 0 0 0 0 0 0 0
 0 0 0 0 0 0 0 0 0 0 0 0 0 0 0 0 0 0 0 0 0 0 0 0 0 0 0 0 0 0 0 0 0 0 0 0
 0 0 0 0 0 0 0 0 0 0 0 0 0 0 0 0 0 0 0 0 0 0 0 0 0 0 0 0 0 0 0 0 0 0 0 0
 0 0 0 0 0 0 0 0 0 0 0 0 0 0 0 0 0 0 0 0 0 0 0 0 0 0 0 0 0 0 0 0 0 0 0 0
ppred_pel_tallas
 1.03126e-16 1.58461e-05 9.29491e-05 0.000441723 0.00170047 0.00530257 0.0133943 0.0274096 0.045446 0.0610679 0.0665466 0.0589193 0.0426576 0.025867 0.0143719 0.0094338 0.00950271 0.0126757 0.0177313 0.0239843 0.0308798 0.0377755 0.0439366 0.0486507 0.051377 0.0518647 0.0501997 0.0467603 0.0421062 0.0368385 0.0314785 0.0263974 0.0218026 0.0177689 0.0142877 0.0113143
 1.02739e-16 2.89579e-05 0.000169951 0.000807852 0.00311025 0.00969899 0.0244989 0.0501284 0.083095 0.111599 0.121454 0.107161 0.0767746 0.0449381 0.0220577 0.0101446 0.00606799 0.00613262 0.00807128 0.0108727 0.0140868 0.0173958 0.0204794 0.0230266 0.0247899 0.0256336 0.0255553 0.02467 0.0231681 0.0212626 0.0191438 0.0169539 0.0147849 0.0126898 0.0107013 0.00884544
 1.0239e-16 9.5961e-06 5.62359e-05 0.00026714 0.0010282 0.00320608 0.00809903 0.0165767 0.0274967 0.0369848 0.0403981 0.0359941 0.0265511 0.0170797 0.0112487 0.00999389 0.0125457 0.0178636 0.0251994 0.0339531 0.0434018 0.0525954 0.0604403 0.0659025 0.0682419 0.0671893 0.0630086 0.056416 0.0483923 0.0399503 0.0319339 0.0249005 0.0191002 0.0145327 0.0110403 0.00840204
 1.04324e-16 2.38182e-05 0.000139776 0.000664395 0.0025579 0.0079765 0.0201481 0.0412264 0.0683401 0.0917873 0.0999051 0.0881767 0.0632364 0.0371426 0.0184751 0.00891718 0.005929 0.00650809 0.00882209 0.0120597 0.0158522 0.019915 0.0239359 0.0275865 0.0305731 0.032685 0.0338206 0.0339838 0.0332585 0.0317731 0.0296704 0.0270914 0.0241725 0.021049 0.0178588 0.0147382
 1.01693e-16 3.31247e-05 0.000194416 0.00092417 0.00355811 0.0110956 0.0280267 0.0573463 0.0950578 0.12766 0.138919 0.122536 0.0877141 0.0511878 0.0248371 0.0109314 0.005855 0.00534895 0.00679939 0.00904916 0.0116098 0.0141716 0.0164455 0.0181644 0.0191317 0.0192643 0.0186085 0.0173199 0.0156193 0.0137358 0.0118606 0.0101196 0.00857187 0.00722372 0.00605233 0.00502654
 1.01239e-16 2.00703e-05 0.000117747 0.00055961 0.00215435 0.00671799 0.0169695 0.034725 0.0575718 0.0773517 0.0842643 0.0745421 0.0538283 0.0323597 0.0174695 0.010698 0.0100181 0.0129608 0.0179419 0.0240936 0.0307628 0.0372372 0.0427293 0.0465004 0.0480247 0.0471151 0.0439675 0.039103 0.0332328 0.0270914 0.0212915 0.0162382 0.0121138 0.00891669 0.00652874 0.00478299
 1.00743e-16 3.68224e-05 0.000216131 0.00102742 0.00395565 0.0123354 0.0311581 0.0637529 0.105675 0.141911 0.154407 0.13615 0.0973547 0.0566037 0.0270721 0.0112457 0.00506758 0.00377663 0.00446405 0.00587565 0.00754135 0.00922577 0.0107353 0.0118939 0.0125687 0.0126975 0.0122997 0.0114662 0.0103322 0.0090437 0.00772803 0.00647653 0.00534133 0.00434242 0.00347952 0.00274308
 1.00423e-16 2.94744e-05 0.000172973 0.0008222 0.00316545 0.00987112 0.0249338 0.0510191 0.0845743 0.113594 0.123648 0.109149 0.0783129 0.0460675 0.0230349 0.0112968 0.00769547 0.00847871 0.0113113 0.0150871 0.0192185 0.023212 0.026561 0.028799 0.0295981 0.0288484 0.0266854 0.0234519 0.0196116 0.0156407 0.011935 0.00875406 0.0062109 0.00429736 0.00292792 0.00198419
 1.00546e-16 3.24815e-05 0.000190635 0.000906184 0.00348884 0.0108796 0.0274811 0.0562304 0.0932095 0.125182 0.136235 0.120197 0.0861009 0.0503702 0.0246709 0.0112491 0.00657838 0.00649344 0.00842532 0.0112095 0.0143103 0.0173444 0.0199381 0.0217472 0.022525 0.0221791 0.0207925 0.0185976 0.0159159 0.0130815 0.0103761 0.00798891 0.00601001 0.00444681 0.0032539 0.00236265
 1.0051e-16 3.22784e-05 0.000189442 0.000900511 0.003467 0.0108115 0.027309 0.0558784 0.0926264 0.1244 0.135386 0.119453 0.0855804 0.0500901 0.024579 0.0112833 0.00670214 0.00669856 0.00871845 0.0115988 0.0147962 0.0179148 0.0205662 0.0223938 0.0231432 0.0227223 0.0212226 0.0188913 0.0160681 0.0131044 0.0102951 0.00783666 0.00582 0.00424828 0.0030687 0.00220427
 1.00807e-16 2.46316e-05 0.000144534 0.000686979 0.00264479 0.00824742 0.0208326 0.0426284 0.0706691 0.0949302 0.103365 0.0913231 0.0656941 0.0389888 0.0201341 0.0109308 0.00880175 0.0106554 0.0145452 0.0194928 0.0248848 0.0301251 0.0345727 0.0376287 0.0388659 0.0381302 0.0355775 0.0316264 0.0268509 0.0218453 0.0171073 0.0129686 0.00958198 0.00695163 0.00498695 0.00355621
 1.0139e-16 2.51333e-05 0.000147484 0.000701012 0.00269883 0.00841598 0.0212583 0.043499 0.0721108 0.0968621 0.105456 0.0931403 0.0669359 0.039595 0.0202079 0.0105911 0.00809579 0.0095577 0.0129997 0.0174585 0.0223718 0.027218 0.0314376 0.034502 0.0360227 0.0358397 0.0340554 0.0309969 0.0271277 0.0229356 0.0188363 0.0151156 0.0119193 0.00927681 0.00714398 0.00544396
 1.00501e-16 3.54525e-05 0.000208084 0.000989149 0.0038083 0.0118758 0.0299974 0.0613784 0.101741 0.136632 0.148676 0.131125 0.0938258 0.0546803 0.0263923 0.0113766 0.00574757 0.00493342 0.00612911 0.00809883 0.0103349 0.0125334 0.0144204 0.0157479 0.0163378 0.0161227 0.0151609 0.0136175 0.0117212 0.00970993 0.0077837 0.00607696 0.00465335 0.00351822 0.0026399 0.00197087
 1.001e-16 3.77126e-05 0.000221355 0.00105225 0.00405126 0.0126335 0.0319112 0.065294 0.10823 0.145343 0.158144 0.139452 0.0997321 0.0580172 0.0278055 0.0116466 0.00538682 0.00414749 0.00493992 0.00646147 0.00820418 0.0098953 0.0113059 0.0122343 0.0125406 0.0121792 0.0112108 0.0097857 0.00810612 0.00637942 0.00477759 0.00341308 0.00233418 0.00153593 0.000979274 0.000610474
 1.00075e-16 3.75939e-05 0.000220658 0.00104893 0.00403849 0.0125937 0.0318106 0.0650882 0.107889 0.144886 0.157648 0.139017 0.0994259 0.0578499 0.0277456 0.0116562 0.00544313 0.00424394 0.00507905 0.00664756 0.00843854 0.0101736 0.0116171 0.0125614 0.0128625 0.0124744 0.0114607 0.00997761 0.00823479 0.00644718 0.00479284 0.00338798 0.0022821 0.00146941 0.000908566 0.000542965
 1.00183e-16 3.30143e-05 0.000193763 0.000921049 0.00354607 0.0110581 0.0279319 0.0571528 0.0947388 0.127237 0.138472 0.122173 0.0875229 0.0512145 0.0251067 0.0114837 0.00676096 0.00670277 0.00869239 0.0115367 0.0146778 0.017711 0.0202425 0.0219136 0.022474 0.0218413 0.0201229 0.017586 0.0145908 0.011507 0.00864173 0.00619609 0.00425718 0.00281737 0.00180818 0.00113493
 1.00477e-16 2.93614e-05 0.00017231 0.00081905 0.00315332 0.0098333 0.0248383 0.0508236 0.08425 0.113158 0.123172 0.108727 0.0780058 0.0458777 0.0229234 0.0112156 0.00760781 0.00836278 0.0111566 0.0148918 0.0189901 0.0229679 0.0263286 0.0286127 0.0294944 0.0288589 0.0268304 0.0237355 0.02002 0.0161447 0.0124948 0.00932636 0.00675556 0.00478289 0.0033344 0.00230375
 1.00611e-16 3.18322e-05 0.000186822 0.000888054 0.00341903 0.0106619 0.0269312 0.0551054 0.0913452 0.12268 0.133515 0.117807 0.0844091 0.0494213 0.0242823 0.0112006 0.00672746 0.00678626 0.00886001 0.0118012 0.0150706 0.0182709 0.0210104 0.0229272 0.0237614 0.0234152 0.0219746 0.0196829 0.0168766 0.013906 0.011066 0.00855547 0.00646893 0.00481482 0.00354643 0.00259287
 1.00879e-16 2.59897e-05 0.000152511 0.000724908 0.00279083 0.00870287 0.021983 0.0449819 0.074569 0.100164 0.10905 0.096314 0.0692147 0.0409386 0.0208845 0.0109283 0.00832691 0.00980215 0.0133012 0.0178176 0.0227588 0.0275751 0.0316822 0.0345339 0.0357389 0.0351528 0.0329117 0.0293898 0.0251026 0.0205853 0.0162868 0.0125079 0.00938895 0.00693787 0.00507798 0.003696
 1.01082e-16 2.94802e-05 0.000173012 0.000822392 0.00316621 0.00987348 0.0249397 0.0510309 0.0845925 0.113615 0.123661 0.109139 0.078257 0.0459375 0.0227914 0.0108859 0.00704996 0.00752612 0.00998932 0.0133642 0.017116 0.0208209 0.0240463 0.0263871 0.0275463 0.0274022 0.0260337 0.0236919 0.0207321 0.0175278 0.0143968 0.0115575 0.00912032 0.00710699 0.00548266 0.00418775
 1.01036e-16 2.89852e-05 0.000170104 0.000808563 0.00311296 0.00970742 0.0245203 0.0501728 0.0831708 0.111708 0.12159 0.107324 0.0769829 0.0452446 0.0225496 0.0109394 0.00730516 0.00795768 0.010609 0.0141897 0.0181504 0.0220412 0.0253995 0.0277937 0.0289108 0.0286284 0.0270418 0.0244315 0.021189 0.0177227 0.0143774 0.0113861 0.00886172 0.00681794 0.00520597 0.00395022
 1.01396e-16 2.51492e-05 0.000147577 0.000701453 0.00270053 0.00842126 0.0212717 0.0435264 0.0721564 0.0969236 0.105524 0.0932028 0.0669862 0.0396354 0.0202481 0.0106431 0.0081713 0.00966652 0.0131486 0.0176497 0.0226006 0.0274709 0.031693 0.0347315 0.0361958 0.0359297 0.0340444 0.0308806 0.0269161 0.0226513 0.0185101 0.014781 0.0116065 0.00900879 0.00693409 0.00529592
 1.01338e-16 2.95529e-05 0.000173439 0.000824426 0.00317404 0.00989792 0.0250015 0.0511571 0.0848014 0.113895 0.123962 0.109398 0.0784279 0.046008 0.0227713 0.0107852 0.00686675 0.007247 0.00959744 0.0128483 0.0164785 0.0200831 0.023251 0.0255955 0.0268304 0.0268337 0.0256718 0.0235731 0.0208649 0.0178927 0.0149518 0.0122463 0.00988201 0.00788434 0.0062282 0.00486691
 1.00971e-16 2.99023e-05 0.00017549 0.000834171 0.00321156 0.0100149 0.025297 0.0517618 0.0858042 0.115242 0.125432 0.1107 0.0793737 0.0465872 0.0231024 0.0110146 0.00710477 0.00755876 0.0100148 0.0133787 0.0171053 0.0207627 0.0239132 0.0261492 0.0271763 0.0268812 0.0253562 0.0228695 0.0197932 0.016515 0.0133615 0.0105521 0.00819176 0.00629069 0.00479976 0.00364463
 1.02134e-16 1.29273e-05 7.58012e-05 0.000360174 0.00138644 0.00432325 0.0109208 0.0223495 0.0370626 0.0498218 0.0543418 0.0482325 0.0351792 0.021848 0.0130647 0.00994804 0.0113206 0.0156858 0.0220377 0.0297131 0.0380476 0.0462132 0.0532617 0.058291 0.0606444 0.0600643 0.0567479 0.0512816 0.0444842 0.0372113 0.0301856 0.0238974 0.0185851 0.0142803 0.010883 0.00823672
 1.03937e-16 2.38773e-05 0.00014012 0.000666028 0.00256417 0.00799607 0.0201975 0.0413278 0.0685089 0.0920164 0.100161 0.0884168 0.0634402 0.0373255 0.0186823 0.00920756 0.00636277 0.00714017 0.00969482 0.0131917 0.0172253 0.0214637 0.0255451 0.029101 0.0318196 0.0335011 0.0340859 0.0336432 0.032332 0.0303507 0.0278931 0.0251244 0.0221783 0.0191647 0.0161827 0.0133257
 1.03597e-16 1.2125e-05 7.10926e-05 0.000337792 0.00130026 0.00405453 0.010242 0.0209606 0.0347601 0.046729 0.0509747 0.045259 0.0330428 0.0205855 0.0124229 0.00961676 0.0110757 0.0154067 0.0216708 0.0292414 0.0374795 0.0455828 0.0526309 0.0577478 0.0602957 0.0600237 0.0571207 0.052149 0.0458906 0.0391565 0.0326233 0.0267394 0.0217113 0.0175514 0.0141558 0.0113781
pSPR Fmed_Fpbrs
0.530178   0.6 0.325
Fs Fmed_Fpbrs
0.64   0.472041 1.68388
SSBpbr Bo_Bmed_Bpbrs
481137  231031  264625 132313
Ro
22925.4
SPR SPRFo_SPRFmed_SPRFpbrs
473506 251043 153890
log_Ro
9.86
likeval ReclasPelacesDesembMPH_pf_preclas_ppelaces_ptallas_desvR_qrecl_qpela
 78.6973 12.1422 0.15374 0.000505316 347.965 213.995 57.0787 0 26.9669 7.15405e-05 0.000298109 3.14307e-14 0 0 0
q_reclas_q_pelaces
3.31533 11.6628
M
0.7
N
 20216.2 16201 5128.33 656.87 0.150631
 44339.2 9526.11 5126.55 1300.36 164.173
 5533.06 20460 2517.84 993.841 278.125
 9479.78 2360.58 2756.36 178.638 86.4611
 37863.4 4400.79 657.048 577.211 54.4646
 17153.4 18508.6 1908.77 266.644 255.217
 63817.7 7497.55 3070.14 184.7 48.6909
 58749.3 28501.4 1496.55 391.535 28.8872
 71727.3 25499.7 4451.96 132.396 35.8167
 114850 30629.3 3462.47 319.595 11.5724
 65924.3 51709.9 6554.14 489.841 45.5837
 46350.1 28362 7486.24 517.711 40.6254
 55182.2 20233.3 4653.32 712.655 51.265
 29116.6 21948.7 1492.52 134.45 20.7414
 12707.7 9908.93 424.01 5.84544 0.546568
 9820.25 4324.66 191.423 1.66063 0.022517
 7218.64 4076.06 460.073 9.54941 0.0798608
 9257.24 3050.55 506.03 28.8957 0.578116
 8291.02 4045.98 505.742 48.9261 2.74976
 10448.2 3756.63 914.157 77.5932 7.72743
 16793.5 4637.4 710.971 107.684 9.73887
 19144.3 7880.1 1415.35 170.817 27.7673
 31718.4 8921.87 2267.69 311.496 42.9318
 50022 14518.5 2200.02 396.384 60.551
 17560.2 22965.2 3673.34 399.594 81.1837
 28851 8231.66 6949.4 871.365 112.211
 6191.76 13409.8 2315.27 1478.13 205.355
pred_Ctot
 745.133 4337.21 1875.13 244.021 0.0559968
 2266.19 3321.47 2369.41 609.485 76.996
 565.47 11521.5 1720.32 685.064 191.788
 445.942 771.118 1203.49 79.1388 38.3275
 425.903 403.718 87.377 78.2867 7.39338
 1488.93 9422.96 1207.32 170.378 163.149
 4647.47 3394.16 1768.14 107.606 28.3815
 5362.78 14982.1 970.394 256.368 18.9227
 7289.03 14311.4 3034.18 91.0371 24.6376
 7752.75 13145.1 1908.62 178.316 6.46016
 6388.61 28205.5 4371.82 329.781 30.7012
 4061.19 14526.8 4757.49 332.339 26.0905
 8000.12 13708.4 3626.36 558.723 40.2023
 6733.65 17707 1298.92 117.372 18.1092
 2938.84 7993.98 369.009 5.10294 0.477205
 1171.4 2657.28 139.408 1.21857 0.0165283
 780.755 2372.2 322.125 6.74225 0.0564053
 803.909 1553.54 320.146 18.4678 0.36965
 524.957 1658 268.268 26.2809 1.47785
 803.155 1764.93 542.525 46.5643 4.63954
 667.385 1321.57 275.008 42.3029 3.82843
 850.168 2458.31 593.404 72.6895 11.8238
 1793.23 3361.02 1120.26 155.951 21.5065
 2727.69 5321.26 1061.58 193.887 29.6354
 709.806 6636.74 1438.76 158.939 32.3127
 1333.41 2651.43 2996.98 381.322 49.1367
 549.633 6925.7 1480.9 954.927 132.725
F
 0.052448 0.450638 0.672141 0.686794 0.687445
 0.0733971 0.630635 0.940612 0.961118 0.962028
 0.151833 1.30456 1.94579 1.98821 1.9901
 0.0673767 0.578907 0.863458 0.882282 0.883118
 0.0157501 0.135326 0.201843 0.206244 0.206439
 0.127619 1.09651 1.63548 1.67114 1.67272
 0.106076 0.911416 1.35941 1.38904 1.39036
 0.134613 1.15661 1.72512 1.76273 1.7644
 0.150916 1.29668 1.93404 1.97621 1.97808
 0.0979806 0.841859 1.25566 1.28303 1.28425
 0.143455 1.23258 1.83844 1.87852 1.8803
 0.128894 1.10747 1.65183 1.68784 1.68944
 0.221932 1.90686 2.84414 2.90615 2.9089
 0.377871 3.2467 4.84256 4.94813 4.95282
 0.377871 3.2467 4.84256 4.94813 4.95282
 0.179316 1.5407 2.29801 2.34811 2.35033
 0.161345 1.38629 2.06769 2.11277 2.11477
 0.127681 1.09705 1.63629 1.67196 1.67354
 0.0916514 0.787477 1.17455 1.20015 1.20129
 0.112271 0.964645 1.4388 1.47017 1.47156
 0.0566537 0.486774 0.726039 0.741867 0.74257
 0.0634979 0.54558 0.81375 0.83149 0.832278
 0.0814749 0.70004 1.04413 1.06689 1.06791
 0.0784816 0.674322 1.00577 1.0277 1.02867
 0.0576491 0.495327 0.738795 0.754902 0.755617
 0.066161 0.568461 0.847878 0.866362 0.867183
 0.130684 1.12285 1.67477 1.71128 1.7129
Np
 14410.8 6903.05 983.254 678.153 87.4236
YTP_r0W_actual
 1294.24 56431.1 19844.5 16465 2540.41
YTP_p0W_proyectada
 3012.24 11354 18569.7 2399.4 1787.12
 3012.24 29049.4 8427.6 7554.02 1081.5
CTP_r0_actual
 157.835 2612.55 631.991 410.599 57.0878
CTP_p0_proyectada
 367.346 525.648 591.392 59.8353 40.16
 367.346 1344.88 268.395 188.38 24.3034
Wmedp
 8.2 21.6 31.4 40.1 44.5
nmprior
 10.8 10.6 4.6 0
nm_flota  nm_reclas  nm_pelaces    nm_pelaL
inf 19.6883 14.6764 42.9802
cv_recla  cv_pelaces  cv_mph
0.768264 0.381716 0.600783
 ------------------------------------------------
Talla a la edad & desviaci?n 
 7.2 14.2025 17.0495 18.207 18.6776
 1.08 2.13037 2.55742 2.73105 2.80164
