years
 1997 1998 1999 2000 2001 2002 2003 2004 2005 2006 2007 2008 2009 2010 2011 2012 2013 2014 2015 2016 2017 2018 2019 2020 2021 2022 2023
reclasobs
 0 0 0 370054 412103 1.49427e+06 250295 1.28982e+06 931140 785840 897777 1.04006e+06 184774 17550 25797 100020 73551 82996 120727 218422 84188 347160 605670 569463 516374 1.08416e+06 1.01767e+06
reclaspred
 7.69728e+06 1.39662e+06 1.64388e+06 256333 229366 349465 658059 653844 665657 853524 983960 725318 367243 141235 77198.4 80351.6 82079.4 109754 145783 146341 208953 241881 378085 480239 815291 710203 330104
pelacesobs
 0 0 0 0 0 0 0 0 0 2.06254e+06 1.5e+06 0 1.87456e+06 323000 250000 174000 83755 137374 0 501740 490994 745055 786931 1.00524e+06 1.33801e+06 1.41789e+06 0
pelacespred
 1.42115e+07 6.88936e+06 1.40287e+06 499370 687650 595659 2.06673e+06 1.8805e+06 1.69903e+06 2.46917e+06 2.17215e+06 1.60096e+06 916178 291376 164433 165362 172555 250632 318414 284260 558146 580823 666758 1.066e+06 1.67621e+06 1.39705e+06 471342
mphobs
 0 0 0 0 0 112323 0 153150 637223 0 255016 313432 73983 77613 109348 50772 17779 17303 59886 28197 0 207744 136588 643089 65757 70829 0
mphpred
 1.18976e+06 497334 196813 58986.1 38529.4 135274 146907 287698 248011 268472 387504 259513 158752 95840.8 45104.4 33056.3 28868.4 34123.2 46099.8 43405.9 53269 75541.3 86189.3 121449 215739 166546 126226
desembarqueobs
 350755 77701 442110 56441 14545 235359 269955 359681 431902 328805 639364 411747 362871 311530 167758 66681 60226 58785 57116 73181 50977 67692 138656 160484 209506 203330 245020
desembarquepred
 350744 77677.2 441478 56401.7 14541.6 235134 269842 359015 431284 328442 638058 410928 362034 310927 167207 66589.4 60179 58683.7 57023 73071.3 50952.4 67602.7 138499 160336 209269 202998 244677
Reclutas
 7606.38 10561.6 1250.47 3778.71 39233.7 12088.4 64846.8 55676.2 61094.2 114676 63695.9 48698 57952 28949.7 12138.7 9048.2 6867.93 8792.8 7616.58 8297.96 15392.5 16747.4 27306.5 47355.4 12284.4 31128 1283
log_desv_Rt
 -0.803257 -0.475018 -2.60873 -1.50286 0.837292 -0.339994 1.33978 1.18731 1.28017 1.90986 1.32188 1.05339 1.22737 0.533315 -0.335846 -0.629679 -0.905382 -0.658312 -0.801917 -0.716235 -0.0983637 -0.0140017 0.474879 1.02544 -0.323916 0.605863 -2.58304
SSB
 1.61554e+06 675315 267247 80095.5 52318 183685 199481 390657 336766 364550 526180 352385 215564 130139 61245.9 44886.2 39199.5 46334.8 62597.6 58939.5 72332.3 102575 117034 164912 292945 226148 171399
BT
 2.05969e+06 808099 385727 127186 241250 289777 1.02774e+06 919139 940688 1.10661e+06 1.12688e+06 793732 673173 388615 195386 102602 100216 124306 116645 127505 199383 173259 246334 410518 442837 454535 258044
Ftot
 0.173823 0.297521 1.37596 1.21002 0.36646 1.75695 1.88866 1.741 2.15061 1.46702 1.90245 1.84701 3.2006 4.95303 4.95303 2.32271 2.23735 1.80812 1.20873 1.64477 0.902092 0.934016 1.25687 1.20058 0.793589 1.17981 2.0083
BD_Bspro_t
 0.975754 0.824808 0.553361 0.170305 0.215644 0.534643 0.377428 0.477823 0.388741 0.369398 0.419931 0.269509 0.184285 0.131564 0.075088 0.0683453 0.0831524 0.135237 0.216019 0.248012 0.318085 0.461227 0.449532 0.461697 0.529194 0.389428 0.320937
BD_Bspro
 4.60553 1.92517 0.761861 0.228334 0.149147 0.523643 0.568676 1.11368 0.960044 1.03925 1.50002 1.00457 0.614525 0.370998 0.174598 0.12796 0.111749 0.13209 0.178451 0.168023 0.206203 0.292419 0.333637 0.470126 0.835121 0.644698 0.48862
BD_Bo
 2.88544 1.20615 0.477317 0.143055 0.0934427 0.328071 0.356284 0.697735 0.601482 0.651105 0.939786 0.629378 0.385009 0.232436 0.109388 0.0801692 0.0700124 0.0827565 0.111803 0.105269 0.129189 0.183205 0.209029 0.294541 0.523216 0.403913 0.306128
BD_Brms
 5.24625 2.193 0.86785 0.2601 0.169896 0.596492 0.647789 1.26861 1.0936 1.18383 1.7087 1.14432 0.700017 0.422611 0.198888 0.145762 0.127295 0.150466 0.203277 0.191399 0.23489 0.3331 0.380052 0.53553 0.951302 0.734387 0.556596
S_f
 0.0748865 0.815635 0.995881 0.999924 0.999999
 0.0748865 0.815635 0.995881 0.999924 0.999999
 0.0748865 0.815635 0.995881 0.999924 0.999999
 0.0748865 0.815635 0.995881 0.999924 0.999999
 0.0748865 0.815635 0.995881 0.999924 0.999999
 0.0748865 0.815635 0.995881 0.999924 0.999999
 0.0748865 0.815635 0.995881 0.999924 0.999999
 0.0748865 0.815635 0.995881 0.999924 0.999999
 0.0748865 0.815635 0.995881 0.999924 0.999999
 0.0748865 0.815635 0.995881 0.999924 0.999999
 0.0748865 0.815635 0.995881 0.999924 0.999999
 0.0748865 0.815635 0.995881 0.999924 0.999999
 0.0748865 0.815635 0.995881 0.999924 0.999999
 0.0748865 0.815635 0.995881 0.999924 0.999999
 0.0748865 0.815635 0.995881 0.999924 0.999999
 0.0748865 0.815635 0.995881 0.999924 0.999999
 0.0748865 0.815635 0.995881 0.999924 0.999999
 0.0748865 0.815635 0.995881 0.999924 0.999999
 0.0748865 0.815635 0.995881 0.999924 0.999999
 0.0748865 0.815635 0.995881 0.999924 0.999999
 0.0748865 0.815635 0.995881 0.999924 0.999999
 0.0748865 0.815635 0.995881 0.999924 0.999999
 0.0748865 0.815635 0.995881 0.999924 0.999999
 0.0748865 0.815635 0.995881 0.999924 0.999999
 0.0748865 0.815635 0.995881 0.999924 0.999999
 0.0748865 0.815635 0.995881 0.999924 0.999999
 0.0748865 0.815635 0.995881 0.999924 0.999999
Scru_reclas
 0.0813673 0.308323 0.691677 0.918633 0.982704
 0.0813673 0.308323 0.691677 0.918633 0.982704
 0.0813673 0.308323 0.691677 0.918633 0.982704
 0.0813673 0.308323 0.691677 0.918633 0.982704
 0.0813673 0.308323 0.691677 0.918633 0.982704
 0.0813673 0.308323 0.691677 0.918633 0.982704
 0.0813673 0.308323 0.691677 0.918633 0.982704
 0.0813673 0.308323 0.691677 0.918633 0.982704
 0.0813673 0.308323 0.691677 0.918633 0.982704
 0.0813673 0.308323 0.691677 0.918633 0.982704
 0.0813673 0.308323 0.691677 0.918633 0.982704
 0.0813673 0.308323 0.691677 0.918633 0.982704
 0.0813673 0.308323 0.691677 0.918633 0.982704
 0.0813673 0.308323 0.691677 0.918633 0.982704
 0.0813673 0.308323 0.691677 0.918633 0.982704
 0.0813673 0.308323 0.691677 0.918633 0.982704
 0.0813673 0.308323 0.691677 0.918633 0.982704
 0.0813673 0.308323 0.691677 0.918633 0.982704
 0.0813673 0.308323 0.691677 0.918633 0.982704
 0.0813673 0.308323 0.691677 0.918633 0.982704
 0.0813673 0.308323 0.691677 0.918633 0.982704
 0.0813673 0.308323 0.691677 0.918633 0.982704
 0.0813673 0.308323 0.691677 0.918633 0.982704
 0.0813673 0.308323 0.691677 0.918633 0.982704
 0.0813673 0.308323 0.691677 0.918633 0.982704
 0.0813673 0.308323 0.691677 0.918633 0.982704
 0.0813673 0.308323 0.691677 0.918633 0.982704
Scru_pelaces
 0.177096 0.519939 0.844978 0.964827 0.992808
 0.177096 0.519939 0.844978 0.964827 0.992808
 0.177096 0.519939 0.844978 0.964827 0.992808
 0.177096 0.519939 0.844978 0.964827 0.992808
 0.177096 0.519939 0.844978 0.964827 0.992808
 0.177096 0.519939 0.844978 0.964827 0.992808
 0.177096 0.519939 0.844978 0.964827 0.992808
 0.177096 0.519939 0.844978 0.964827 0.992808
 0.177096 0.519939 0.844978 0.964827 0.992808
 0.177096 0.519939 0.844978 0.964827 0.992808
 0.177096 0.519939 0.844978 0.964827 0.992808
 0.177096 0.519939 0.844978 0.964827 0.992808
 0.177096 0.519939 0.844978 0.964827 0.992808
 0.177096 0.519939 0.844978 0.964827 0.992808
 0.177096 0.519939 0.844978 0.964827 0.992808
 0.177096 0.519939 0.844978 0.964827 0.992808
 0.177096 0.519939 0.844978 0.964827 0.992808
 0.177096 0.519939 0.844978 0.964827 0.992808
 0.177096 0.519939 0.844978 0.964827 0.992808
 0.177096 0.519939 0.844978 0.964827 0.992808
 0.177096 0.519939 0.844978 0.964827 0.992808
 0.177096 0.519939 0.844978 0.964827 0.992808
 0.177096 0.519939 0.844978 0.964827 0.992808
 0.177096 0.519939 0.844978 0.964827 0.992808
 0.177096 0.519939 0.844978 0.964827 0.992808
 0.177096 0.519939 0.844978 0.964827 0.992808
 0.177096 0.519939 0.844978 0.964827 0.992808
pf_obs 
 0.256992 0.487395 0.22802 0.0275931 0
 0.321318 0.546541 0.124235 0.00734118 0.000564706
 0.182869 0.594174 0.210203 0.0122559 0.00049798
 0.330522 0.361315 0.267642 0.0388342 0.00168674
 0.649043 0.306663 0.0425973 0.00169635 0
 0.582887 0.30429 0.105238 0.00758474 0
 0.465427 0.430635 0.0974691 0.00646863 0
 0.296916 0.608066 0.0921331 0.00288517 0
 0.311714 0.524322 0.152257 0.0117073 0
 0.15457 0.633149 0.183074 0.0267441 0.00246327
 0.131901 0.49318 0.331252 0.0422183 0.00144891
 0.196976 0.569456 0.194076 0.0375587 0.00193317
 0.518974 0.381816 0.0799577 0.0180837 0.00116848
 0.0928022 0.601141 0.25162 0.0475244 0.00691264
 0.122501 0.610282 0.24278 0.0234846 0.000952079
 0.383417 0.481906 0.127806 0.00687128 0
 0.0376549 0.599619 0.316969 0.0457579 0
 0.0361596 0.667082 0.258105 0.0386534 0
 0.158088 0.579412 0.248529 0.0139706 0
 0.0477256 0.309471 0.559284 0.082774 0.000745712
 0.0406174 0.521527 0.379366 0.0568643 0.0016247
 0.151134 0.462217 0.34131 0.0453401 0
 0.294876 0.26143 0.354403 0.0886775 0.000613685
 0.281977 0.475581 0.204845 0.0348837 0.00271318
 0.0841818 0.532909 0.334909 0.0458182 0.00218182
 0.115287 0.27431 0.454777 0.147771 0.00785563
 0 0 0 0 0
pf_pred 
 0.0105499 0.638542 0.30997 0.0409361 1.93275e-06
 0.0280675 0.0981278 0.605357 0.237251 0.0311967
 0.00930334 0.278153 0.0882408 0.433133 0.19117
 0.135751 0.153197 0.25609 0.0567249 0.398237
 0.643347 0.272453 0.019579 0.0233824 0.0412389
 0.0842521 0.875801 0.0321362 0.00182309 0.00598748
 0.564094 0.294143 0.137613 0.0033443 0.000805517
 0.225314 0.752847 0.0166297 0.00505809 0.00015111
 0.265147 0.637297 0.0957178 0.0014032 0.000435674
 0.362046 0.580633 0.052309 0.00491853 9.35299e-05
 0.151837 0.778912 0.0648413 0.00402662 0.000382749
 0.182301 0.666261 0.143184 0.00773333 0.000520974
 0.324052 0.575727 0.0872665 0.012255 0.000700001
 0.249126 0.723181 0.0253509 0.00204283 0.000299066
 0.244111 0.740403 0.0152549 0.000212159 1.91987e-05
 0.26743 0.716306 0.0161303 0.000131965 1.96057e-06
 0.219389 0.715919 0.0638091 0.000876346 7.19798e-06
 0.293288 0.630035 0.0726229 0.00399947 5.48014e-05
 0.191847 0.731465 0.0710052 0.0053851 0.00029792
 0.22092 0.626619 0.141855 0.0098245 0.000780679
 0.304665 0.597102 0.0844108 0.0128683 0.000953865
 0.198126 0.693653 0.0964534 0.0101204 0.00164679
 0.269669 0.575811 0.138556 0.0142384 0.00172598
 0.304099 0.604856 0.0764959 0.0130561 0.00149332
 0.0555901 0.830579 0.102784 0.00929257 0.00175481
 0.241804 0.342672 0.376726 0.0350525 0.00374491
 0.0123839 0.853527 0.071799 0.0565113 0.00577853
pobs_RECLAS
 0 0 0 0 0
 0 0 0 0 0
 0 0 0 0 0
 0 0 0 0 0
 0.835266 0.146461 0.0176864 0.000547809 3.91292e-05
 0.385257 0.428462 0.181853 0.0044286 0
 0.867414 0.0963971 0.0333333 0.00285562 0
 0.441836 0.489002 0.0689373 0.000224442 0
 0.779404 0.147425 0.0564933 0.0165055 0.000172143
 0.814271 0.122319 0.05973 0.00367925 0
 0.40263 0.566651 0.0304383 0.000280538 0
 0.475488 0.404961 0.113038 0.00651328 0
 0.955842 0.0263864 0.0167828 0.000988607 0
 0.975058 0.0227948 0.00214734 0 0
 0.738997 0.206755 0.0527124 0.00153531 0
 0.850938 0.134255 0.0134407 0.00136685 0
 0.542534 0.407297 0.0501686 0 0
 0.764087 0.199537 0.0359546 0.000420521 0
 0.470689 0.182191 0.310203 0.0369168 0
 0.84361 0.089868 0.0606195 0.00523954 0.000663233
 0.607945 0.314616 0.071237 0.00620181 0
 0.523733 0.453247 0.0230204 0 0
 0.530135 0.295979 0.169645 0.0042399 0
 0.562478 0.366248 0.0663022 0.0049721 0
 0.250443 0.683176 0.0655157 0.000865301 0
 0.195077 0.31981 0.436473 0.0351445 0.0134964
 0.565238 0.351407 0.0832357 0.000118908 0
ppred_RECLAS
 0.0228748 0.47772 0.425138 0.0742631 3.75051e-06
 0.042167 0.0505197 0.570182 0.29556 0.0415714
 0.0152404 0.142299 0.079858 0.518036 0.244567
 0.196492 0.0705085 0.209944 0.0614673 0.461588
 0.799991 0.115617 0.0151804 0.0239774 0.0452344
 0.229141 0.710255 0.0452875 0.00339387 0.0119226
 0.780552 0.119261 0.0962992 0.00309103 0.00079636
 0.487174 0.486393 0.0186848 0.00750764 0.00023991
 0.538626 0.365558 0.0934079 0.00180799 0.000600443
 0.6312 0.312846 0.0496585 0.0061702 0.000125503
 0.365605 0.548526 0.0787531 0.00645926 0.000656738
 0.398747 0.429419 0.159626 0.0113876 0.000820574
 0.648422 0.272872 0.0657836 0.0121781 0.000744021
 0.667006 0.315725 0.015384 0.00162911 0.000255083
 0.66268 0.327746 0.00938628 0.000171548 1.66032e-05
 0.566492 0.417499 0.0158349 0.000171007 2.7175e-06
 0.487953 0.443855 0.0669673 0.0012142 1.06674e-05
 0.564088 0.358915 0.0717044 0.00521616 7.64501e-05
 0.409092 0.496029 0.085772 0.00859824 0.000508814
 0.448224 0.384555 0.152119 0.0139191 0.00118307
 0.543123 0.348751 0.0888072 0.0178997 0.00141925
 0.403788 0.461837 0.115554 0.01603 0.00279009
 0.497769 0.33629 0.143867 0.0195406 0.00253369
 0.551917 0.349405 0.0787404 0.0177638 0.00217329
 0.138777 0.685787 0.153395 0.0183372 0.00370402
 0.406549 0.183773 0.360301 0.044313 0.00506403
 0.036991 0.734788 0.105997 0.110174 0.0120502
pobs_PELACES
 0 0 0 0 0
 0 0 0 0 0
 0 0 0 0 0
 0 0 0 0 0
 0 0 0 0 0
 0 0 0 0 0
 0 0 0 0 0
 0 0 0 0 0
 0 0 0 0 0
 0 0 0 0 0
 0.450072 0.473896 0.0757376 0.000293798 0
 0 0 0 0 0
 0.463077 0.371075 0.160297 0.00555027 0
 0.529543 0.364841 0.0842815 0.0213345 0
 0.631943 0.363953 0.00410389 0 0
 0.735681 0.248677 0.0153453 0.000297389 0
 0.695825 0.281241 0.0229344 0 0
 0.275771 0.60734 0.115278 0.00161068 0
 0 0 0 0 0
 0.896147 0.0623911 0.0374545 0.00400742 0
 0.803859 0.145111 0.0509908 3.86294e-05 0
 0.739449 0.233085 0.0266225 0.000797448 4.60066e-05
 0.878498 0.100942 0.0204185 0.000141795 0
 0.694673 0.275183 0.0284847 0.00165964 0
 0.469039 0.446079 0.0841089 0.000773354 0
 0.822795 0.102175 0.0682046 0.00682512 0
 0 0 0 0 0
ppred_PELACES
 0.0358572 0.556066 0.354803 0.0532716 2.58789e-06
 0.0812794 0.0701568 0.563549 0.251049 0.0339655
 0.0420616 0.217371 0.0814275 0.453295 0.205845
 0.40323 0.0834022 0.167408 0.0420709 0.303889
 0.870845 0.0891577 0.00829753 0.0112622 0.0204371
 0.377871 0.590637 0.024575 0.00157964 0.00533764
 0.896901 0.0669151 0.0349828 0.000962955 0.000238631
 0.656764 0.331948 0.00832902 0.00287055 8.82322e-05
 0.7339 0.228129 0.0371576 0.000616566 0.000196955
 0.769445 0.206436 0.0217544 0.00231937 4.53779e-05
 0.554574 0.404914 0.0376083 0.00264522 0.000258694
 0.599595 0.318526 0.076851 0.0047019 0.000325893
 0.851608 0.126983 0.0183324 0.00290531 0.000170726
 0.898915 0.0982338 0.00258266 0.000233584 3.51768e-05
 0.896077 0.102315 0.00158105 2.46792e-05 2.29732e-06
 0.751056 0.243073 0.0058169 5.38404e-05 8.22953e-07
 0.69084 0.281777 0.0269604 0.000419008 3.5408e-06
 0.734939 0.232879 0.0302671 0.0018884 2.66218e-05
 0.559274 0.390999 0.0455812 0.00392207 0.000223248
 0.63693 0.283224 0.0735972 0.00577697 0.000472301
 0.674845 0.269302 0.047083 0.00814902 0.000621503
 0.542585 0.382677 0.0656142 0.00781571 0.00130851
 0.662156 0.254919 0.073312 0.00854655 0.00106593
 0.697652 0.255167 0.038786 0.00751077 0.00088387
 0.212729 0.670864 0.103693 0.0106458 0.00206845
 0.605785 0.15901 0.210535 0.0222266 0.00244321
 0.082278 0.775051 0.0718751 0.0640567 0.006739
pobs_pel_tallas
 0 0 0 0 0 0 0 0 0 0 0 0 0 0 0 0 0 0 0 0 0 0 0 0 0 0 0 0 0 0 0 0 0 0 0 0
 0 0 0 0 0 0 0 0 0 0 0 0 0 0 0 0 0 0 0 0 0 0 0 0 0 0 0 0 0 0 0 0 0 0 0 0
 0 0 0 0 0 0 0 0 0 0 0 0 0 0 0 0 0 0 0 0 0 0 0 0 0 0 0 0 0 0 0 0 0 0 0 0
 0 0 0 0 0 0 0 0 0 0 0 0 0 0 0 0 0 0 0 0 0 0 0 0 0 0 0 0 0 0 0 0 0 0 0 0
 0 0 0 0 0 0 0 0 0 0 0 0 0 0 0 0 0 0 0 0 0 0 0 0 0 0 0 0 0 0 0 0 0 0 0 0
 0 0 0 0 0 0 0 0 0 0 0 0 0 0 0 0 0 0 0 0 0 0 0 0 0 0 0 0 0 0 0 0 0 0 0 0
 0 0 0 0 0 0 0 0 0 0 0 0 0 0 0 0 0 0 0 0 0 0 0 0 0 0 0 0 0 0 0 0 0 0 0 0
 0 0 0 0 0 0 0 0 0 0 0 0 0 0 0 0 0 0 0 0 0 0 0 0 0 0 0 0 0 0 0 0 0 0 0 0
 0 0 0 0 0 0 0 0 0 0 0 0 0 0 0 0 0 0 0 0 0 0 0 0 0 0 0 0 0 0 0 0 0 0 0 0
 0 0 0 0 0 0 0 0 0 0 0 0 0 0 0 0 0 0 0 0 0 0 0 0 0 0 0 0 0 0 0 0 0 0 0 0
 0 0 0 0 0 0 0 0 1.78061e-05 0.00172719 0.00360574 0.0105946 0.0120993 0.0124554 0.0147524 0.0171206 0.0266825 0.0428682 0.0675386 0.121331 0.153587 0.119568 0.100827 0.0573624 0.0630603 0.0341343 0.0324427 0.0444173 0.0211091 0.0280891 0.0125444 0.00206551 0 0 0 0
 0 0 0 0 0 0 0 0 0 0 0 0 0 0 0 0 0 0 0 0 0 0 0 0 0 0 0 0 0 0 0 0 0 0 0 0
 0 0 0 0 0 0 0.0133647 0.0140871 0.0187388 0.0205184 0.03894 0.0496705 0.03968 0.0493445 0.0407372 0.0367815 0.0215668 0.0243155 0.0234873 0.0199281 0.019796 0.0243948 0.0301388 0.0376714 0.0412746 0.0863199 0.0771752 0.113111 0.0741005 0.0525337 0.0229764 0.00759418 0.00175318 0 0 0
 0 0 0 0 0 0 0 0 0 0 0.00219441 0.00772107 0.0458388 0.0604681 0.0671733 0.0775358 0.0609151 0.0617685 0.073594 0.0568108 0.0755445 0.0548602 0.0670107 0.0636378 0.0643287 0.046367 0.0373049 0.0286899 0.0247887 0.0153202 0.00654259 0.00121912 0.000365735 0 0 0
 0 0 0 0 0 0 0 0 0 0 0 0 0.000112435 0.00938835 0.0111873 0.0202946 0.0414886 0.0713402 0.111592 0.104902 0.108894 0.110636 0.117776 0.105296 0.107544 0.0401394 0.0192827 0.0124803 0.00416011 0.0028671 0.000618394 0 0 0 0 0
 0 0 0 0 0 0 0 0 0 0 0.00291406 0.0102884 0.027416 0.0768956 0.0749926 0.110853 0.0956884 0.0897413 0.0766577 0.0534642 0.0500743 0.0551293 0.0594112 0.0620874 0.0668451 0.0424026 0.0208742 0.0120726 0.0048766 0.00582813 0.00118941 0.000297354 0 0 0 0
 0 0.00264628 0.0354308 0.0461629 0.0458689 0.0383711 0.0214643 0.0164657 0.0346957 0.0420465 0.0363128 0.0245516 0.0311673 0.0291091 0.0169068 0.0133784 0.00837989 0.0085269 0.0148486 0.0160247 0.0276389 0.0546898 0.0760071 0.122758 0.109233 0.0665981 0.0333725 0.0166128 0.00676272 0.00308733 0.000882094 0 0 0 0 0
 0 0 0 0 0 0 0 0.000805153 0.000690131 0.00759144 0.0133425 0.0154129 0.00931677 0.000345066 0.00356568 0.00563607 0.00851162 0.0253048 0.0502646 0.0516448 0.0657925 0.0565908 0.0611916 0.0827007 0.0866115 0.110766 0.145733 0.0935128 0.0569358 0.0249597 0.0138026 0.00621118 0.00161031 0.00115022 0 0
 0 0 0 0 0 0 0 0 0 0 0 0 0 0 0 0 0 0 0 0 0 0 0 0 0 0 0 0 0 0 0 0 0 0 0 0
 0.00147267 0.00158595 0.00478618 0.00569244 0.00954404 0.0108468 0.00647125 0.017049 0.0510054 0.094081 0.124002 0.0959785 0.0687766 0.0820023 0.061753 0.0591476 0.0492212 0.0479892 0.0443925 0.0268479 0.0217502 0.0140895 0.0121071 0.0120363 0.00920419 0.00665534 0.0049561 0.00860946 0.00930331 0.0156896 0.0114698 0.00855282 0.00243557 0.00046729 0 2.83206e-05
 0 0 0 0 0.000772559 0.00158375 0.000888443 0.00281984 0.00712685 0.0440552 0.0773331 0.111326 0.0921469 0.0852325 0.0710754 0.0886704 0.0786465 0.0553345 0.0373146 0.0185414 0.00753245 0.00457741 0.012979 0.0271748 0.0457355 0.0583668 0.034881 0.0177882 0.00938659 0.00492506 0.0015258 0.00185414 0.000309023 5.79419e-05 3.86279e-05 0
 0 0.00173294 0.00326652 0 0.00397197 0.00683976 0.00946217 0.0152591 0.00757587 0.0136028 0.0228656 0.0392903 0.0559909 0.0764795 0.0681675 0.0726916 0.0566044 0.0477403 0.0527397 0.0444891 0.0609904 0.0582453 0.0661739 0.0445044 0.0529084 0.0360697 0.0280645 0.0235558 0.0158879 0.00826598 0.00280645 0.00217768 0.000904811 0.00058276 9.20147e-05 0
 0 0 0 0 0 0 0 0 0 0 0 0 0 0 0 0 0 0 0 0 0 0 0 0 0 0 0 0 0 0 0 0 0 0 0 0
 0 0 0 0 0 0 0 0 0 0 0 0 0 0 0 0 0 0 0 0 0 0 0 0 0 0 0 0 0 0 0 0 0 0 0 0
 0 0 0 0 0 0 0 0 0 0 0 0 0 0 0 0 0 0 0 0 0 0 0 0 0 0 0 0 0 0 0 0 0 0 0 0
 0 0 0 0 0 0 0 0 0 0 0 0 0 0 0 0 0 0 0 0 0 0 0 0 0 0 0 0 0 0 0 0 0 0 0 0
 0 0 0 0 0 0 0 0 0 0 0 0 0 0 0 0 0 0 0 0 0 0 0 0 0 0 0 0 0 0 0 0 0 0 0 0
ppred_pel_tallas
 1.07049e-16 1.59957e-06 9.29904e-06 4.40184e-05 0.000169164 0.000527235 0.00133236 0.0027308 0.00454421 0.00615607 0.00683968 0.00636789 0.00528965 0.00456568 0.00498732 0.00693859 0.0105331 0.0157947 0.0226791 0.0309812 0.0402495 0.049778 0.0586922 0.0661057 0.0713 0.0738663 0.0737693 0.0713077 0.0670013 0.0614455 0.0551869 0.0486516 0.0421343 0.0358261 0.0298583 0.0243354
 1.18236e-16 3.56071e-06 2.08568e-05 9.90634e-05 0.000381266 0.00118879 0.00300282 0.00614512 0.0101902 0.0136975 0.0149384 0.0132551 0.00966146 0.00599475 0.00359537 0.00280273 0.00335592 0.00495174 0.00747921 0.0109809 0.0155425 0.0212095 0.0279382 0.0355684 0.0438114 0.0522537 0.0603788 0.0676091 0.0733668 0.0771469 0.0785909 0.0775459 0.0740951 0.0685488 0.0614 0.0532493
 1.26421e-16 1.85472e-06 1.08323e-05 5.13859e-05 0.000197663 0.000616212 0.0015567 0.00318713 0.00529061 0.00712826 0.00781799 0.0070414 0.0053586 0.00377304 0.00304928 0.00344777 0.00492016 0.00737823 0.0107906 0.0151412 0.0203629 0.026307 0.0327527 0.0394437 0.0461298 0.0525951 0.0586613 0.0641637 0.068918 0.0726959 0.0752278 0.0762393 0.0755112 0.0729415 0.0685921 0.0626989
 1.18049e-16 1.75984e-05 0.000103273 0.000490883 0.00188988 0.00589335 0.0148861 0.0304591 0.05049 0.067809 0.0737959 0.0651081 0.0466397 0.027289 0.0133829 0.00615414 0.0037238 0.00388913 0.00534083 0.00756186 0.0104023 0.0138062 0.0177078 0.0220088 0.02658 0.0312667 0.0358902 0.0402469 0.0441096 0.0472374 0.0493963 0.0503902 0.0500954 0.048488 0.0456559 0.0417937
 1.01489e-16 3.79891e-05 0.000222983 0.00106 0.0040811 0.0127266 0.0321463 0.0657746 0.109025 0.146407 0.159293 0.140442 0.100389 0.0582968 0.0277484 0.011295 0.00473718 0.00315229 0.00353594 0.00460245 0.00588939 0.00719043 0.00835202 0.00924081 0.00976124 0.00987563 0.00961118 0.00904894 0.00829982 0.00747556 0.00666467 0.00591986 0.00525819 0.00467065 0.00413586 0.00363242
 1.00845e-16 1.65136e-05 9.6856e-05 0.000460272 0.00177184 0.00552512 0.0139566 0.028561 0.0473579 0.0636456 0.0693781 0.0614795 0.0446265 0.0272892 0.0155679 0.0108106 0.0114282 0.0154413 0.0215415 0.0289266 0.036876 0.0445377 0.0509568 0.0552402 0.0567595 0.0553048 0.0511377 0.0449182 0.0375382 0.0299135 0.0228046 0.0167098 0.0118449 0.00819273 0.00558678 0.0037975
 1.00563e-16 3.91245e-05 0.00022965 0.0010917 0.00420317 0.0131072 0.0331077 0.0677417 0.112285 0.150783 0.164048 0.144621 0.103347 0.059957 0.0284304 0.0113855 0.00448841 0.00266376 0.00281914 0.00364243 0.00468047 0.00575256 0.0067351 0.00751958 0.00802225 0.0081996 0.00805547 0.00763569 0.00701324 0.00626933 0.0054769 0.00469094 0.00394653 0.00326237 0.00264675 0.00210278
 1.0033e-16 2.86641e-05 0.000168214 0.00079957 0.00307831 0.00959937 0.0242474 0.0496149 0.0822474 0.110472 0.120257 0.106174 0.0762176 0.0449142 0.022605 0.0113279 0.00802533 0.00905646 0.0121489 0.0162108 0.0206386 0.0249059 0.0284672 0.0308198 0.0316123 0.0307298 0.0283236 0.0247697 0.0205743 0.0162564 0.0122464 0.00882553 0.00611425 0.00410019 0.00268594 0.00173794
 1.00633e-16 3.20235e-05 0.000187946 0.000893398 0.00343961 0.0107261 0.0270933 0.0554369 0.0918946 0.123417 0.134316 0.118508 0.0849009 0.0496881 0.0243741 0.011177 0.00662438 0.00661293 0.00861147 0.0114705 0.0146566 0.0177832 0.0204707 0.0223679 0.0232211 0.0229326 0.0215819 0.0194 0.0167088 0.0138443 0.0110905 0.00864038 0.00658769 0.00494419 0.00366896 0.00269776
 1.00458e-16 3.35725e-05 0.000197042 0.000936646 0.00360613 0.0112454 0.028405 0.0581206 0.0963421 0.129387 0.140805 0.124213 0.0889459 0.0519692 0.0253321 0.0113443 0.00634903 0.0060322 0.00773688 0.0102687 0.0130959 0.0158563 0.0182041 0.0198232 0.0204887 0.0201189 0.0187946 0.0167344 0.0142387 0.0116183 0.00913377 0.00695906 0.0051744 0.00378265 0.00273719 0.00197005
 1.00769e-16 2.42112e-05 0.000142065 0.000675237 0.00259957 0.00810642 0.0204765 0.0418998 0.0694617 0.09331 0.101605 0.0897787 0.0646057 0.0383883 0.0199073 0.0109406 0.00896301 0.0109406 0.0149595 0.0200494 0.0255894 0.0309673 0.0355232 0.0386402 0.0398794 0.0390841 0.0364173 0.0323136 0.0273675 0.0221937 0.0173067 0.013049 0.00957692 0.00689309 0.00490145 0.00346325
 1.01372e-16 2.61709e-05 0.000153578 0.000729988 0.00281041 0.00876392 0.0221372 0.045297 0.0750904 0.100861 0.1098 0.0969554 0.0696301 0.0410932 0.0207965 0.0106148 0.00777313 0.00896523 0.0121322 0.0162876 0.0208819 0.0254246 0.029395 0.0323007 0.0337783 0.0336752 0.0320811 0.0292943 0.0257397 0.0218663 0.0180576 0.0145794 0.0115692 0.00905904 0.00701331 0.00536648
 1.0041e-16 3.71519e-05 0.000218064 0.0010366 0.00399102 0.0124457 0.0314367 0.0643231 0.10662 0.143182 0.155792 0.137378 0.0982471 0.057151 0.0273865 0.0114655 0.00529754 0.00407857 0.00486833 0.00638919 0.00814777 0.00988273 0.0113746 0.0124273 0.0129005 0.0127406 0.0119928 0.0107862 0.00930027 0.00772141 0.00620668 0.00486176 0.00373697 0.00283694 0.00213744 0.00160181
 1.00079e-16 3.92135e-05 0.00023017 0.00109416 0.00421265 0.0131368 0.0331824 0.0678948 0.11254 0.151127 0.164429 0.144972 0.103631 0.0601884 0.0286641 0.0116927 0.00493866 0.00331767 0.00372245 0.00481586 0.00610662 0.00736515 0.0084163 0.00910931 0.00933991 0.00907411 0.00835683 0.00729957 0.00605247 0.00476956 0.0035786 0.00256322 0.00175937 0.00116355 0.000746902 0.000469726
 1.00057e-16 3.90899e-05 0.000229444 0.00109071 0.00419936 0.0130954 0.0330777 0.0676806 0.112185 0.150651 0.163911 0.144518 0.103312 0.0600136 0.0286006 0.0117009 0.00499433 0.00341371 0.00386122 0.00500166 0.00634088 0.00764373 0.00872847 0.00943834 0.00966515 0.00937424 0.00861336 0.00749977 0.00619097 0.00484837 0.00360568 0.00255021 0.00171915 0.00110819 0.000686322 0.000411072
 1.00164e-16 3.2772e-05 0.00019234 0.000914283 0.00352002 0.0109768 0.0277267 0.056733 0.0940432 0.126303 0.137458 0.121283 0.0868961 0.0508689 0.0249769 0.0114908 0.00685607 0.00687029 0.00893547 0.0118629 0.0150903 0.0182035 0.0207972 0.0225026 0.0230623 0.0223927 0.0206056 0.0179779 0.0148819 0.0116996 0.00874793 0.00623419 0.00424747 0.00277883 0.00175631 0.00108087
 1.0049e-16 3.0148e-05 0.00017693 0.000841018 0.00323791 0.0100971 0.0255046 0.0521867 0.0865088 0.11619 0.126466 0.111619 0.0800465 0.04701 0.0233635 0.0112231 0.0073469 0.00788952 0.0104653 0.0139602 0.0178065 0.0215463 0.0247139 0.0268792 0.0277362 0.0271757 0.025311 0.0224448 0.0189911 0.0153787 0.0119663 0.00899345 0.00656987 0.00469813 0.00331181 0.00231436
 1.00572e-16 3.20689e-05 0.000188213 0.000894664 0.00344448 0.0107413 0.0271317 0.0555156 0.092025 0.123592 0.134507 0.118679 0.0850281 0.0497714 0.0244313 0.0112303 0.00669195 0.00670725 0.00873995 0.0116354 0.0148541 0.0180018 0.0206912 0.0225651 0.0233676 0.0230032 0.0215589 0.0192766 0.0164906 0.0135483 0.010742 0.00826818 0.00621957 0.00460315 0.00337102 0.00245127
 1.0092e-16 2.44156e-05 0.000143266 0.00068095 0.00262158 0.00817504 0.0206498 0.0422543 0.070049 0.0940974 0.102459 0.0905237 0.0651219 0.0386552 0.0199728 0.0108612 0.00876769 0.0106294 0.0145185 0.0194662 0.0248648 0.0301226 0.0346022 0.0377067 0.0390087 0.0383509 0.035883 0.0320156 0.0273136 0.0223634 0.017657 0.0135238 0.0101173 0.00744585 0.00542462 0.00392863
 1.01358e-16 2.77974e-05 0.00016313 0.000775409 0.0029853 0.00930933 0.0235148 0.0481155 0.0797609 0.107129 0.116611 0.102938 0.0738578 0.0434501 0.0217341 0.0106766 0.00730566 0.00809257 0.0108493 0.0145512 0.0186649 0.0227446 0.0263262 0.0289705 0.0303526 0.0303333 0.0289874 0.0265747 0.023467 0.0200585 0.0166868 0.0135867 0.0108816 0.00860294 0.00672376 0.00519133
 1.01066e-16 2.945e-05 0.000172834 0.000821545 0.00316294 0.0098633 0.024914 0.0509784 0.0845057 0.113499 0.123536 0.109032 0.0781879 0.0459119 0.0228063 0.0109384 0.00714239 0.00766521 0.0101826 0.0136153 0.0174213 0.0211664 0.0244075 0.0267311 0.0278366 0.0276052 0.0261253 0.0236624 0.020588 0.0172903 0.0140973 0.0112312 0.00880043 0.00681981 0.00524508 0.00400685
 1.01386e-16 2.36875e-05 0.000138992 0.000660635 0.00254336 0.00793112 0.0200337 0.0409936 0.0679592 0.0912908 0.0994043 0.0878285 0.0631909 0.0375249 0.0194187 0.0106096 0.00862567 0.0105012 0.0143713 0.0193008 0.024703 0.0300035 0.0345803 0.0378465 0.0393759 0.039001 0.0368497 0.0333027 0.0288911 0.0241705 0.0196098 0.0155272 0.0120776 0.00928156 0.00707435 0.00535454
 1.01468e-16 2.88963e-05 0.000169584 0.000806096 0.00310347 0.00967783 0.0244455 0.0500197 0.0829163 0.111364 0.121211 0.106976 0.0767066 0.0450281 0.022342 0.0106758 0.00692308 0.00740413 0.00984471 0.013197 0.016944 0.0206773 0.0239782 0.0264508 0.0277997 0.0278947 0.0267963 0.0247295 0.0220205 0.0190157 0.0160132 0.0132213 0.0107515 0.00863597 0.00685697 0.00537505
 1.00934e-16 3.0444e-05 0.000178671 0.000849295 0.00326979 0.0101965 0.0257557 0.0527003 0.0873594 0.11733 0.1277 0.112693 0.0807831 0.0473752 0.0234204 0.0110447 0.00696419 0.00729055 0.00961895 0.0128417 0.0164179 0.0199293 0.0229548 0.0251032 0.0260921 0.0258123 0.0243524 0.021969 0.0190192 0.0158747 0.0128485 0.0101514 0.00788414 0.00605679 0.00462254 0.00351037
 1.02153e-16 9.31605e-06 5.45925e-05 0.000259329 0.000998128 0.00311231 0.00786214 0.016092 0.026693 0.0359048 0.0392213 0.0349524 0.0257974 0.0166241 0.010999 0.00983723 0.0123995 0.0176835 0.0249689 0.0336757 0.0430995 0.0523084 0.0602249 0.0658239 0.0683625 0.0675547 0.063635 0.0572824 0.0494405 0.0410933 0.0330703 0.0259319 0.0199473 0.0151456 0.0114035 0.00853151
 1.03919e-16 2.64347e-05 0.00015514 0.000737447 0.00283918 0.00885368 0.0223637 0.0457594 0.0758525 0.101871 0.110866 0.0978151 0.0700705 0.0409987 0.0200987 0.00920882 0.0054784 0.00554908 0.0073762 0.0100724 0.0132709 0.0167268 0.0201837 0.0233707 0.0260408 0.0280094 0.0291764 0.0295251 0.029104 0.0280005 0.0263198 0.0241732 0.0216767 0.0189529 0.0161317 0.0133445
 1.03789e-16 3.63184e-06 2.1212e-05 0.000100614 0.000387001 0.00120651 0.00304839 0.00624343 0.010372 0.0139983 0.0154147 0.0140294 0.0109861 0.00831504 0.00759205 0.00940149 0.013683 0.0202061 0.0287015 0.0387334 0.0495618 0.0601318 0.0692108 0.0756289 0.0785456 0.0776498 0.0732303 0.0660827 0.0572984 0.0480022 0.0391274 0.0312855 0.0247469 0.0195058 0.0153888 0.0121595
pSPR Fmed_Fpbrs
0.50316   0.6 0.325
Fs Fmed_Fpbrs
0.64   0.424055 1.46764
SSBpbr Bo_Bmed_Bpbrs
559894  253721  307942 153971
Ro
16983.5
SPR SPRFo_SPRFmed_SPRFpbrs
350782 176499 114004
log_Ro
9.56
likeval ReclasPelacesDesembMPH_pf_preclas_ppelaces_ptallas_desvR_qrecl_qpela
 74.7908 12.4329 0.294675 0.000511796 405.986 225.181 58.9664 0 48.9444 0.000197251 0.000482428 9.12449e-15 0 0 0
q_reclas_q_pelaces
7.31684 22.7565
M
0.7
N
 7606.38 44709.3 18016.1 2370.38 0.111907
 10561.6 3728.37 19267.2 7524.45 989.343
 1250.47 5129.18 1452.52 7114.32 3139.88
 3778.71 560.166 829.164 183.234 1286.34
 39233.7 1713.9 103.679 123.394 217.614
 12088.4 18955.5 631.203 35.7429 117.385
 64846.8 5262.88 2245.8 54.4843 13.1228
 55676.2 27954.9 560.023 170.024 5.07928
 61094.2 24268.4 3355.41 49.1142 15.2488
 114676 25825.6 2085.62 195.7 3.72125
 63695.9 51021.5 3876.04 240.29 22.8399
 48698 27430.4 5368.45 289.441 19.4982
 57952 21058.9 3019.72 423.643 24.1979
 28949.7 22644.9 768.589 61.899 9.0618
 12138.7 9920.91 197.912 2.75089 0.248932
 9048.2 4159.87 86.7069 0.708356 0.0105236
 6867.93 3775.85 310.677 4.26051 0.0349932
 8792.8 2884.4 302.33 16.6201 0.227725
 7616.58 3813.43 327.768 24.8001 1.37196
 8297.96 3454.96 706.556 48.8403 3.88083
 15392.5 3643.11 448.555 68.1974 5.05491
 16747.4 7144.38 866.807 90.7089 14.7594
 27306.5 7754.69 1656.17 169.804 20.5828
 47355.4 12341.9 1381.48 235.233 26.9041
 12284.4 21494 2301.98 207.531 39.1882
 31128 5748.27 5587.29 518.638 55.4073
 1283 14150.6 1090.47 856.884 87.6176
pred_Ctot
 70.7978 4285.08 2080.12 274.711 0.0129701
 167.575 585.864 3614.24 1416.49 186.258
 88.5752 2648.24 840.123 4123.77 1820.09
 236.653 267.065 446.436 98.8873 694.238
 764.999 323.972 23.2813 27.8038 49.0369
 1079.95 11226.1 411.923 23.3684 76.7477
 6201.08 3233.51 1512.78 36.7639 8.85505
 4931.32 16477.1 363.965 110.704 3.30726
 6596.65 15855.5 2381.39 34.9106 10.8392
 8634.86 13848.2 1247.58 117.308 2.2307
 6132.78 31460.6 2618.97 162.637 15.4594
 4560.26 16666.5 3581.74 193.449 13.0322
 9005.68 16000 2425.21 340.577 19.4536
 6590.69 19131.9 670.663 54.0435 7.91186
 2763.5 8381.85 172.696 2.40178 0.217342
 1049.35 2810.67 63.2929 0.51781 0.00769298
 769.331 2510.51 223.76 3.07309 0.0252412
 807.064 1733.72 199.842 11.0056 0.150801
 476.523 1816.86 176.367 13.3759 0.739995
 696.505 1975.57 447.233 30.9741 2.46128
 725.939 1422.74 201.13 30.6618 2.27282
 816.937 2860.15 397.707 41.7296 6.79023
 1773.65 3787.2 911.301 93.6482 11.352
 2943.53 5854.71 740.444 126.377 14.4546
 511.482 7642.12 945.711 85.5006 16.146
 1902.68 2696.38 2964.34 275.817 29.4675
 129.959 8957.09 753.473 593.042 60.6411
F
 0.013017 0.141776 0.173107 0.17381 0.173823
 0.0222803 0.242668 0.296295 0.297498 0.29752
 0.103041 1.12228 1.3703 1.37586 1.37596
 0.0906138 0.986932 1.20503 1.20992 1.21001
 0.0274429 0.298897 0.36495 0.366432 0.366459
 0.131572 1.43303 1.74972 1.75682 1.75695
 0.141435 1.54046 1.88088 1.88852 1.88866
 0.130377 1.42002 1.73383 1.74087 1.741
 0.161051 1.75411 2.14175 2.15044 2.1506
 0.10986 1.19655 1.46098 1.46691 1.46702
 0.142468 1.55171 1.89462 1.90231 1.90245
 0.138316 1.50649 1.8394 1.84687 1.84701
 0.239682 2.61052 3.18742 3.20036 3.20059
 0.370915 4.03987 4.93263 4.95266 4.95303
 0.370915 4.03987 4.93263 4.95266 4.95303
 0.17394 1.89449 2.31315 2.32254 2.32271
 0.167547 1.82486 2.22814 2.23718 2.23735
 0.135404 1.47476 1.80067 1.80798 1.80812
 0.0905174 0.985882 1.20375 1.20864 1.20873
 0.123171 1.34153 1.638 1.64465 1.64477
 0.0675545 0.735778 0.898376 0.902024 0.902091
 0.0699452 0.761816 0.930169 0.933946 0.934015
 0.0941222 1.02514 1.25169 1.25677 1.25686
 0.0899068 0.979231 1.19563 1.20048 1.20057
 0.059429 0.647279 0.79032 0.793529 0.793587
 0.0883516 0.962292 1.17495 1.17972 1.17981
 0.150394 1.63804 2.00003 2.00815 2.0083
Np
 11596.1 5578.45 192.614 444.595 31.5538
YTP_r0W_actual
 236.927 65562.4 8690.11 8749.93 992.923
YTP_p0W_proyectada
 2141.4 2539.72 10884 748.322 690.455
 2141.4 25846 1534.97 4539.9 357.583
CTP_r0_actual
 28.8936 3035.29 276.755 218.203 22.3129
CTP_p0_proyectada
 261.147 117.58 346.624 18.6614 15.5158
 261.147 1196.57 48.8844 113.215 8.03556
Wmedp
 8.2 21.6 31.4 40.1 44.5
nmprior
 10.8 10.6 4.6 0
nm_flota  nm_reclas  nm_pelaces    nm_pelaL
inf 18.4414 15.6125 46.8662
cv_recla  cv_pelaces  cv_mph
0.748953 0.386258 0.604623
 ------------------------------------------------
Talla a la edad & desviaci?n 
 7.2 14.2025 17.0495 18.207 18.6776
 1.08 2.13037 2.55742 2.73105 2.80164
