years
 1997 1998 1999 2000 2001 2002 2003 2004 2005 2006 2007 2008 2009 2010 2011 2012 2013 2014 2015 2016 2017 2018 2019 2020 2021 2022 2023
reclasobs
 0 0 0 370054 412103 1.49427e+06 250295 1.28982e+06 931140 785840 897777 1.04006e+06 184774 17550 25797 100020 73551 82996 120727 218422 84188 347160 605670 569463 516374 1.08416e+06 1.01767e+06
reclaspred
 667744 159103 385431 220691 336967 425166 919907 659927 751202 823938 734130 498056 296331 117717 69215.6 68746.8 80731 108745 121557 158680 241976 235189 396806 528769 711427 671409 558315
pelacesobs
 0 0 0 0 0 0 0 0 0 2.06254e+06 1.5e+06 0 1.87456e+06 323000 250000 174000 83755 137374 0 501740 490994 745055 786931 1.00524e+06 1.33801e+06 1.41789e+06 0
pelacespred
 2.41185e+06 546880 682115 671804 950007 828341 2.48584e+06 1.95919e+06 2.11767e+06 2.33281e+06 1.68596e+06 1.1736e+06 744840 235977 152658 151823 184492 258485 276628 367640 659851 579135 797679 1.24461e+06 1.54867e+06 1.56476e+06 1.23908e+06
mphobs
 0 0 0 0 0 112323 0 153150 637223 0 255016 313432 73983 77613 109348 50772 17779 17303 59886 28197 0 207744 136588 643089 65757 70829 0
mphpred
 203127 106971 109940 91769.5 94842.8 161418 221630 294384 260497 288764 320300 215930 130341 70010.5 30717.3 25300.2 27383.2 34512 43725.7 49388.3 73289.1 91551.6 112183 159982 245406 246911 204861
desembarqueobs
 350755 77701 442110 56441 14545 235359 269955 359681 431902 328805 639364 411747 362871 311530 167758 66681 60226 58785 57116 73181 50977 67692 138656 160484 209506 203330 245020
desembarquepred
 350752 77693.2 442016 56442.8 14545.2 235434 270010 359595 431870 328764 639100 411673 362821 311527 167523 66667.3 60247.1 58767.2 57092.7 73169.6 50977.1 67673.9 138649 160479 209468 203292 244985
Reclutas
 34908.1 44077.5 17663.9 24429.7 49485.9 34100.1 71788 69881.1 92355.2 116917 63205.1 44534.2 51460.3 27272 14729.4 12297.5 8897.32 10739 11313 17137 23182.3 28337.6 46900.5 67717.3 28852.8 40964.2 44914.9
log_desv_Rt
 0.0604752 0.293705 -0.620724 -0.296445 0.409443 0.0370551 0.781473 0.754551 1.0334 1.26922 0.65414 0.304013 0.448565 -0.186383 -0.802398 -0.982847 -1.30649 -1.11836 -1.06629 -0.651004 -0.348857 -0.148057 0.355784 0.723097 -0.130037 0.220454 0.312524
SSB
 504486 265674 273048 227919 235552 400897 550440 731133 646970 717175 795498 536286 323715 173878 76289.6 62835.5 68009.1 85714 108597 122661 182021 227378 278618 397332 609490 613228 508793
BT
 1.56582e+06 397028 589337 392542 493901 579294 1.49798e+06 1.38428e+06 1.49674e+06 1.50591e+06 1.40432e+06 959449 738731 409498 217229 132591 142515 179609 183832 244646 376766 341406 490098 752605 900399 929207 808884
Ftot
 0.642823 0.635165 1.16184 0.31171 0.059875 0.572006 0.393232 0.674561 0.759372 0.523454 0.93082 0.908037 1.52621 2.73364 2.87842 1.1629 0.9025 0.679498 0.532034 0.574279 0.261464 0.326241 0.401569 0.377265 0.305191 0.33761 0.490434
BD_Bspro_t
 0.921722 0.656164 0.55979 0.343885 0.476078 0.662878 0.596512 0.629031 0.561771 0.53965 0.532625 0.365768 0.26055 0.176238 0.0959327 0.0966382 0.14048 0.227699 0.324758 0.410588 0.537531 0.655206 0.663316 0.674421 0.702463 0.639811 0.59384
BD_Bspro
 0.743323 0.391451 0.402316 0.335822 0.347068 0.590693 0.811033 1.07727 0.953263 1.05671 1.17211 0.790177 0.47697 0.256197 0.112407 0.0925835 0.100206 0.126293 0.16001 0.180732 0.268194 0.335025 0.410523 0.58544 0.898039 0.903546 0.749668
BD_Bo
 0.571397 0.30091 0.309263 0.258148 0.266793 0.454069 0.623446 0.828104 0.732779 0.812295 0.901006 0.607414 0.366649 0.19694 0.086408 0.0711695 0.0770292 0.0970823 0.123001 0.138929 0.206163 0.257535 0.315572 0.450031 0.690328 0.694561 0.576274
BD_Brms
 1.0389 0.54711 0.562296 0.46936 0.485079 0.825579 1.13354 1.50564 1.33232 1.4769 1.63819 1.10439 0.666635 0.358073 0.157105 0.129399 0.140053 0.176513 0.223638 0.252599 0.374841 0.468246 0.573766 0.818238 1.25514 1.26284 1.04777
S_f
 0.13834 1 1 1 1
 0.13834 1 1 1 1
 0.13834 1 1 1 1
 0.13834 1 1 1 1
 0.13834 1 1 1 1
 0.13834 1 1 1 1
 0.13834 1 1 1 1
 0.13834 1 1 1 1
 0.13834 1 1 1 1
 0.13834 1 1 1 1
 0.13834 1 1 1 1
 0.13834 1 1 1 1
 0.13834 1 1 1 1
 0.13834 1 1 1 1
 0.13834 1 1 1 1
 0.13834 1 1 1 1
 0.13834 1 1 1 1
 0.13834 1 1 1 1
 0.13834 1 1 1 1
 0.13834 1 1 1 1
 0.13834 1 1 1 1
 0.13834 1 1 1 1
 0.13834 1 1 1 1
 0.13834 1 1 1 1
 0.13834 1 1 1 1
 0.13834 1 1 1 1
 0.13834 1 1 1 1
Scru_reclas
 0.46882 0.816238 0.957181 0.991189 0.998237
 0.46882 0.816238 0.957181 0.991189 0.998237
 0.46882 0.816238 0.957181 0.991189 0.998237
 0.46882 0.816238 0.957181 0.991189 0.998237
 0.46882 0.816238 0.957181 0.991189 0.998237
 0.46882 0.816238 0.957181 0.991189 0.998237
 0.46882 0.816238 0.957181 0.991189 0.998237
 0.46882 0.816238 0.957181 0.991189 0.998237
 0.46882 0.816238 0.957181 0.991189 0.998237
 0.46882 0.816238 0.957181 0.991189 0.998237
 0.46882 0.816238 0.957181 0.991189 0.998237
 0.46882 0.816238 0.957181 0.991189 0.998237
 0.46882 0.816238 0.957181 0.991189 0.998237
 0.46882 0.816238 0.957181 0.991189 0.998237
 0.46882 0.816238 0.957181 0.991189 0.998237
 0.46882 0.816238 0.957181 0.991189 0.998237
 0.46882 0.816238 0.957181 0.991189 0.998237
 0.46882 0.816238 0.957181 0.991189 0.998237
 0.46882 0.816238 0.957181 0.991189 0.998237
 0.46882 0.816238 0.957181 0.991189 0.998237
 0.46882 0.816238 0.957181 0.991189 0.998237
 0.46882 0.816238 0.957181 0.991189 0.998237
 0.46882 0.816238 0.957181 0.991189 0.998237
 0.46882 0.816238 0.957181 0.991189 0.998237
 0.46882 0.816238 0.957181 0.991189 0.998237
 0.46882 0.816238 0.957181 0.991189 0.998237
 0.46882 0.816238 0.957181 0.991189 0.998237
Scru_pelaces
 0.79602 1 1 1 1
 0.79602 1 1 1 1
 0.79602 1 1 1 1
 0.79602 1 1 1 1
 0.79602 1 1 1 1
 0.79602 1 1 1 1
 0.79602 1 1 1 1
 0.79602 1 1 1 1
 0.79602 1 1 1 1
 0.79602 1 1 1 1
 0.79602 1 1 1 1
 0.79602 1 1 1 1
 0.79602 1 1 1 1
 0.79602 1 1 1 1
 0.79602 1 1 1 1
 0.79602 1 1 1 1
 0.79602 1 1 1 1
 0.79602 1 1 1 1
 0.79602 1 1 1 1
 0.79602 1 1 1 1
 0.79602 1 1 1 1
 0.79602 1 1 1 1
 0.79602 1 1 1 1
 0.79602 1 1 1 1
 0.79602 1 1 1 1
 0.79602 1 1 1 1
 0.79602 1 1 1 1
pf_obs 
 0.256992 0.487395 0.22802 0.0275931 0
 0.321318 0.546541 0.124235 0.00734118 0.000564706
 0.182869 0.594174 0.210203 0.0122559 0.00049798
 0.330522 0.361315 0.267642 0.0388342 0.00168674
 0.649043 0.306663 0.0425973 0.00169635 0
 0.582887 0.30429 0.105238 0.00758474 0
 0.465427 0.430635 0.0974691 0.00646863 0
 0.296916 0.608066 0.0921331 0.00288517 0
 0.311714 0.524322 0.152257 0.0117073 0
 0.15457 0.633149 0.183074 0.0267441 0.00246327
 0.131901 0.49318 0.331252 0.0422183 0.00144891
 0.196976 0.569456 0.194076 0.0375587 0.00193317
 0.518974 0.381816 0.0799577 0.0180837 0.00116848
 0.0928022 0.601141 0.25162 0.0475244 0.00691264
 0.122501 0.610282 0.24278 0.0234846 0.000952079
 0.383417 0.481906 0.127806 0.00687128 0
 0.0376549 0.599619 0.316969 0.0457579 0
 0.0361596 0.667082 0.258105 0.0386534 0
 0.158088 0.579412 0.248529 0.0139706 0
 0.0477256 0.309471 0.559284 0.082774 0.000745712
 0.0406174 0.521527 0.379366 0.0568643 0.0016247
 0.151134 0.462217 0.34131 0.0453401 0
 0.294876 0.26143 0.354403 0.0886775 0.000613685
 0.281977 0.475581 0.204845 0.0348837 0.00271318
 0.0841818 0.532909 0.334909 0.0458182 0.00218182
 0.115287 0.27431 0.454777 0.147771 0.00785563
 0 0 0 0 0
pf_pred 
 0.26371 0.514886 0.1975 0.0238938 9.37671e-06
 0.273725 0.567834 0.110798 0.0424998 0.00514369
 0.124565 0.691365 0.143914 0.0280809 0.0120749
 0.24934 0.491243 0.204872 0.0426459 0.0118994
 0.307517 0.510246 0.119259 0.0497367 0.0132419
 0.154274 0.64924 0.144778 0.0338387 0.0178697
 0.31842 0.434483 0.189689 0.0422999 0.0151077
 0.226285 0.622145 0.0966205 0.0421832 0.0127663
 0.28318 0.536548 0.144957 0.0225121 0.012803
 0.276527 0.584538 0.103994 0.0280957 0.00684481
 0.148641 0.665953 0.1498 0.0266508 0.00895425
 0.170216 0.556978 0.213395 0.0480013 0.0114091
 0.295936 0.495074 0.140281 0.0537457 0.0149631
 0.256988 0.649089 0.0660441 0.0187138 0.00916593
 0.311923 0.635712 0.0457454 0.00465455 0.00196486
 0.326351 0.63727 0.0336097 0.00241853 0.000349965
 0.218794 0.676362 0.0991819 0.00523086 0.000430877
 0.270049 0.557159 0.149602 0.0219376 0.0012523
 0.235879 0.60409 0.122149 0.032798 0.00508405
 0.293519 0.525976 0.142701 0.0288546 0.00894867
 0.264597 0.588603 0.109293 0.0296519 0.00785516
 0.229296 0.575941 0.155885 0.028945 0.00993333
 0.285788 0.511677 0.151353 0.0409654 0.0102169
 0.275589 0.564522 0.114548 0.0338829 0.011458
 0.0970873 0.69368 0.163052 0.033085 0.0130959
 0.181466 0.388496 0.330384 0.0776581 0.021995
 0.200056 0.523474 0.131219 0.111591 0.033659
pobs_RECLAS
 0 0 0 0 0
 0 0 0 0 0
 0 0 0 0 0
 0 0 0 0 0
 0.835266 0.146461 0.0176864 0.000547809 3.91292e-05
 0.385257 0.428462 0.181853 0.0044286 0
 0.867414 0.0963971 0.0333333 0.00285562 0
 0.441836 0.489002 0.0689373 0.000224442 0
 0.779404 0.147425 0.0564933 0.0165055 0.000172143
 0.814271 0.122319 0.05973 0.00367925 0
 0.40263 0.566651 0.0304383 0.000280538 0
 0.475488 0.404961 0.113038 0.00651328 0
 0.955842 0.0263864 0.0167828 0.000988607 0
 0.975058 0.0227948 0.00214734 0 0
 0.738997 0.206755 0.0527124 0.00153531 0
 0.850938 0.134255 0.0134407 0.00136685 0
 0.542534 0.407297 0.0501686 0 0
 0.764087 0.199537 0.0359546 0.000420521 0
 0.470689 0.182191 0.310203 0.0369168 0
 0.84361 0.089868 0.0606195 0.00523954 0.000663233
 0.607945 0.314616 0.071237 0.00620181 0
 0.523733 0.453247 0.0230204 0 0
 0.530135 0.295979 0.169645 0.0042399 0
 0.562478 0.366248 0.0663022 0.0049721 0
 0.250443 0.683176 0.0655157 0.000865301 0
 0.195077 0.31981 0.436473 0.0351445 0.0134964
 0.565238 0.351407 0.0832357 0.000118908 0
ppred_RECLAS
 0.597031 0.267542 0.120344 0.0150767 5.95865e-06
 0.611959 0.291589 0.0667201 0.0265018 0.00323029
 0.388372 0.465193 0.113555 0.0229444 0.00993634
 0.569512 0.265062 0.129632 0.0279427 0.0078522
 0.638004 0.254176 0.0696663 0.0300865 0.0080672
 0.430821 0.41899 0.109567 0.0265187 0.0141036
 0.651134 0.208562 0.106778 0.0246571 0.00886905
 0.55214 0.3473 0.0632499 0.0285951 0.00871557
 0.624935 0.268489 0.0850615 0.0136796 0.00783511
 0.613968 0.301278 0.0628552 0.0175846 0.00431452
 0.43035 0.428688 0.11308 0.0208328 0.00704925
 0.464704 0.339012 0.152313 0.0354788 0.00849267
 0.66084 0.225945 0.0750771 0.0297863 0.00835163
 0.677229 0.275496 0.0328718 0.00964527 0.00475779
 0.741763 0.235391 0.0198634 0.0020929 0.000889772
 0.689826 0.290662 0.0179766 0.00133954 0.000195212
 0.550884 0.37992 0.0653315 0.00356801 0.000295994
 0.608206 0.286938 0.0903487 0.0137195 0.000788737
 0.56174 0.333698 0.079126 0.0220008 0.00343462
 0.632131 0.261721 0.0832677 0.0174352 0.00544562
 0.594128 0.313357 0.0682315 0.0191694 0.00511432
 0.546592 0.323974 0.102829 0.0197718 0.00683352
 0.618513 0.259777 0.09011 0.0252559 0.0063437
 0.608615 0.293028 0.0697256 0.0213575 0.00727371
 0.303865 0.513129 0.14144 0.0297193 0.0118473
 0.461765 0.233079 0.232441 0.0565774 0.0161382
 0.501527 0.305538 0.0898144 0.0790935 0.0240264
pobs_PELACES
 0 0 0 0 0
 0 0 0 0 0
 0 0 0 0 0
 0 0 0 0 0
 0 0 0 0 0
 0 0 0 0 0
 0 0 0 0 0
 0 0 0 0 0
 0 0 0 0 0
 0 0 0 0 0
 0.450072 0.473896 0.0757376 0.000293798 0
 0 0 0 0 0
 0.463077 0.371075 0.160297 0.00555027 0
 0.529543 0.364841 0.0842815 0.0213345 0
 0.631943 0.363953 0.00410389 0 0
 0.735681 0.248677 0.0153453 0.000297389 0
 0.695825 0.281241 0.0229344 0 0
 0.275771 0.60734 0.115278 0.00161068 0
 0 0 0 0 0
 0.896147 0.0623911 0.0374545 0.00400742 0
 0.803859 0.145111 0.0509908 3.86294e-05 0
 0.739449 0.233085 0.0266225 0.000797448 4.60066e-05
 0.878498 0.100942 0.0204185 0.000141795 0
 0.694673 0.275183 0.0284847 0.00165964 0
 0.469039 0.446079 0.0841089 0.000773354 0
 0.822795 0.102175 0.0682046 0.00682512 0
 0 0 0 0 0
ppred_PELACES
 0.72195 0.19444 0.0745833 0.00902319 3.54099e-06
 0.731488 0.209935 0.0409631 0.0157126 0.00190168
 0.559758 0.347676 0.0723718 0.0141214 0.00607227
 0.680439 0.209125 0.0872153 0.0181546 0.00506563
 0.722783 0.204263 0.0477421 0.0199107 0.00530105
 0.562781 0.33564 0.0748464 0.0174937 0.00923815
 0.755173 0.156069 0.0681374 0.0151944 0.00542677
 0.682167 0.25557 0.0396906 0.0173284 0.00524426
 0.749782 0.187291 0.0505995 0.00785822 0.00446909
 0.72589 0.22147 0.0394015 0.0106449 0.00259337
 0.586445 0.323493 0.0727668 0.0129458 0.0043496
 0.62276 0.253216 0.0970145 0.0218225 0.00518685
 0.814783 0.130239 0.0369035 0.0141388 0.00393634
 0.866221 0.116868 0.0118912 0.00336941 0.00165032
 0.901451 0.0910488 0.00655181 0.00066664 0.000281414
 0.812416 0.177454 0.00935895 0.000673464 9.74511e-05
 0.692202 0.266489 0.039078 0.00206098 0.000169767
 0.731195 0.205175 0.0550911 0.00807856 0.00046116
 0.6821 0.251322 0.0508181 0.0136451 0.00211514
 0.745818 0.189239 0.0513419 0.0103815 0.00321961
 0.693767 0.245103 0.0455112 0.0123475 0.00327101
 0.657204 0.256168 0.0693349 0.0128742 0.00441817
 0.726025 0.196281 0.0580596 0.0157145 0.00391926
 0.714057 0.222831 0.0452149 0.0133745 0.00452278
 0.407473 0.45522 0.107001 0.0217117 0.00859407
 0.589235 0.194959 0.165797 0.0389712 0.0110378
 0.631193 0.241343 0.0604975 0.0514482 0.0155182
pobs_pel_tallas
 0 0 0 0 0 0 0 0 0 0 0 0 0 0 0 0 0 0 0 0 0 0 0 0 0 0 0 0 0 0 0 0 0 0 0 0
 0 0 0 0 0 0 0 0 0 0 0 0 0 0 0 0 0 0 0 0 0 0 0 0 0 0 0 0 0 0 0 0 0 0 0 0
 0 0 0 0 0 0 0 0 0 0 0 0 0 0 0 0 0 0 0 0 0 0 0 0 0 0 0 0 0 0 0 0 0 0 0 0
 0 0 0 0 0 0 0 0 0 0 0 0 0 0 0 0 0 0 0 0 0 0 0 0 0 0 0 0 0 0 0 0 0 0 0 0
 0 0 0 0 0 0 0 0 0 0 0 0 0 0 0 0 0 0 0 0 0 0 0 0 0 0 0 0 0 0 0 0 0 0 0 0
 0 0 0 0 0 0 0 0 0 0 0 0 0 0 0 0 0 0 0 0 0 0 0 0 0 0 0 0 0 0 0 0 0 0 0 0
 0 0 0 0 0 0 0 0 0 0 0 0 0 0 0 0 0 0 0 0 0 0 0 0 0 0 0 0 0 0 0 0 0 0 0 0
 0 0 0 0 0 0 0 0 0 0 0 0 0 0 0 0 0 0 0 0 0 0 0 0 0 0 0 0 0 0 0 0 0 0 0 0
 0 0 0 0 0 0 0 0 0 0 0 0 0 0 0 0 0 0 0 0 0 0 0 0 0 0 0 0 0 0 0 0 0 0 0 0
 0 0 0 0 0 0 0 0 0 0 0 0 0 0 0 0 0 0 0 0 0 0 0 0 0 0 0 0 0 0 0 0 0 0 0 0
 0 0 0 0 0 0 0 0 1.78061e-05 0.00172719 0.00360574 0.0105946 0.0120993 0.0124554 0.0147524 0.0171206 0.0266825 0.0428682 0.0675386 0.121331 0.153587 0.119568 0.100827 0.0573624 0.0630603 0.0341343 0.0324427 0.0444173 0.0211091 0.0280891 0.0125444 0.00206551 0 0 0 0
 0 0 0 0 0 0 0 0 0 0 0 0 0 0 0 0 0 0 0 0 0 0 0 0 0 0 0 0 0 0 0 0 0 0 0 0
 0 0 0 0 0 0 0.0133647 0.0140871 0.0187388 0.0205184 0.03894 0.0496705 0.03968 0.0493445 0.0407372 0.0367815 0.0215668 0.0243155 0.0234873 0.0199281 0.019796 0.0243948 0.0301388 0.0376714 0.0412746 0.0863199 0.0771752 0.113111 0.0741005 0.0525337 0.0229764 0.00759418 0.00175318 0 0 0
 0 0 0 0 0 0 0 0 0 0 0.00219441 0.00772107 0.0458388 0.0604681 0.0671733 0.0775358 0.0609151 0.0617685 0.073594 0.0568108 0.0755445 0.0548602 0.0670107 0.0636378 0.0643287 0.046367 0.0373049 0.0286899 0.0247887 0.0153202 0.00654259 0.00121912 0.000365735 0 0 0
 0 0 0 0 0 0 0 0 0 0 0 0 0.000112435 0.00938835 0.0111873 0.0202946 0.0414886 0.0713402 0.111592 0.104902 0.108894 0.110636 0.117776 0.105296 0.107544 0.0401394 0.0192827 0.0124803 0.00416011 0.0028671 0.000618394 0 0 0 0 0
 0 0 0 0 0 0 0 0 0 0 0.00291406 0.0102884 0.027416 0.0768956 0.0749926 0.110853 0.0956884 0.0897413 0.0766577 0.0534642 0.0500743 0.0551293 0.0594112 0.0620874 0.0668451 0.0424026 0.0208742 0.0120726 0.0048766 0.00582813 0.00118941 0.000297354 0 0 0 0
 0 0.00264628 0.0354308 0.0461629 0.0458689 0.0383711 0.0214643 0.0164657 0.0346957 0.0420465 0.0363128 0.0245516 0.0311673 0.0291091 0.0169068 0.0133784 0.00837989 0.0085269 0.0148486 0.0160247 0.0276389 0.0546898 0.0760071 0.122758 0.109233 0.0665981 0.0333725 0.0166128 0.00676272 0.00308733 0.000882094 0 0 0 0 0
 0 0 0 0 0 0 0 0.000805153 0.000690131 0.00759144 0.0133425 0.0154129 0.00931677 0.000345066 0.00356568 0.00563607 0.00851162 0.0253048 0.0502646 0.0516448 0.0657925 0.0565908 0.0611916 0.0827007 0.0866115 0.110766 0.145733 0.0935128 0.0569358 0.0249597 0.0138026 0.00621118 0.00161031 0.00115022 0 0
 0 0 0 0 0 0 0 0 0 0 0 0 0 0 0 0 0 0 0 0 0 0 0 0 0 0 0 0 0 0 0 0 0 0 0 0
 0.00147267 0.00158595 0.00478618 0.00569244 0.00954404 0.0108468 0.00647125 0.017049 0.0510054 0.094081 0.124002 0.0959785 0.0687766 0.0820023 0.061753 0.0591476 0.0492212 0.0479892 0.0443925 0.0268479 0.0217502 0.0140895 0.0121071 0.0120363 0.00920419 0.00665534 0.0049561 0.00860946 0.00930331 0.0156896 0.0114698 0.00855282 0.00243557 0.00046729 0 2.83206e-05
 0 0 0 0 0.000772559 0.00158375 0.000888443 0.00281984 0.00712685 0.0440552 0.0773331 0.111326 0.0921469 0.0852325 0.0710754 0.0886704 0.0786465 0.0553345 0.0373146 0.0185414 0.00753245 0.00457741 0.012979 0.0271748 0.0457355 0.0583668 0.034881 0.0177882 0.00938659 0.00492506 0.0015258 0.00185414 0.000309023 5.79419e-05 3.86279e-05 0
 0 0.00173294 0.00326652 0 0.00397197 0.00683976 0.00946217 0.0152591 0.00757587 0.0136028 0.0228656 0.0392903 0.0559909 0.0764795 0.0681675 0.0726916 0.0566044 0.0477403 0.0527397 0.0444891 0.0609904 0.0582453 0.0661739 0.0445044 0.0529084 0.0360697 0.0280645 0.0235558 0.0158879 0.00826598 0.00280645 0.00217768 0.000904811 0.00058276 9.20147e-05 0
 0 0 0 0 0 0 0 0 0 0 0 0 0 0 0 0 0 0 0 0 0 0 0 0 0 0 0 0 0 0 0 0 0 0 0 0
 0 0 0 0 0 0 0 0 0 0 0 0 0 0 0 0 0 0 0 0 0 0 0 0 0 0 0 0 0 0 0 0 0 0 0 0
 0 0 0 0 0 0 0 0 0 0 0 0 0 0 0 0 0 0 0 0 0 0 0 0 0 0 0 0 0 0 0 0 0 0 0 0
 0 0 0 0 0 0 0 0 0 0 0 0 0 0 0 0 0 0 0 0 0 0 0 0 0 0 0 0 0 0 0 0 0 0 0 0
 0 0 0 0 0 0 0 0 0 0 0 0 0 0 0 0 0 0 0 0 0 0 0 0 0 0 0 0 0 0 0 0 0 0 0 0
ppred_pel_tallas
 1.01433e-16 3.15011e-05 0.000184882 0.000878838 0.00338356 0.0105513 0.0266518 0.0545334 0.090396 0.121402 0.132117 0.116554 0.0834711 0.048791 0.023823 0.0107407 0.00612157 0.00592915 0.00768374 0.0102788 0.0132286 0.016202 0.0188764 0.0209464 0.0221795 0.0224647 0.0218325 0.0204368 0.0185089 0.016299 0.0140254 0.0118455 0.00984978 0.00807482 0.00652326 0.00518275
 1.01279e-16 3.19175e-05 0.000187326 0.000890453 0.00342828 0.0106907 0.027004 0.0552541 0.0915911 0.123008 0.133867 0.118103 0.0845914 0.0494679 0.0241939 0.010974 0.00634158 0.00620502 0.0080451 0.0107281 0.0137434 0.0167342 0.0193532 0.0212783 0.0222732 0.022241 0.0212433 0.0194776 0.017222 0.0147676 0.0123599 0.0101647 0.00826309 0.00666744 0.00534845 0.00426057
 1.0191e-16 2.4435e-05 0.000143384 0.000681519 0.00262378 0.00818192 0.0206671 0.0422894 0.0701061 0.0941706 0.102529 0.0905638 0.0651027 0.0385478 0.0197421 0.0104586 0.00812892 0.00968251 0.0131989 0.0177375 0.022741 0.0276853 0.0320066 0.0351712 0.0367871 0.0366928 0.0349909 0.0320094 0.0282123 0.024086 0.0200421 0.0163608 0.0131811 0.0105267 0.00835053 0.00657601
 1.02167e-16 2.96916e-05 0.000174258 0.000828325 0.00318907 0.00994479 0.0251198 0.0513989 0.0852011 0.114428 0.124534 0.109881 0.0787274 0.04609 0.0226387 0.010436 0.00627056 0.00635003 0.00834292 0.0112015 0.0144504 0.0177475 0.0207506 0.0231323 0.0246399 0.0251481 0.0246796 0.023387 0.0215039 0.0192837 0.0169481 0.0146563 0.0125013 0.0105238 0.00873349 0.00712834
 1.01677e-16 3.15377e-05 0.000185097 0.000879856 0.00338748 0.0105635 0.0266827 0.0545966 0.090501 0.121544 0.132273 0.116696 0.0835813 0.048873 0.0238953 0.0108265 0.00624171 0.00609913 0.00791245 0.010566 0.0135617 0.016554 0.0192068 0.0212063 0.02232 0.0224477 0.0216405 0.0200794 0.0180229 0.0157425 0.0134674 0.0113532 0.00947696 0.00785392 0.00646263 0.00526872
 1.02205e-16 2.45663e-05 0.000144156 0.000685192 0.00263793 0.00822604 0.0207786 0.0425173 0.0704835 0.0946764 0.103077 0.0910399 0.0654288 0.0387083 0.0197647 0.0103747 0.00795146 0.00940484 0.0128056 0.0172162 0.0220912 0.0269247 0.0311734 0.0343224 0.0359915 0.036021 0.0345034 0.0317478 0.0281926 0.0242985 0.0204551 0.0169277 0.013848 0.0112407 0.00906446 0.00725252
 1.01794e-16 3.29482e-05 0.000193381 0.000919252 0.00353918 0.0110366 0.0278776 0.0570411 0.0945515 0.126979 0.138174 0.121871 0.0872201 0.050864 0.0246143 0.0107238 0.0055922 0.00498344 0.00630388 0.008417 0.0108596 0.0133517 0.015634 0.0174612 0.0186439 0.0190861 0.0188014 0.0178994 0.0165494 0.0149362 0.0132212 0.0115207 0.00990364 0.00840121 0.00702341 0.00577258
 1.01488e-16 2.97687e-05 0.000174706 0.000830449 0.00319723 0.00997023 0.0251841 0.0515309 0.085421 0.114727 0.124869 0.110198 0.0790039 0.0463497 0.0229469 0.010878 0.00693596 0.00732241 0.00968835 0.0129511 0.0165793 0.0201591 0.0232719 0.0255275 0.0266428 0.0265061 0.0252006 0.0229753 0.0201773 0.0171672 0.014247 0.0116179 0.00937412 0.00752332 0.00602062 0.0048012
 1.01259e-16 3.27144e-05 0.000192006 0.000912707 0.00351397 0.010958 0.027679 0.0566351 0.0938793 0.126079 0.137202 0.12103 0.0866546 0.0506073 0.024626 0.0109592 0.0060426 0.00567523 0.00727637 0.00969737 0.0124421 0.0151833 0.0176095 0.0194302 0.0204299 0.0205144 0.0197292 0.0182402 0.0162864 0.0141207 0.0119591 0.00995089 0.00817401 0.00664824 0.00535772 0.00427204
 1.01119e-16 3.16739e-05 0.000185894 0.000883645 0.00340206 0.010609 0.0267975 0.0548318 0.0908913 0.122069 0.132848 0.117211 0.0839684 0.049135 0.0240893 0.0110245 0.00650561 0.006475 0.00843165 0.0112434 0.01439 0.0174979 0.0202008 0.0221586 0.023124 0.022998 0.0218508 0.0198971 0.0174375 0.0147863 0.0122081 0.00988147 0.00789274 0.00625317 0.00492745 0.00386143
 1.01787e-16 2.55977e-05 0.000150212 0.000713986 0.00274879 0.00857178 0.0216519 0.0443041 0.0734447 0.0986515 0.107398 0.0948411 0.0681269 0.0402367 0.0204197 0.0105152 0.0078148 0.00908899 0.0123252 0.0165549 0.0212313 0.0258605 0.0299164 0.0329013 0.0344482 0.0344038 0.0328593 0.0301161 0.0266018 0.0227665 0.0189923 0.0155407 0.0125437 0.0100276 0.00795302 0.00625329
 1.02452e-16 2.71784e-05 0.000159499 0.000758149 0.00291886 0.00910214 0.0229914 0.0470444 0.0779847 0.104742 0.114008 0.100629 0.0721778 0.0424148 0.0211305 0.0102412 0.00683671 0.00746722 0.0100027 0.0134617 0.0173556 0.0212898 0.0248531 0.0276509 0.0293806 0.0298955 0.0292306 0.0275785 0.0252301 0.0224992 0.0196584 0.0169016 0.0143394 0.0120158 0.00993542 0.00808794
 1.01237e-16 3.55463e-05 0.000208637 0.000991787 0.00381847 0.0119076 0.0300775 0.0615421 0.102011 0.136993 0.149061 0.131449 0.0940221 0.0547237 0.0262812 0.0111045 0.00528754 0.00424203 0.00516129 0.00682657 0.00876509 0.0107211 0.0124739 0.0138218 0.014614 0.0147822 0.0143535 0.0134362 0.0121883 0.0107769 0.00934394 0.00798694 0.00675633 0.0056655 0.00470639 0.00386367
 1.004e-16 3.77887e-05 0.000221803 0.00105438 0.00405948 0.0126592 0.0319759 0.0654263 0.108449 0.145636 0.158459 0.139722 0.0999078 0.0580847 0.0277731 0.0115222 0.00516527 0.00381141 0.00446884 0.0058422 0.00744017 0.00901329 0.0103583 0.0112956 0.0116979 0.0115188 0.0108032 0.00967349 0.00829746 0.0068486 0.00547167 0.00426252 0.00326456 0.00247819 0.00187687 0.00142306
 1.00159e-16 3.93238e-05 0.000230818 0.00109725 0.00422453 0.0131739 0.033276 0.0680861 0.112857 0.151552 0.164889 0.145374 0.10391 0.0603334 0.0287013 0.0116528 0.00483779 0.00315641 0.00349368 0.0045131 0.00573014 0.00692568 0.00793632 0.00862158 0.00888323 0.00868713 0.00807139 0.00713531 0.00601397 0.00484672 0.00374979 0.00280001 0.00203176 0.00144428 0.00101438 0.000709232
 1.00219e-16 3.5445e-05 0.000208038 0.000988929 0.00380745 0.0118732 0.0299907 0.0613649 0.101719 0.136604 0.148648 0.131109 0.0938317 0.054719 0.0264765 0.0115238 0.00598091 0.00527877 0.00660936 0.00872616 0.0111028 0.0134102 0.0153478 0.0166449 0.0171114 0.0166833 0.0154377 0.0135718 0.0113525 0.00905467 0.00690696 0.00506004 0.00358032 0.00246442 0.00166421 0.00111227
 1.00721e-16 3.02068e-05 0.000177277 0.000842668 0.00324427 0.0101169 0.0255547 0.0522891 0.0866781 0.116416 0.126708 0.111825 0.080177 0.0470518 0.0233199 0.0110964 0.00712786 0.00755965 0.0100047 0.0133568 0.0170657 0.0206967 0.0238093 0.0259947 0.0269583 0.0265883 0.0249805 0.0224079 0.0192493 0.015899 0.0126898 0.00984616 0.00747576 0.00558936 0.00413583 0.00303684
 1.01149e-16 3.19046e-05 0.00018725 0.000890094 0.0034269 0.0106864 0.0269931 0.0552319 0.0915541 0.122958 0.133811 0.118052 0.0845508 0.0494357 0.0241626 0.0109342 0.00628464 0.00612415 0.00793642 0.010592 0.0135862 0.016569 0.0191997 0.0211597 0.0222127 0.022256 0.0213412 0.0196523 0.0174544 0.0150286 0.0126155 0.0103827 0.00841818 0.00674537 0.00534699 0.00418826
 1.01372e-16 2.97657e-05 0.000174689 0.000830366 0.00319691 0.00996923 0.0251816 0.0515256 0.0854123 0.114715 0.124855 0.110184 0.0789899 0.0463335 0.0229245 0.0108439 0.00688432 0.00724793 0.00958754 0.0128239 0.0164309 0.0200008 0.0231207 0.0254044 0.0265687 0.0264974 0.0252649 0.0231087 0.0203644 0.0173836 0.0144634 0.0118059 0.00951111 0.00759568 0.00602509 0.00474393
 1.01298e-16 3.25416e-05 0.000190991 0.000907883 0.00349539 0.0109001 0.0275327 0.0563357 0.0933832 0.125413 0.136478 0.120393 0.0862025 0.0503511 0.0245161 0.0109354 0.0060652 0.00572786 0.00735675 0.0098085 0.0125873 0.0153642 0.0178246 0.0196752 0.0206981 0.0207975 0.0200187 0.0185283 0.0165664 0.0143875 0.0122089 0.0101809 0.00838186 0.00683225 0.00551681 0.00440589
 1.01304e-16 3.02741e-05 0.000177674 0.000844562 0.00325157 0.0101397 0.0256122 0.0524066 0.0868722 0.116675 0.126985 0.112058 0.0803192 0.0470852 0.0232441 0.0109073 0.00680726 0.00707699 0.00932785 0.0124653 0.0159626 0.0194186 0.02243 0.0246207 0.0257164 0.025606 0.0243657 0.0222306 0.0195314 0.0166137 0.0137687 0.0111935 0.00898364 0.00715262 0.005663 0.00445691
 1.01717e-16 2.86804e-05 0.000168316 0.00080007 0.00308026 0.00960547 0.0242628 0.0496457 0.0822965 0.110532 0.120306 0.106179 0.0761391 0.0447028 0.0221953 0.0106301 0.00692572 0.00743089 0.00988875 0.0132584 0.0170248 0.0207792 0.0241024 0.0265982 0.0279716 0.0280936 0.0270259 0.0249948 0.0223264 0.0193661 0.016409 0.0136594 0.0112238 0.00912981 0.00735648 0.00586297
 1.01612e-16 3.16788e-05 0.000185925 0.000883798 0.00340266 0.0106109 0.0268022 0.0548412 0.0909062 0.122087 0.132862 0.117211 0.0839409 0.0490636 0.0239521 0.0107913 0.00613817 0.0059316 0.00767566 0.0102551 0.013179 0.0161131 0.0187333 0.0207353 0.0218912 0.0220979 0.0213966 0.0199525 0.0180069 0.0158159 0.0135985 0.0115068 0.00962129 0.00796521 0.00652768 0.00528473
 1.01386e-16 3.1158e-05 0.000182865 0.000869245 0.00334661 0.0104361 0.0263608 0.0539381 0.0894102 0.120081 0.130685 0.115306 0.0826113 0.048356 0.0237358 0.0109114 0.00650688 0.00653413 0.00853493 0.0113958 0.0146028 0.0177837 0.0205711 0.0226228 0.0236879 0.0236628 0.0226123 0.0207451 0.018356 0.0157535 0.013198 0.0108659 0.00884352 0.00714459 0.00573857 0.00457759
 1.02815e-16 1.7799e-05 0.000104415 0.000496234 0.00191035 0.00595709 0.0150475 0.0307922 0.0510525 0.0685955 0.0747336 0.06613 0.0477953 0.0288167 0.015711 0.00986291 0.0094964 0.0124444 0.0173204 0.0233651 0.0299965 0.0365654 0.0423408 0.0466234 0.0488955 0.0489377 0.0468728 0.0431178 0.0382666 0.0329447 0.027683 0.0228453 0.0186159 0.015033 0.0120457 0.00956639
 1.04272e-16 2.57143e-05 0.000150908 0.00071732 0.00276167 0.00861198 0.0217532 0.0445106 0.0737835 0.0990961 0.107854 0.0951788 0.0682273 0.0400113 0.0197835 0.00934686 0.00594189 0.00630883 0.00845337 0.0114896 0.0150193 0.0187479 0.0223652 0.0255563 0.028054 0.0296853 0.0303949 0.0302344 0.0293291 0.0278348 0.0259015 0.0236555 0.0211979 0.0186154 0.0159911 0.0134105
 1.03431e-16 2.75454e-05 0.000161655 0.000768405 0.00295835 0.00922529 0.0233025 0.0476807 0.0790391 0.106156 0.115543 0.101975 0.0731213 0.0429258 0.0213039 0.0101897 0.00662494 0.00710638 0.00947277 0.0127345 0.0164107 0.0201252 0.0234925 0.0261462 0.0278105 0.0283589 0.027836 0.026432 0.0244232 0.0220983 0.0196969 0.0173771 0.0152136 0.0132196 0.0113773 0.00966502
pSPR Fmed_Fpbrs
0.4579   0.6 0.325
Fs Fmed_Fpbrs
0.64   0.360869 1.14432
SSBpbr Bo_Bmed_Bpbrs
882900  360135  485595 242798
Ro
32859.6
SPR SPRFo_SPRFmed_SPRFpbrs
678690 310772 220574
log_Ro
10.22
likeval ReclasPelacesDesembMPH_pf_preclas_ppelaces_ptallas_desvR_qrecl_qpela
 66.3841 14.3821 0.0153456 0.000549694 337.946 208.334 56.3574 0 17.2664 4.38418e-07 9.39443e-05 6.22726e-16 0 0 0
q_reclas_q_pelaces
1.09837 3.97073
M
0.7
N
 34908.1 11851.9 4546.16 550.001 0.215838
 44077.5 15859.9 3094.62 1187.04 143.666
 17663.9 20047 4172.96 814.241 350.127
 24429.7 7469.23 3115.03 648.421 180.927
 49485.9 11619.4 2715.79 1132.61 301.548
 34100.1 24371.3 5434.69 1270.24 670.794
 71788 15645.3 6830.5 1523.17 544.012
 69881.1 33761.4 5243.22 2289.12 692.779
 92355.2 31610.1 8539.96 1326.28 754.272
 116917 41288.7 7345.62 1984.53 483.482
 63205.1 54003.7 12147.7 2161.17 726.121
 44534.2 27594.5 10572.3 2378.14 565.243
 51460.3 19504.4 5526.63 2117.42 589.501
 27272 20690.5 2105.24 596.525 292.175
 14729.4 9278.41 667.668 67.9346 28.6778
 12297.5 4911.82 259.05 18.6411 2.69738
 8897.32 5199.3 762.426 40.2104 3.31221
 10739 3899.69 1047.1 153.547 8.76513
 11313 4854.38 981.572 263.56 40.8547
 17137 5219.24 1416.02 286.323 88.7974
 23182.3 7860.07 1459.47 395.965 104.896
 28337.6 11103 3005.16 558.003 191.495
 46900.5 13451 3978.78 1076.9 268.584
 67717.3 22031.5 4470.44 1322.35 447.172
 28852.8 31917.4 7502.3 1522.3 602.566
 40964.2 13735.5 11681 2745.65 777.647
 44914.9 19414 4866.51 4138.57 1248.31
pred_Ctot
 2147.13 4192.2 1608.05 194.544 0.0763451
 2680.05 5559.7 1084.83 416.118 50.3622
 1903.71 10566 2199.41 429.156 184.539
 743.356 1464.54 610.786 127.14 35.4756
 293.706 487.331 113.903 47.5031 12.6472
 1874.34 7887.88 1758.96 411.12 217.106
 2742.1 3741.58 1633.52 364.269 130.101
 4501.86 12377.3 1922.23 839.218 253.981
 6663.69 12625.8 3411.06 529.746 301.274
 5898.22 12468 2218.16 599.271 145.997
 5532.98 24789.3 5576.13 992.041 333.311
 3808.29 12461.4 4774.33 1073.94 255.258
 7130.24 11928.2 3379.9 1294.94 360.519
 6311.31 15940.9 1621.97 459.589 225.105
 3559.8 7255.02 522.067 53.1198 22.4239
 1326.47 2590.22 136.609 9.83027 1.42245
 756.454 2338.44 342.91 18.0851 1.48971
 696.682 1437.38 385.947 56.5954 3.23071
 579.771 1484.8 300.232 80.6146 12.4962
 945.563 1694.42 459.707 92.9542 28.8279
 593.501 1320.26 245.148 66.5104 17.6194
 901.667 2264.79 612.99 113.821 39.0611
 1828.53 3273.81 968.386 262.105 65.37
 2483.98 5088.23 1032.46 305.399 103.275
 859.924 6144.08 1444.19 293.042 115.994
 1347.93 2885.74 2454.09 576.843 163.378
 2127.16 5566.01 1395.23 1186.53 357.891
F
 0.0889282 0.642823 0.642823 0.642823 0.642823
 0.0878689 0.635165 0.635165 0.635165 0.635165
 0.160729 1.16184 1.16184 1.16184 1.16184
 0.0431219 0.31171 0.31171 0.31171 0.31171
 0.00828311 0.059875 0.059875 0.059875 0.059875
 0.0791314 0.572006 0.572006 0.572006 0.572006
 0.0543998 0.393232 0.393232 0.393232 0.393232
 0.0933189 0.674561 0.674561 0.674561 0.674561
 0.105052 0.759372 0.759372 0.759372 0.759372
 0.0724146 0.523454 0.523454 0.523454 0.523454
 0.12877 0.93082 0.93082 0.93082 0.93082
 0.125618 0.908037 0.908037 0.908037 0.908037
 0.211136 1.52621 1.52621 1.52621 1.52621
 0.378172 2.73364 2.73364 2.73364 2.73364
 0.398202 2.87842 2.87842 2.87842 2.87842
 0.160875 1.1629 1.1629 1.1629 1.1629
 0.124852 0.9025 0.9025 0.9025 0.9025
 0.0940018 0.679498 0.679498 0.679498 0.679498
 0.0736016 0.532034 0.532034 0.532034 0.532034
 0.0794458 0.574279 0.574279 0.574279 0.574279
 0.036171 0.261464 0.261464 0.261464 0.261464
 0.0451322 0.326241 0.326241 0.326241 0.326241
 0.0555531 0.401569 0.401569 0.401569 0.401569
 0.0521909 0.377265 0.377265 0.377265 0.377265
 0.0422202 0.305191 0.305191 0.305191 0.305191
 0.046705 0.33761 0.33761 0.33761 0.33761
 0.0678468 0.490434 0.490434 0.490434 0.490434
Np
 22467.1 10613.5 7214.21 2043.55 689.579
YTP_r0W_actual
 12935.6 93267.7 33986.8 36911.1 12355
YTP_p0W_proyectada
 6470.61 100123 41229.5 13198.5 16243.5
 6470.61 50989.1 50382.7 18226.1 6825.07
CTP_r0_actual
 1577.52 4317.95 1082.38 920.477 277.641
CTP_p0_proyectada
 789.099 4635.34 1313.04 329.141 365.024
 789.099 2360.6 1604.54 454.516 153.372
Wmedp
 8.2 21.6 31.4 40.1 44.5
nmprior
 10.8 10.6 4.6 0
nm_flota  nm_reclas  nm_pelaces    nm_pelaL
inf 24.0379 14.4375 42.0039
cv_recla  cv_pelaces  cv_mph
0.705607 0.415434 0.626609
 ------------------------------------------------
Talla a la edad & desviaci?n 
 7.2 14.2025 17.0495 18.207 18.6776
 1.08 2.13037 2.55742 2.73105 2.80164
