years
 1997 1998 1999 2000 2001 2002 2003 2004 2005 2006 2007 2008 2009 2010 2011 2012 2013 2014 2015 2016 2017 2018 2019 2020 2021 2022 2023
reclasobs
 0 0 0 370054 412103 1.49427e+06 250295 1.28982e+06 931140 785840 897777 1.04006e+06 184774 17550 25797 100020 73551 82996 120727 218422 84188 347160 605670 569463 516374 1.08416e+06 1.01767e+06
reclaspred
 5.25831e+06 942283 1.18552e+06 238119 245730 350086 670982 647874 670378 854968 967095 710429 360941 140276 77115.8 79619.5 81656.4 109196 143367 146530 212578 244173 383713 481254 799649 722344 343903
pelacesobs
 0 0 0 0 0 0 0 0 0 2.06254e+06 1.5e+06 0 1.87456e+06 323000 250000 174000 83755 137374 0 501740 490994 745055 786931 1.00524e+06 1.33801e+06 1.41789e+06 0
pelacespred
 9.66184e+06 4.26857e+06 1.01293e+06 486426 726680 586408 2.09206e+06 1.87155e+06 1.73808e+06 2.48511e+06 2.13075e+06 1.56219e+06 907627 291486 165775 165404 173109 250848 311240 286515 567009 580009 674399 1.06433e+06 1.62166e+06 1.4116e+06 494014
mphobs
 0 0 0 0 0 112323 0 153150 637223 0 255016 313432 73983 77613 109348 50772 17779 17303 59886 28197 0 207744 136588 643089 65757 70829 0
mphpred
 878335 370234 177557 60741.2 44266.8 133055 150196 286480 248246 272898 382189 256991 156898 95131.5 44807.7 32785.5 28824.1 34087.4 45798.9 43582.8 54849.4 76687.2 87977.3 123569 213081 173555 128439
desembarqueobs
 350755 77701 442110 56441 14545 235359 269955 359681 431902 328805 639364 411747 362871 311530 167758 66681 60226 58785 57116 73181 50977 67692 138656 160484 209506 203330 245020
desembarquepred
 350741 77673.2 441488 56409 14542.5 235174 269886 359086 431374 328494 638178 411021 362129 310973 167244 66602.3 60190 58695.7 57031.8 73087.2 50958.2 67614 138525 160361 209299 203051 244719
Reclutas
 13089.6 21740.2 2217.99 5308.24 37935.1 13694.4 64794.8 55872.4 63644.7 113743 64127.5 48207.9 57815.7 29068.7 12333.3 9170.62 6943.9 8880.02 7710.16 8768.28 15649.8 17183.6 28125.8 46826.4 14225.8 30395.3 2424.14
log_desv_Rt
 -0.38043 0.12692 -2.15564 -1.28298 0.683632 -0.335255 1.21898 1.07083 1.20107 1.7817 1.20863 0.923278 1.10502 0.417416 -0.439941 -0.736239 -1.01438 -0.768441 -0.909705 -0.781104 -0.201789 -0.108289 0.384442 0.894202 -0.297187 0.462044 -2.06677
SSB
 1.23112e+06 518938 248872 85137.8 62046.4 186496 210521 401544 347953 382506 535695 360211 219915 133341 62804.6 45953.7 40401.3 47778.5 64193.9 61087.8 76879.6 107488 123313 173201 298664 243263 180027
BT
 1.78012e+06 650668 375782 139554 246294 296874 1.0387e+06 931212 969465 1.12051e+06 1.13846e+06 798280 675231 389904 196903 103965 101816 126304 118775 132286 206200 179766 255890 417479 461671 468893 272089
Ftot
 0.241339 0.393713 1.51314 1.11065 0.303611 1.78252 1.74068 1.73289 2.10736 1.41253 1.91377 1.83575 3.17216 4.95303 4.95303 2.32411 2.21517 1.78086 1.21108 1.61423 0.859506 0.910436 1.21181 1.16382 0.804097 1.09279 1.95457
BD_Bspro_t
 0.968005 0.783655 0.536354 0.176049 0.230134 0.517374 0.383632 0.482944 0.3971 0.380532 0.424497 0.274012 0.187636 0.134826 0.0769948 0.069852 0.0854183 0.138629 0.219847 0.254447 0.330801 0.472335 0.462435 0.473536 0.533919 0.407817 0.332116
BD_Bspro
 3.11277 1.31209 0.629251 0.215263 0.156879 0.471537 0.532284 1.01527 0.879769 0.967132 1.35446 0.91076 0.556036 0.33714 0.158796 0.11619 0.102151 0.120804 0.162308 0.154455 0.194383 0.271775 0.311786 0.437922 0.755145 0.615068 0.455181
BD_Bo
 2.36148 0.995406 0.477377 0.163308 0.119015 0.357728 0.403813 0.770226 0.66743 0.733708 1.02755 0.690942 0.421832 0.255769 0.120469 0.0881466 0.0774961 0.0916468 0.123134 0.117176 0.147467 0.20618 0.236534 0.332227 0.572885 0.466617 0.34532
BD_Brms
 4.2936 1.80983 0.867958 0.296923 0.216391 0.650415 0.734206 1.40041 1.21351 1.33401 1.86827 1.25626 0.766968 0.465035 0.219035 0.160266 0.140902 0.166631 0.22388 0.213047 0.268122 0.374873 0.430063 0.604049 1.04161 0.848395 0.627854
S_f
 0.0765384 0.781636 0.993573 0.99985 0.999997
 0.0765384 0.781636 0.993573 0.99985 0.999997
 0.0765384 0.781636 0.993573 0.99985 0.999997
 0.0765384 0.781636 0.993573 0.99985 0.999997
 0.0765384 0.781636 0.993573 0.99985 0.999997
 0.0765384 0.781636 0.993573 0.99985 0.999997
 0.0765384 0.781636 0.993573 0.99985 0.999997
 0.0765384 0.781636 0.993573 0.99985 0.999997
 0.0765384 0.781636 0.993573 0.99985 0.999997
 0.0765384 0.781636 0.993573 0.99985 0.999997
 0.0765384 0.781636 0.993573 0.99985 0.999997
 0.0765384 0.781636 0.993573 0.99985 0.999997
 0.0765384 0.781636 0.993573 0.99985 0.999997
 0.0765384 0.781636 0.993573 0.99985 0.999997
 0.0765384 0.781636 0.993573 0.99985 0.999997
 0.0765384 0.781636 0.993573 0.99985 0.999997
 0.0765384 0.781636 0.993573 0.99985 0.999997
 0.0765384 0.781636 0.993573 0.99985 0.999997
 0.0765384 0.781636 0.993573 0.99985 0.999997
 0.0765384 0.781636 0.993573 0.99985 0.999997
 0.0765384 0.781636 0.993573 0.99985 0.999997
 0.0765384 0.781636 0.993573 0.99985 0.999997
 0.0765384 0.781636 0.993573 0.99985 0.999997
 0.0765384 0.781636 0.993573 0.99985 0.999997
 0.0765384 0.781636 0.993573 0.99985 0.999997
 0.0765384 0.781636 0.993573 0.99985 0.999997
 0.0765384 0.781636 0.993573 0.99985 0.999997
Scru_reclas
 0.0853081 0.319434 0.70257 0.922407 0.98356
 0.0853081 0.319434 0.70257 0.922407 0.98356
 0.0853081 0.319434 0.70257 0.922407 0.98356
 0.0853081 0.319434 0.70257 0.922407 0.98356
 0.0853081 0.319434 0.70257 0.922407 0.98356
 0.0853081 0.319434 0.70257 0.922407 0.98356
 0.0853081 0.319434 0.70257 0.922407 0.98356
 0.0853081 0.319434 0.70257 0.922407 0.98356
 0.0853081 0.319434 0.70257 0.922407 0.98356
 0.0853081 0.319434 0.70257 0.922407 0.98356
 0.0853081 0.319434 0.70257 0.922407 0.98356
 0.0853081 0.319434 0.70257 0.922407 0.98356
 0.0853081 0.319434 0.70257 0.922407 0.98356
 0.0853081 0.319434 0.70257 0.922407 0.98356
 0.0853081 0.319434 0.70257 0.922407 0.98356
 0.0853081 0.319434 0.70257 0.922407 0.98356
 0.0853081 0.319434 0.70257 0.922407 0.98356
 0.0853081 0.319434 0.70257 0.922407 0.98356
 0.0853081 0.319434 0.70257 0.922407 0.98356
 0.0853081 0.319434 0.70257 0.922407 0.98356
 0.0853081 0.319434 0.70257 0.922407 0.98356
 0.0853081 0.319434 0.70257 0.922407 0.98356
 0.0853081 0.319434 0.70257 0.922407 0.98356
 0.0853081 0.319434 0.70257 0.922407 0.98356
 0.0853081 0.319434 0.70257 0.922407 0.98356
 0.0853081 0.319434 0.70257 0.922407 0.98356
 0.0853081 0.319434 0.70257 0.922407 0.98356
Scru_pelaces
 0.203632 0.562717 0.866243 0.970231 0.99394
 0.203632 0.562717 0.866243 0.970231 0.99394
 0.203632 0.562717 0.866243 0.970231 0.99394
 0.203632 0.562717 0.866243 0.970231 0.99394
 0.203632 0.562717 0.866243 0.970231 0.99394
 0.203632 0.562717 0.866243 0.970231 0.99394
 0.203632 0.562717 0.866243 0.970231 0.99394
 0.203632 0.562717 0.866243 0.970231 0.99394
 0.203632 0.562717 0.866243 0.970231 0.99394
 0.203632 0.562717 0.866243 0.970231 0.99394
 0.203632 0.562717 0.866243 0.970231 0.99394
 0.203632 0.562717 0.866243 0.970231 0.99394
 0.203632 0.562717 0.866243 0.970231 0.99394
 0.203632 0.562717 0.866243 0.970231 0.99394
 0.203632 0.562717 0.866243 0.970231 0.99394
 0.203632 0.562717 0.866243 0.970231 0.99394
 0.203632 0.562717 0.866243 0.970231 0.99394
 0.203632 0.562717 0.866243 0.970231 0.99394
 0.203632 0.562717 0.866243 0.970231 0.99394
 0.203632 0.562717 0.866243 0.970231 0.99394
 0.203632 0.562717 0.866243 0.970231 0.99394
 0.203632 0.562717 0.866243 0.970231 0.99394
 0.203632 0.562717 0.866243 0.970231 0.99394
 0.203632 0.562717 0.866243 0.970231 0.99394
 0.203632 0.562717 0.866243 0.970231 0.99394
 0.203632 0.562717 0.866243 0.970231 0.99394
 0.203632 0.562717 0.866243 0.970231 0.99394
pf_obs 
 0.256992 0.487395 0.22802 0.0275931 0
 0.321318 0.546541 0.124235 0.00734118 0.000564706
 0.182869 0.594174 0.210203 0.0122559 0.00049798
 0.330522 0.361315 0.267642 0.0388342 0.00168674
 0.649043 0.306663 0.0425973 0.00169635 0
 0.582887 0.30429 0.105238 0.00758474 0
 0.465427 0.430635 0.0974691 0.00646863 0
 0.296916 0.608066 0.0921331 0.00288517 0
 0.311714 0.524322 0.152257 0.0117073 0
 0.15457 0.633149 0.183074 0.0267441 0.00246327
 0.131901 0.49318 0.331252 0.0422183 0.00144891
 0.196976 0.569456 0.194076 0.0375587 0.00193317
 0.518974 0.381816 0.0799577 0.0180837 0.00116848
 0.0928022 0.601141 0.25162 0.0475244 0.00691264
 0.122501 0.610282 0.24278 0.0234846 0.000952079
 0.383417 0.481906 0.127806 0.00687128 0
 0.0376549 0.599619 0.316969 0.0457579 0
 0.0361596 0.667082 0.258105 0.0386534 0
 0.158088 0.579412 0.248529 0.0139706 0
 0.0477256 0.309471 0.559284 0.082774 0.000745712
 0.0406174 0.521527 0.379366 0.0568643 0.0016247
 0.151134 0.462217 0.34131 0.0453401 0
 0.294876 0.26143 0.354403 0.0886775 0.000613685
 0.281977 0.475581 0.204845 0.0348837 0.00271318
 0.0841818 0.532909 0.334909 0.0458182 0.00218182
 0.115287 0.27431 0.454777 0.147771 0.00785563
 0 0 0 0 0
pf_pred 
 0.0253493 0.639762 0.295696 0.0391901 2.89596e-06
 0.0717278 0.19089 0.526081 0.186725 0.0245756
 0.0155899 0.495306 0.125518 0.25997 0.103616
 0.151278 0.208007 0.394222 0.0638544 0.182639
 0.55987 0.332713 0.034763 0.0448888 0.0277649
 0.0990541 0.840371 0.0486882 0.00386633 0.00802087
 0.541659 0.316138 0.136217 0.00482413 0.00116126
 0.230262 0.741119 0.0224164 0.005945 0.000257648
 0.276341 0.619267 0.101974 0.00190003 0.000518584
 0.356202 0.580701 0.0574882 0.00548127 0.000127985
 0.157496 0.76279 0.0744705 0.00478224 0.000460988
 0.184248 0.655551 0.150787 0.0088032 0.000610805
 0.329008 0.56276 0.0942992 0.0131254 0.000807855
 0.254948 0.713887 0.0285534 0.00228157 0.000329946
 0.25205 0.729781 0.0179064 0.000241085 2.13542e-05
 0.275398 0.705536 0.0189083 0.000156377 2.21973e-06
 0.224148 0.705649 0.0691616 0.00103261 8.51734e-06
 0.298253 0.617307 0.0799245 0.00444995 6.59134e-05
 0.198297 0.717546 0.0776612 0.00615282 0.000342842
 0.232985 0.608855 0.146656 0.0106257 0.000878863
 0.303089 0.592672 0.089608 0.0135805 0.00105149
 0.203526 0.676046 0.107144 0.0114353 0.00184943
 0.274175 0.562435 0.145283 0.0161265 0.00197994
 0.300424 0.599376 0.0838952 0.0145156 0.00178894
 0.0667349 0.805604 0.114734 0.0108426 0.00208426
 0.225551 0.368462 0.364899 0.0369633 0.00412571
 0.0234574 0.815524 0.0920244 0.0620783 0.0069161
pobs_RECLAS
 0 0 0 0 0
 0 0 0 0 0
 0 0 0 0 0
 0 0 0 0 0
 0.835266 0.146461 0.0176864 0.000547809 3.91292e-05
 0.385257 0.428462 0.181853 0.0044286 0
 0.867414 0.0963971 0.0333333 0.00285562 0
 0.441836 0.489002 0.0689373 0.000224442 0
 0.779404 0.147425 0.0564933 0.0165055 0.000172143
 0.814271 0.122319 0.05973 0.00367925 0
 0.40263 0.566651 0.0304383 0.000280538 0
 0.475488 0.404961 0.113038 0.00651328 0
 0.955842 0.0263864 0.0167828 0.000988607 0
 0.975058 0.0227948 0.00214734 0 0
 0.738997 0.206755 0.0527124 0.00153531 0
 0.850938 0.134255 0.0134407 0.00136685 0
 0.542534 0.407297 0.0501686 0 0
 0.764087 0.199537 0.0359546 0.000420521 0
 0.470689 0.182191 0.310203 0.0369168 0
 0.84361 0.089868 0.0606195 0.00523954 0.000663233
 0.607945 0.314616 0.071237 0.00620181 0
 0.523733 0.453247 0.0230204 0 0
 0.530135 0.295979 0.169645 0.0042399 0
 0.562478 0.366248 0.0663022 0.0049721 0
 0.250443 0.683176 0.0655157 0.000865301 0
 0.195077 0.31981 0.436473 0.0351445 0.0134964
 0.565238 0.351407 0.0832357 0.000118908 0
ppred_RECLAS
 0.0534763 0.48931 0.389812 0.0673959 5.30962e-06
 0.112653 0.107767 0.510219 0.236215 0.0331453
 0.030951 0.321071 0.133765 0.360873 0.15334
 0.236707 0.110728 0.351812 0.074272 0.226481
 0.73459 0.157737 0.0283709 0.0477884 0.0315132
 0.248755 0.667791 0.0626511 0.00647721 0.0143253
 0.755873 0.140304 0.0981359 0.00452515 0.00116128
 0.477764 0.489504 0.0240454 0.00830313 0.000383628
 0.536667 0.364976 0.0953716 0.00231204 0.00067273
 0.610724 0.328658 0.0537721 0.00667922 0.000166266
 0.361546 0.54508 0.0854931 0.00714583 0.000734348
 0.389462 0.435602 0.161735 0.012292 0.000909235
 0.637216 0.280565 0.0689473 0.0124551 0.000817207
 0.651728 0.329814 0.016493 0.00170203 0.000262355
 0.649505 0.339871 0.0104263 0.000181295 1.71163e-05
 0.559808 0.422299 0.0176991 0.000190361 2.88062e-06
 0.478563 0.450506 0.069568 0.0013511 1.18806e-05
 0.554781 0.363409 0.0761995 0.00552348 8.72218e-05
 0.405905 0.494919 0.0893971 0.00922987 0.000548301
 0.452507 0.381723 0.150334 0.0141852 0.00125081
 0.528705 0.359541 0.0920617 0.0181908 0.00150158
 0.398609 0.45852 0.122832 0.0170911 0.00294693
 0.490707 0.339166 0.146209 0.0211496 0.00276833
 0.533681 0.360418 0.084375 0.0190259 0.00249982
 0.156558 0.660195 0.159558 0.0196604 0.00402919
 0.38193 0.212614 0.353265 0.0466417 0.00555018
 0.0640016 0.689026 0.124593 0.109388 0.0129921
pobs_PELACES
 0 0 0 0 0
 0 0 0 0 0
 0 0 0 0 0
 0 0 0 0 0
 0 0 0 0 0
 0 0 0 0 0
 0 0 0 0 0
 0 0 0 0 0
 0 0 0 0 0
 0 0 0 0 0
 0.450072 0.473896 0.0757376 0.000293798 0
 0 0 0 0 0
 0.463077 0.371075 0.160297 0.00555027 0
 0.529543 0.364841 0.0842815 0.0213345 0
 0.631943 0.363953 0.00410389 0 0
 0.735681 0.248677 0.0153453 0.000297389 0
 0.695825 0.281241 0.0229344 0 0
 0.275771 0.60734 0.115278 0.00161068 0
 0 0 0 0 0
 0.896147 0.0623911 0.0374545 0.00400742 0
 0.803859 0.145111 0.0509908 3.86294e-05 0
 0.739449 0.233085 0.0266225 0.000797448 4.60066e-05
 0.878498 0.100942 0.0204185 0.000141795 0
 0.694673 0.275183 0.0284847 0.00165964 0
 0.469039 0.446079 0.0841089 0.000773354 0
 0.822795 0.102175 0.0682046 0.00682512 0
 0 0 0 0 0
ppred_PELACES
 0.0877196 0.559996 0.307019 0.0452616 3.42579e-06
 0.215016 0.138509 0.44651 0.17621 0.0237544
 0.0809166 0.435622 0.11427 0.262172 0.107019
 0.454033 0.121046 0.249063 0.0447536 0.131105
 0.827439 0.122179 0.0150576 0.0216239 0.0136995
 0.415759 0.544045 0.031537 0.00277127 0.00588796
 0.882691 0.0806463 0.034955 0.0013701 0.000337775
 0.655597 0.331223 0.0100879 0.00296111 0.00013143
 0.736834 0.226479 0.0357449 0.000736032 0.000205734
 0.758284 0.216793 0.0224902 0.00237626 5.68261e-05
 0.559731 0.398968 0.0383107 0.00272096 0.00026862
 0.598777 0.322431 0.0736939 0.00475993 0.000338239
 0.847307 0.131609 0.0181325 0.00277612 0.00017497
 0.891923 0.105212 0.0026043 0.000226938 3.35995e-05
 0.889794 0.108532 0.00164805 2.41976e-05 2.19431e-06
 0.750565 0.243313 0.00606658 5.53965e-05 8.05282e-07
 0.687773 0.285371 0.0264166 0.000435676 3.68024e-06
 0.733461 0.234285 0.0303563 0.00187029 2.83721e-05
 0.566561 0.384615 0.0446756 0.00392514 0.000224006
 0.648481 0.277301 0.0682764 0.0054777 0.000464012
 0.669868 0.275246 0.0464501 0.00781607 0.000619832
 0.548132 0.376485 0.0662353 0.00784749 0.00129992
 0.663926 0.25545 0.0708112 0.00871649 0.00109607
 0.689657 0.262183 0.0396006 0.00759957 0.000959259
 0.247182 0.637987 0.102017 0.010706 0.00210787
 0.586578 0.186878 0.201332 0.022626 0.00258657
 0.141625 0.714043 0.078823 0.0587995 0.0067089
pobs_pel_tallas
 0 0 0 0 0 0 0 0 0 0 0 0 0 0 0 0 0 0 0 0 0 0 0 0 0 0 0 0 0 0 0 0 0 0 0 0
 0 0 0 0 0 0 0 0 0 0 0 0 0 0 0 0 0 0 0 0 0 0 0 0 0 0 0 0 0 0 0 0 0 0 0 0
 0 0 0 0 0 0 0 0 0 0 0 0 0 0 0 0 0 0 0 0 0 0 0 0 0 0 0 0 0 0 0 0 0 0 0 0
 0 0 0 0 0 0 0 0 0 0 0 0 0 0 0 0 0 0 0 0 0 0 0 0 0 0 0 0 0 0 0 0 0 0 0 0
 0 0 0 0 0 0 0 0 0 0 0 0 0 0 0 0 0 0 0 0 0 0 0 0 0 0 0 0 0 0 0 0 0 0 0 0
 0 0 0 0 0 0 0 0 0 0 0 0 0 0 0 0 0 0 0 0 0 0 0 0 0 0 0 0 0 0 0 0 0 0 0 0
 0 0 0 0 0 0 0 0 0 0 0 0 0 0 0 0 0 0 0 0 0 0 0 0 0 0 0 0 0 0 0 0 0 0 0 0
 0 0 0 0 0 0 0 0 0 0 0 0 0 0 0 0 0 0 0 0 0 0 0 0 0 0 0 0 0 0 0 0 0 0 0 0
 0 0 0 0 0 0 0 0 0 0 0 0 0 0 0 0 0 0 0 0 0 0 0 0 0 0 0 0 0 0 0 0 0 0 0 0
 0 0 0 0 0 0 0 0 0 0 0 0 0 0 0 0 0 0 0 0 0 0 0 0 0 0 0 0 0 0 0 0 0 0 0 0
 0 0 0 0 0 0 0 0 1.78061e-05 0.00172719 0.00360574 0.0105946 0.0120993 0.0124554 0.0147524 0.0171206 0.0266825 0.0428682 0.0675386 0.121331 0.153587 0.119568 0.100827 0.0573624 0.0630603 0.0341343 0.0324427 0.0444173 0.0211091 0.0280891 0.0125444 0.00206551 0 0 0 0
 0 0 0 0 0 0 0 0 0 0 0 0 0 0 0 0 0 0 0 0 0 0 0 0 0 0 0 0 0 0 0 0 0 0 0 0
 0 0 0 0 0 0 0.0133647 0.0140871 0.0187388 0.0205184 0.03894 0.0496705 0.03968 0.0493445 0.0407372 0.0367815 0.0215668 0.0243155 0.0234873 0.0199281 0.019796 0.0243948 0.0301388 0.0376714 0.0412746 0.0863199 0.0771752 0.113111 0.0741005 0.0525337 0.0229764 0.00759418 0.00175318 0 0 0
 0 0 0 0 0 0 0 0 0 0 0.00219441 0.00772107 0.0458388 0.0604681 0.0671733 0.0775358 0.0609151 0.0617685 0.073594 0.0568108 0.0755445 0.0548602 0.0670107 0.0636378 0.0643287 0.046367 0.0373049 0.0286899 0.0247887 0.0153202 0.00654259 0.00121912 0.000365735 0 0 0
 0 0 0 0 0 0 0 0 0 0 0 0 0.000112435 0.00938835 0.0111873 0.0202946 0.0414886 0.0713402 0.111592 0.104902 0.108894 0.110636 0.117776 0.105296 0.107544 0.0401394 0.0192827 0.0124803 0.00416011 0.0028671 0.000618394 0 0 0 0 0
 0 0 0 0 0 0 0 0 0 0 0.00291406 0.0102884 0.027416 0.0768956 0.0749926 0.110853 0.0956884 0.0897413 0.0766577 0.0534642 0.0500743 0.0551293 0.0594112 0.0620874 0.0668451 0.0424026 0.0208742 0.0120726 0.0048766 0.00582813 0.00118941 0.000297354 0 0 0 0
 0 0.00264628 0.0354308 0.0461629 0.0458689 0.0383711 0.0214643 0.0164657 0.0346957 0.0420465 0.0363128 0.0245516 0.0311673 0.0291091 0.0169068 0.0133784 0.00837989 0.0085269 0.0148486 0.0160247 0.0276389 0.0546898 0.0760071 0.122758 0.109233 0.0665981 0.0333725 0.0166128 0.00676272 0.00308733 0.000882094 0 0 0 0 0
 0 0 0 0 0 0 0 0.000805153 0.000690131 0.00759144 0.0133425 0.0154129 0.00931677 0.000345066 0.00356568 0.00563607 0.00851162 0.0253048 0.0502646 0.0516448 0.0657925 0.0565908 0.0611916 0.0827007 0.0866115 0.110766 0.145733 0.0935128 0.0569358 0.0249597 0.0138026 0.00621118 0.00161031 0.00115022 0 0
 0 0 0 0 0 0 0 0 0 0 0 0 0 0 0 0 0 0 0 0 0 0 0 0 0 0 0 0 0 0 0 0 0 0 0 0
 0.00147267 0.00158595 0.00478618 0.00569244 0.00954404 0.0108468 0.00647125 0.017049 0.0510054 0.094081 0.124002 0.0959785 0.0687766 0.0820023 0.061753 0.0591476 0.0492212 0.0479892 0.0443925 0.0268479 0.0217502 0.0140895 0.0121071 0.0120363 0.00920419 0.00665534 0.0049561 0.00860946 0.00930331 0.0156896 0.0114698 0.00855282 0.00243557 0.00046729 0 2.83206e-05
 0 0 0 0 0.000772559 0.00158375 0.000888443 0.00281984 0.00712685 0.0440552 0.0773331 0.111326 0.0921469 0.0852325 0.0710754 0.0886704 0.0786465 0.0553345 0.0373146 0.0185414 0.00753245 0.00457741 0.012979 0.0271748 0.0457355 0.0583668 0.034881 0.0177882 0.00938659 0.00492506 0.0015258 0.00185414 0.000309023 5.79419e-05 3.86279e-05 0
 0 0.00173294 0.00326652 0 0.00397197 0.00683976 0.00946217 0.0152591 0.00757587 0.0136028 0.0228656 0.0392903 0.0559909 0.0764795 0.0681675 0.0726916 0.0566044 0.0477403 0.0527397 0.0444891 0.0609904 0.0582453 0.0661739 0.0445044 0.0529084 0.0360697 0.0280645 0.0235558 0.0158879 0.00826598 0.00280645 0.00217768 0.000904811 0.00058276 9.20147e-05 0
 0 0 0 0 0 0 0 0 0 0 0 0 0 0 0 0 0 0 0 0 0 0 0 0 0 0 0 0 0 0 0 0 0 0 0 0
 0 0 0 0 0 0 0 0 0 0 0 0 0 0 0 0 0 0 0 0 0 0 0 0 0 0 0 0 0 0 0 0 0 0 0 0
 0 0 0 0 0 0 0 0 0 0 0 0 0 0 0 0 0 0 0 0 0 0 0 0 0 0 0 0 0 0 0 0 0 0 0 0
 0 0 0 0 0 0 0 0 0 0 0 0 0 0 0 0 0 0 0 0 0 0 0 0 0 0 0 0 0 0 0 0 0 0 0 0
 0 0 0 0 0 0 0 0 0 0 0 0 0 0 0 0 0 0 0 0 0 0 0 0 0 0 0 0 0 0 0 0 0 0 0 0
ppred_pel_tallas
 1.06096e-16 3.86106e-06 2.25759e-05 0.000107138 0.000412189 0.0012851 0.00324667 0.00664761 0.0110363 0.0148735 0.0163224 0.0147239 0.0112525 0.00800758 0.006585 0.0075146 0.0106515 0.0157158 0.0224718 0.030625 0.0396846 0.0489243 0.0574595 0.0644043 0.0690541 0.0710297 0.0703384 0.0673305 0.062579 0.056725 0.0503454 0.043877 0.0376033 0.0316858 0.026213 0.021241
 1.13549e-16 9.39482e-06 5.51023e-05 0.000261858 0.00100804 0.00314335 0.00793994 0.0162473 0.0269362 0.0361884 0.0394168 0.0348559 0.0251433 0.0150671 0.00806241 0.00486671 0.00457238 0.00610265 0.00884381 0.0125707 0.0172001 0.022632 0.0286906 0.0351206 0.0416066 0.0477977 0.0533338 0.0578676 0.0610886 0.0627489 0.0626938 0.0608903 0.057446 0.0526066 0.0467326 0.0402529
 1.15774e-16 3.55836e-06 2.08128e-05 9.87867e-05 0.000380088 0.00118504 0.00299375 0.00612911 0.0101731 0.0137028 0.0150186 0.0135026 0.0102227 0.00709253 0.00555414 0.00606186 0.00845054 0.0124449 0.01784 0.02442 0.0318398 0.0395865 0.0470324 0.0535502 0.0586437 0.062046 0.0637518 0.0639705 0.0630263 0.0612418 0.0588509 0.0559663 0.0526021 0.0487313 0.044349 0.0395167
 1.11239e-16 1.98158e-05 0.000116286 0.000552737 0.00212801 0.00663594 0.0167619 0.0342974 0.0568532 0.076357 0.083104 0.0733335 0.0525604 0.0308103 0.015215 0.00717018 0.00456504 0.00491658 0.0067348 0.00940344 0.0126986 0.0164828 0.0205956 0.0248414 0.0290076 0.0328869 0.0362926 0.0390629 0.0410605 0.0421732 0.0423199 0.0414645 0.0396316 0.0369161 0.0334821 0.0295481
 1.01637e-16 3.60978e-05 0.000211876 0.00100719 0.00387776 0.0120925 0.0305445 0.0624976 0.103595 0.139118 0.151371 0.133479 0.0954597 0.0555308 0.0266129 0.0111475 0.00516194 0.00399131 0.00478297 0.00630133 0.00807433 0.00985632 0.0114422 0.012648 0.0133404 0.0134652 0.0130576 0.012228 0.0111293 0.00991757 0.00871924 0.00761329 0.00663066 0.00576626 0.00499662 0.0042958
 1.00996e-16 1.81638e-05 0.000106549 0.000506361 0.00194931 0.00607856 0.0153545 0.0314208 0.0520968 0.0700048 0.0762853 0.0675414 0.0488986 0.0296472 0.0164599 0.0107746 0.0107994 0.0143281 0.0199237 0.0267527 0.0341235 0.0412464 0.0472411 0.0512837 0.0527921 0.0515672 0.0478421 0.0422158 0.0355004 0.0285319 0.0220051 0.0163772 0.0118489 0.0084092 0.00591253 0.00415619
 1.00586e-16 3.85054e-05 0.000226015 0.00107441 0.0041366 0.0128997 0.0325834 0.066669 0.110507 0.148397 0.161456 0.142344 0.101739 0.0590607 0.0280748 0.011364 0.00466933 0.00300015 0.00331298 0.00431008 0.00553167 0.00677962 0.00790864 0.00878963 0.00932448 0.00946507 0.0092217 0.00865585 0.00786151 0.0069413 0.00598581 0.00506143 0.00420789 0.00344309 0.002771 0.00218905
 1.0036e-16 2.86132e-05 0.000167915 0.000798149 0.00307284 0.00958231 0.0242044 0.0495267 0.0821013 0.110275 0.120043 0.105985 0.0760824 0.0448348 0.0225655 0.0113092 0.00801361 0.0090449 0.012135 0.0161947 0.020622 0.0248919 0.0284601 0.0308248 0.0316348 0.0307742 0.0283926 0.0248635 0.0206903 0.0163896 0.0123901 0.00897211 0.00625643 0.00423183 0.00280259 0.0018371
 1.00617e-16 3.21513e-05 0.000188697 0.000896968 0.00345335 0.0107689 0.0272016 0.0556585 0.0922617 0.12391 0.134851 0.118979 0.0852351 0.0498768 0.0244539 0.0111921 0.00660365 0.00656795 0.00854337 0.0113766 0.0145343 0.0176316 0.0202913 0.0221652 0.0230018 0.0227046 0.0213536 0.019179 0.0165012 0.0136545 0.0109212 0.00849288 0.00646209 0.00483979 0.00358443 0.00263124
 1.00475e-16 3.30862e-05 0.000194186 0.000923068 0.00355385 0.0110823 0.0279932 0.0572781 0.0949459 0.127513 0.138768 0.122425 0.0876817 0.0512639 0.0250505 0.0113238 0.00648543 0.00628807 0.00811329 0.0107783 0.0137468 0.0166434 0.0191058 0.0208026 0.0214974 0.0211048 0.01971 0.0175428 0.014919 0.0121654 0.00955583 0.00727288 0.00540078 0.00394229 0.00284816 0.00204667
 1.0078e-16 2.44358e-05 0.000143384 0.000681511 0.00262373 0.00818176 0.0206668 0.0422891 0.0701069 0.0941758 0.102546 0.0906042 0.065188 0.0387106 0.0200309 0.0109395 0.00888328 0.0107977 0.0147514 0.0197693 0.0252341 0.0305416 0.0350411 0.0381248 0.0393596 0.0385903 0.0359767 0.0319456 0.0270815 0.0219894 0.0171756 0.0129773 0.00954891 0.00689382 0.00491846 0.00348731
 1.01331e-16 2.61354e-05 0.000153369 0.000728994 0.00280658 0.00875198 0.022107 0.0452354 0.0749883 0.100724 0.109652 0.0968269 0.0695427 0.0410513 0.0207932 0.010642 0.00782794 0.00905004 0.0122514 0.0164442 0.021075 0.0256472 0.0296342 0.0325379 0.033992 0.0338447 0.03219 0.0293334 0.0257087 0.021773 0.0179163 0.0144078 0.0113853 0.00887857 0.00684813 0.005224
 1.00404e-16 3.69646e-05 0.000216964 0.00103137 0.00397088 0.0123828 0.031278 0.0639984 0.106082 0.14246 0.155008 0.136689 0.097761 0.0568812 0.0272816 0.0114635 0.00535935 0.00419083 0.00503237 0.00661039 0.00842895 0.0102207 0.0117588 0.0128402 0.0133198 0.0131427 0.0123564 0.0110958 0.0095476 0.0079059 0.006334 0.00494163 0.00378073 0.0028556 0.00214033 0.00159606
 1.00081e-16 3.89089e-05 0.000228381 0.00108566 0.0041799 0.0130347 0.0329245 0.067367 0.111665 0.149953 0.163153 0.143852 0.10284 0.0597481 0.0284905 0.0116844 0.00503117 0.00348838 0.00397274 0.00515401 0.00653742 0.00788447 0.0090089 0.00974947 0.00999458 0.00970793 0.00893779 0.00780371 0.00646668 0.00509178 0.00381597 0.0027288 0.00186876 0.001232 0.000787477 0.000492502
 1.0006e-16 3.88162e-05 0.000227837 0.00108307 0.00416993 0.0130036 0.0328459 0.0672063 0.111399 0.149596 0.162765 0.143512 0.102601 0.0596178 0.0284443 0.0116929 0.00507668 0.00356596 0.00408452 0.00530343 0.00672544 0.00810747 0.00925789 0.0100106 0.0102509 0.00994198 0.00913455 0.00795302 0.00656449 0.00514019 0.00382198 0.00270245 0.00182107 0.00117324 0.00072603 0.000434376
 1.00168e-16 3.27506e-05 0.000192214 0.000913685 0.00351772 0.0109697 0.0277086 0.0566959 0.0939817 0.126221 0.137368 0.121204 0.0868401 0.0508372 0.0249633 0.0114879 0.00685899 0.00687701 0.00894575 0.0118772 0.015109 0.0182268 0.020825 0.0225343 0.023097 0.0224294 0.020643 0.0180148 0.0149173 0.0117328 0.00877833 0.00626138 0.00427125 0.00279912 0.00177318 0.0010945
 1.00484e-16 3.00144e-05 0.000176146 0.000837286 0.00322355 0.0100523 0.0253914 0.0519552 0.0861252 0.115675 0.125906 0.111128 0.0797004 0.0468185 0.0232902 0.0112243 0.00739507 0.00797558 0.0105906 0.0141287 0.01802 0.0218019 0.0250031 0.027188 0.028047 0.0274701 0.0255728 0.0226624 0.0191591 0.0154974 0.0120413 0.00903322 0.00658406 0.00469582 0.00330051 0.00229955
 1.00573e-16 3.20045e-05 0.000187834 0.000892865 0.00343756 0.0107197 0.0270771 0.0554039 0.09184 0.123344 0.134238 0.118442 0.0848607 0.0496781 0.0243942 0.0112279 0.00671054 0.00674191 0.00879088 0.0117043 0.014942 0.018108 0.0208128 0.0226969 0.0235031 0.0231353 0.021681 0.0193838 0.0165801 0.0136194 0.010796 0.00830739 0.00624693 0.0046216 0.00338309 0.00245899
 1.00905e-16 2.4733e-05 0.00014513 0.000689815 0.00265571 0.00828148 0.0209187 0.0428044 0.0709605 0.0953209 0.103788 0.0916917 0.0659479 0.0391168 0.0201586 0.0108781 0.00868396 0.0104702 0.0142836 0.0191475 0.024457 0.0296282 0.0340337 0.0370866 0.0383663 0.0377182 0.0352897 0.0314848 0.0268594 0.0219901 0.017361 0.0132961 0.00994631 0.00731967 0.00533269 0.00386228
 1.0127e-16 2.83009e-05 0.000166086 0.000789464 0.00303942 0.0094781 0.0239411 0.0489876 0.0812063 0.10907 0.11872 0.104793 0.0751743 0.0441951 0.0220519 0.0107418 0.00723323 0.00792911 0.0106004 0.014207 0.0182149 0.0221844 0.0256603 0.0282134 0.0295267 0.0294664 0.0281088 0.0257117 0.0226425 0.01929 0.0159862 0.0129615 0.0103354 0.00813626 0.00633453 0.00487509
 1.01047e-16 2.92333e-05 0.000171561 0.000815491 0.00313963 0.0097906 0.0247304 0.0506027 0.0838831 0.112664 0.122629 0.108235 0.0776264 0.0456016 0.0226882 0.0109416 0.00722259 0.00780793 0.0103902 0.0138946 0.0177753 0.0215902 0.0248868 0.0272427 0.0283512 0.028092 0.026557 0.0240195 0.0208608 0.0174794 0.0142115 0.0112848 0.00880961 0.00680018 0.00520973 0.00396564
 1.01394e-16 2.39292e-05 0.000140412 0.000667384 0.00256935 0.00801216 0.0202384 0.0414124 0.0686532 0.0922221 0.100416 0.0887167 0.0638175 0.0378722 0.0195529 0.0106102 0.0085429 0.0103519 0.0141535 0.0190076 0.0243307 0.0295569 0.0340737 0.0373038 0.0388269 0.0384774 0.0363797 0.0329065 0.0285791 0.0239425 0.0194574 0.0154366 0.0120331 0.00926794 0.00707906 0.00536819
 1.0144e-16 2.89734e-05 0.000170037 0.00080825 0.00311176 0.00970369 0.0245109 0.0501533 0.0831378 0.111661 0.121535 0.107262 0.0769107 0.0451466 0.0223985 0.0106987 0.00693221 0.00740886 0.00984778 0.0131978 0.0169401 0.0206651 0.023953 0.0264075 0.0277338 0.0278029 0.0266774 0.0245852 0.0218551 0.0188362 0.0158279 0.013039 0.0105803 0.00848219 0.00672482 0.00526631
 1.00954e-16 3.00956e-05 0.000176625 0.000839569 0.00323234 0.0100797 0.0254607 0.0520968 0.0863592 0.115987 0.126241 0.111411 0.0798769 0.0468687 0.0232164 0.0110262 0.00705599 0.00746511 0.00987644 0.0131909 0.0168647 0.0204708 0.0235771 0.0257818 0.0267947 0.0265039 0.0250006 0.0225488 0.0195155 0.0162831 0.0131733 0.0104026 0.00807458 0.00619938 0.00472864 0.00358916
 1.02123e-16 1.0817e-05 6.34076e-05 0.000301243 0.00115952 0.00361562 0.00913342 0.0186928 0.031003 0.0416893 0.0455063 0.0404729 0.0296984 0.0187984 0.0118629 0.00989222 0.0119651 0.0168739 0.0237795 0.0320666 0.0410463 0.0498284 0.0573876 0.0627485 0.0652032 0.0644776 0.0607918 0.0547881 0.0473603 0.0394414 0.0318182 0.025023 0.0193126 0.014717 0.0111215 0.00834943
 1.03818e-16 2.55982e-05 0.000150227 0.000714084 0.00274921 0.00857312 0.0216551 0.0443097 0.0734504 0.0986484 0.107366 0.0947455 0.0679116 0.0398162 0.0196692 0.00926475 0.00585597 0.00619986 0.00831572 0.0113291 0.0148535 0.018606 0.0222857 0.0255811 0.0282197 0.030013 0.0308816 0.030849 0.0300143 0.0285153 0.0264971 0.0240946 0.0214306 0.0186201 0.0157767 0.0130117
 1.03686e-16 6.21721e-06 3.6396e-05 0.000172812 0.000665004 0.00207346 0.00523817 0.0107234 0.0177959 0.0239616 0.0262391 0.0235352 0.017699 0.0120478 0.00905841 0.00946018 0.0128789 0.0187302 0.0265414 0.0358196 0.0458564 0.0556753 0.06414 0.0701704 0.0729874 0.0722969 0.0683548 0.0618828 0.0538755 0.04536 0.0371911 0.0299314 0.0238339 0.0189012 0.0149841 0.011876
pSPR Fmed_Fpbrs
0.508181   0.6 0.325
Fs Fmed_Fpbrs
0.64   0.432522 1.50331
SSBpbr Bo_Bmed_Bpbrs
521333  238865  286733 143367
Ro
19148.9
SPR SPRFo_SPRFmed_SPRFpbrs
395506 200988 128539
log_Ro
9.68
likeval ReclasPelacesDesembMPH_pf_preclas_ppelaces_ptallas_desvR_qrecl_qpela
 74.0377 12.3166 0.234336 0.000507709 382.16 221.862 58.5184 0 37.9965 0.00018025 0.000436892 1.23776e-14 0 0 0
q_reclas_q_pelaces
6.70249 19.5646
M
0.7
N
 13089.6 34826.4 12941.3 1705.5 0.126012
 21740.2 6381.12 14321.1 5056.3 665.397
 2217.99 10475.4 2329.38 4809.31 1916.7
 5308.24 980.971 1594.1 257.224 735.657
 37935.1 2421.17 204.469 262.578 162.391
 13694.4 18405.3 948.323 75.0953 155.778
 64794.8 5933.17 2269.05 80.1287 19.2872
 55872.4 28162.7 755.771 199.862 8.66115
 63644.7 24299.1 3609.26 67.0864 18.3092
 113743 26897.2 2323.9 220.841 5.15611
 64127.5 50695.3 4427.96 283.597 27.3359
 48207.9 27505.8 5640.44 328.398 22.7843
 57815.7 20801.3 3252.78 452.039 27.8217
 29068.7 22521.5 865.491 69.0956 9.99197
 12333.3 9880.51 232.934 3.13333 0.27753
 9170.62 4192.12 102.192 0.843291 0.0119696
 6943.9 3811.88 338.442 5.04137 0.0415808
 8880.02 2910.48 335.097 18.6048 0.27556
 7710.16 3847.79 359.276 28.3607 1.58016
 8768.28 3489.8 741.465 53.5593 4.42962
 15649.8 3848.14 490.714 74.0526 5.73306
 17183.6 7276.65 976.061 103.739 16.7761
 28125.8 7958.75 1773.65 196.162 24.0819
 46826.4 12729.7 1532.77 264.217 32.56
 14225.8 21271.5 2545.31 239.485 46.0311
 30395.3 6642.67 5634.22 568.545 63.4533
 2424.14 13882.8 1404.03 944.678 105.24
pred_Ctot
 172.472 4352.82 2011.86 266.642 0.0197036
 464.923 1237.31 3409.94 1210.31 159.293
 175.607 5579.22 1413.86 2928.36 1167.15
 312.637 429.877 814.715 131.964 377.449
 627.498 372.903 38.9622 50.3111 31.1187
 1265.95 10740.2 622.253 49.4131 102.51
 5857.27 3418.58 1473 52.1661 12.5574
 5029.43 16187.6 489.623 129.852 5.62758
 6881.69 15421.5 2539.44 47.3162 12.9142
 8434.85 13751 1361.32 129.796 3.03067
 6337.13 30692.3 2996.46 192.422 18.5487
 4581.49 16300.8 3749.44 218.899 15.1882
 9089.14 15546.7 2605.1 362.6 22.3177
 6740.98 18875.6 754.969 60.3261 8.72399
 2860.08 8281.02 203.189 2.73566 0.242311
 1085.83 2781.77 74.551 0.616561 0.00875189
 786.444 2475.84 242.66 3.62301 0.0298839
 820.172 1697.55 219.786 12.237 0.181257
 493.511 1785.79 193.279 15.3128 0.853247
 738.127 1928.93 464.627 33.6638 2.78436
 719.297 1406.54 212.66 32.2295 2.49541
 835.172 2774.17 439.668 46.925 7.58919
 1801.31 3695.17 954.504 105.95 13.0081
 2884.82 5755.51 805.603 139.386 17.1783
 612.832 7397.93 1053.62 99.5689 19.14
 1762.44 2879.14 2851.3 288.829 32.2381
 244.334 8494.55 958.532 646.611 72.0385
F
 0.0184717 0.188639 0.239787 0.241302 0.241338
 0.0301342 0.307741 0.391183 0.393655 0.393712
 0.115813 1.18272 1.50341 1.51291 1.51313
 0.0850075 0.868126 1.10351 1.11049 1.11065
 0.0232379 0.237313 0.301659 0.303565 0.303609
 0.136431 1.39328 1.77106 1.78225 1.78251
 0.133229 1.36058 1.72949 1.74042 1.74067
 0.132633 1.35449 1.72176 1.73263 1.73289
 0.161294 1.64719 2.09382 2.10705 2.10735
 0.108113 1.10408 1.40345 1.41232 1.41252
 0.146477 1.49587 1.90147 1.91348 1.91376
 0.140505 1.43489 1.82395 1.83547 1.83574
 0.242792 2.47948 3.15177 3.17169 3.17215
 0.379097 3.87147 4.9212 4.95229 4.95302
 0.379097 3.87147 4.9212 4.95229 4.95302
 0.177884 1.81661 2.30917 2.32376 2.3241
 0.169546 1.73146 2.20093 2.21484 2.21516
 0.136304 1.39198 1.76941 1.78059 1.78085
 0.0926944 0.946627 1.2033 1.2109 1.21108
 0.12355 1.26174 1.60385 1.61399 1.61422
 0.0657852 0.671821 0.853982 0.859377 0.859503
 0.0696833 0.71163 0.904585 0.9103 0.910433
 0.0927502 0.947197 1.20403 1.21163 1.21181
 0.0890768 0.909683 1.15634 1.16364 1.16382
 0.0615442 0.628511 0.798929 0.803976 0.804094
 0.0836407 0.854167 1.08577 1.09263 1.09279
 0.1496 1.52776 1.94201 1.95428 1.95456
Np
 12463.1 5987.46 367.071 483.426 42.6039
YTP_r0W_actual
 466.39 63074.8 11351.4 9804.5 1212.24
YTP_p0W_proyectada
 2397.83 4709.34 12096 1037.79 819.356
 2397.83 27203.3 2967.72 5017.32 490.749
CTP_r0_actual
 56.8768 2920.13 361.509 244.501 27.2414
CTP_p0_proyectada
 292.418 218.025 385.224 25.88 18.4125
 292.418 1259.41 94.5133 125.12 11.0281
Wmedp
 8.2 21.6 31.4 40.1 44.5
nmprior
 10.8 10.6 4.6 0
nm_flota  nm_reclas  nm_pelaces    nm_pelaL
inf 16.6518 15.7921 47.623
cv_recla  cv_pelaces  cv_mph
0.745173 0.384446 0.602203
 ------------------------------------------------
Talla a la edad & desviaci?n 
 7.2 14.2025 17.0495 18.207 18.6776
 1.08 2.13037 2.55742 2.73105 2.80164
