years
 1997 1998 1999 2000 2001 2002 2003 2004 2005 2006 2007 2008 2009 2010 2011 2012 2013 2014 2015 2016 2017 2018 2019 2020 2021 2022 2023
reclasobs
 0 0 0 370054 412103 1.49427e+06 250295 1.28982e+06 931140 785840 897777 1.04006e+06 184774 17550 25797 100020 73551 82996 120727 218422 84188 347160 605670 569463 516374 1.08416e+06 1.01767e+06
reclaspred
 607698 147591 332462 195309 322240 408528 889370 649376 742978 839132 761233 532457 311632 122164 71897.8 71874.4 81694.5 108495 122568 155677 239985 236077 395401 519690 713428 680134 551279
pelacesobs
 0 0 0 0 0 0 0 0 0 2.06254e+06 1.5e+06 0 1.87456e+06 323000 250000 174000 83755 137374 0 501740 490994 745055 786931 1.00524e+06 1.33801e+06 1.41789e+06 0
pelacespred
 2.25093e+06 479781 594189 589306 903742 775859 2.39724e+06 1.89172e+06 2.0815e+06 2.35873e+06 1.74129e+06 1.25615e+06 778008 247557 157523 156510 182290 255277 273934 350729 645692 573793 772728 1.19377e+06 1.53225e+06 1.54934e+06 1.17976e+06
mphobs
 0 0 0 0 0 112323 0 153150 637223 0 255016 313432 73983 77613 109348 50772 17779 17303 59886 28197 0 207744 136588 643089 65757 70829 0
mphpred
 186058 96529.6 99343.1 77973.4 86995 153516 208221 285405 254876 289333 325017 224692 138310 73182.9 32622.1 26764.5 27771.9 34168.9 43436.7 48137.1 70982.3 89519.6 109198 154402 237357 240101 198641
desembarqueobs
 350755 77701 442110 56441 14545 235359 269955 359681 431902 328805 639364 411747 362871 311530 167758 66681 60226 58785 57116 73181 50977 67692 138656 160484 209506 203330 245020
desembarquepred
 350751 77690.7 441983 56443.1 14545.3 235447 270033 359578 431860 328752 639043 411625 362751 311478 167493 66659.7 60243.4 58765.1 57087.4 73165.6 50978.1 67673.4 138647 160484 209469 203286 244981
Reclutas
 32492.9 40936.4 16155 22641.8 45192.9 30584.3 68289.4 66300.2 89096.3 113269 64633.7 45900.8 49378.9 26736.7 14237.1 11667.4 8366.75 10261.3 10519.9 15582.3 21534.9 26245.1 42784.3 61682.3 27621 38734.9 39274.4
log_desv_Rt
 0.0487781 0.279774 -0.650016 -0.312449 0.378695 -0.0117576 0.79151 0.761948 1.05747 1.29752 0.736491 0.394237 0.467279 -0.146209 -0.776395 -0.975447 -1.30798 -1.10387 -1.07898 -0.686107 -0.362571 -0.164767 0.323926 0.689752 -0.113667 0.224497 0.238327
SSB
 424347 220158 226575 177836 198412 350129 474896 650932 581303 659891 741276 512462 315447 166910 74402.2 61042.5 63340.2 77929.9 99067.4 109788 161891 204170 249052 352150 541347 547604 453045
BT
 1.41417e+06 343601 524095 327901 432640 515891 1.37483e+06 1.27582e+06 1.40466e+06 1.42486e+06 1.35931e+06 944721 724655 405037 214596 128577 134825 168284 170092 222716 342950 310685 444615 679210 817801 846299 725406
Ftot
 1.12504 1.12058 2.13071 0.5516 0.0976463 0.926448 0.621431 1.10983 1.22607 0.835219 1.43378 1.27395 2.14331 4.25567 4.6717 1.90951 1.48797 1.0926 0.848281 0.912801 0.425524 0.501615 0.61802 0.606447 0.479151 0.466959 0.724834
BD_Bspro_t
 0.901443 0.611365 0.509199 0.292735 0.435824 0.631027 0.561444 0.602046 0.536261 0.521346 0.515809 0.357505 0.256946 0.171431 0.0948379 0.0955921 0.134191 0.21427 0.308392 0.386859 0.512369 0.633988 0.640134 0.649848 0.681191 0.618055 0.568769
BD_Bspro
 0.663908 0.344445 0.354484 0.278231 0.310423 0.547789 0.742992 1.01841 0.90947 1.03242 1.15975 0.801765 0.493529 0.261138 0.116405 0.0955033 0.0990982 0.121924 0.154995 0.171767 0.253285 0.319432 0.389651 0.550952 0.846958 0.856748 0.708806
BD_Bo
 0.639735 0.331904 0.341578 0.268101 0.299121 0.527845 0.715941 0.981328 0.876357 0.994834 1.11753 0.772574 0.47556 0.25163 0.112167 0.0920261 0.0954901 0.117485 0.149351 0.165513 0.244063 0.307801 0.375464 0.530892 0.816121 0.825554 0.682999
BD_Brms
 1.16315 0.603462 0.621051 0.487457 0.543856 0.959718 1.30171 1.78423 1.59338 1.80879 2.03187 1.40468 0.864655 0.457509 0.20394 0.16732 0.173618 0.213609 0.271548 0.300933 0.443751 0.559639 0.682662 0.965258 1.48386 1.50101 1.24182
S_f
 0.0796811 0.621931 0.968997 0.998319 0.999911
 0.0796811 0.621931 0.968997 0.998319 0.999911
 0.0796811 0.621931 0.968997 0.998319 0.999911
 0.0796811 0.621931 0.968997 0.998319 0.999911
 0.0796811 0.621931 0.968997 0.998319 0.999911
 0.0796811 0.621931 0.968997 0.998319 0.999911
 0.0796811 0.621931 0.968997 0.998319 0.999911
 0.0796811 0.621931 0.968997 0.998319 0.999911
 0.0796811 0.621931 0.968997 0.998319 0.999911
 0.0796811 0.621931 0.968997 0.998319 0.999911
 0.0796811 0.621931 0.968997 0.998319 0.999911
 0.0796811 0.621931 0.968997 0.998319 0.999911
 0.0796811 0.621931 0.968997 0.998319 0.999911
 0.0796811 0.621931 0.968997 0.998319 0.999911
 0.0796811 0.621931 0.968997 0.998319 0.999911
 0.0796811 0.621931 0.968997 0.998319 0.999911
 0.0796811 0.621931 0.968997 0.998319 0.999911
 0.0796811 0.621931 0.968997 0.998319 0.999911
 0.0796811 0.621931 0.968997 0.998319 0.999911
 0.0796811 0.621931 0.968997 0.998319 0.999911
 0.0796811 0.621931 0.968997 0.998319 0.999911
 0.0796811 0.621931 0.968997 0.998319 0.999911
 0.0796811 0.621931 0.968997 0.998319 0.999911
 0.0796811 0.621931 0.968997 0.998319 0.999911
 0.0796811 0.621931 0.968997 0.998319 0.999911
 0.0796811 0.621931 0.968997 0.998319 0.999911
 0.0796811 0.621931 0.968997 0.998319 0.999911
Scru_reclas
 0.416594 0.782309 0.947604 0.989133 0.997822
 0.416594 0.782309 0.947604 0.989133 0.997822
 0.416594 0.782309 0.947604 0.989133 0.997822
 0.416594 0.782309 0.947604 0.989133 0.997822
 0.416594 0.782309 0.947604 0.989133 0.997822
 0.416594 0.782309 0.947604 0.989133 0.997822
 0.416594 0.782309 0.947604 0.989133 0.997822
 0.416594 0.782309 0.947604 0.989133 0.997822
 0.416594 0.782309 0.947604 0.989133 0.997822
 0.416594 0.782309 0.947604 0.989133 0.997822
 0.416594 0.782309 0.947604 0.989133 0.997822
 0.416594 0.782309 0.947604 0.989133 0.997822
 0.416594 0.782309 0.947604 0.989133 0.997822
 0.416594 0.782309 0.947604 0.989133 0.997822
 0.416594 0.782309 0.947604 0.989133 0.997822
 0.416594 0.782309 0.947604 0.989133 0.997822
 0.416594 0.782309 0.947604 0.989133 0.997822
 0.416594 0.782309 0.947604 0.989133 0.997822
 0.416594 0.782309 0.947604 0.989133 0.997822
 0.416594 0.782309 0.947604 0.989133 0.997822
 0.416594 0.782309 0.947604 0.989133 0.997822
 0.416594 0.782309 0.947604 0.989133 0.997822
 0.416594 0.782309 0.947604 0.989133 0.997822
 0.416594 0.782309 0.947604 0.989133 0.997822
 0.416594 0.782309 0.947604 0.989133 0.997822
 0.416594 0.782309 0.947604 0.989133 0.997822
 0.416594 0.782309 0.947604 0.989133 0.997822
Scru_pelaces
 0.720813 1 1 1 1
 0.720813 1 1 1 1
 0.720813 1 1 1 1
 0.720813 1 1 1 1
 0.720813 1 1 1 1
 0.720813 1 1 1 1
 0.720813 1 1 1 1
 0.720813 1 1 1 1
 0.720813 1 1 1 1
 0.720813 1 1 1 1
 0.720813 1 1 1 1
 0.720813 1 1 1 1
 0.720813 1 1 1 1
 0.720813 1 1 1 1
 0.720813 1 1 1 1
 0.720813 1 1 1 1
 0.720813 1 1 1 1
 0.720813 1 1 1 1
 0.720813 1 1 1 1
 0.720813 1 1 1 1
 0.720813 1 1 1 1
 0.720813 1 1 1 1
 0.720813 1 1 1 1
 0.720813 1 1 1 1
 0.720813 1 1 1 1
 0.720813 1 1 1 1
 0.720813 1 1 1 1
pf_obs 
 0.256992 0.487395 0.22802 0.0275931 0
 0.321318 0.546541 0.124235 0.00734118 0.000564706
 0.182869 0.594174 0.210203 0.0122559 0.00049798
 0.330522 0.361315 0.267642 0.0388342 0.00168674
 0.649043 0.306663 0.0425973 0.00169635 0
 0.582887 0.30429 0.105238 0.00758474 0
 0.465427 0.430635 0.0974691 0.00646863 0
 0.296916 0.608066 0.0921331 0.00288517 0
 0.311714 0.524322 0.152257 0.0117073 0
 0.15457 0.633149 0.183074 0.0267441 0.00246327
 0.131901 0.49318 0.331252 0.0422183 0.00144891
 0.196976 0.569456 0.194076 0.0375587 0.00193317
 0.518974 0.381816 0.0799577 0.0180837 0.00116848
 0.0928022 0.601141 0.25162 0.0475244 0.00691264
 0.122501 0.610282 0.24278 0.0234846 0.000952079
 0.383417 0.481906 0.127806 0.00687128 0
 0.0376549 0.599619 0.316969 0.0457579 0
 0.0361596 0.667082 0.258105 0.0386534 0
 0.158088 0.579412 0.248529 0.0139706 0
 0.0477256 0.309471 0.559284 0.082774 0.000745712
 0.0406174 0.521527 0.379366 0.0568643 0.0016247
 0.151134 0.462217 0.34131 0.0453401 0
 0.294876 0.26143 0.354403 0.0886775 0.000613685
 0.281977 0.475581 0.204845 0.0348837 0.00271318
 0.0841818 0.532909 0.334909 0.0458182 0.00218182
 0.115287 0.27431 0.454777 0.147771 0.00785563
 0 0 0 0 0
pf_pred 
 0.251566 0.507308 0.214974 0.0261398 1.31261e-05
 0.259547 0.568772 0.138248 0.0299657 0.00346751
 0.119473 0.68868 0.166522 0.0205907 0.00473384
 0.23559 0.483943 0.252797 0.024244 0.00342571
 0.274428 0.498262 0.169582 0.0522264 0.00550179
 0.134022 0.617962 0.192149 0.0419996 0.0138672
 0.2886 0.403298 0.2538 0.042504 0.0117986
 0.20771 0.616209 0.122627 0.044342 0.00911197
 0.260967 0.525331 0.186738 0.0190619 0.00790198
 0.252952 0.578623 0.140095 0.024918 0.00341255
 0.13829 0.642802 0.189066 0.0250059 0.00483666
 0.147208 0.54118 0.268627 0.0374095 0.00557575
 0.243261 0.507004 0.195086 0.0474544 0.00719449
 0.233692 0.653697 0.094776 0.0141551 0.00368032
 0.287326 0.655349 0.0553943 0.00165756 0.00027357
 0.300887 0.655127 0.0432996 0.000666653 2.01634e-05
 0.199018 0.668567 0.128806 0.00355641 5.2704e-05
 0.246194 0.541534 0.194301 0.017508 0.00046292
 0.207976 0.594587 0.164295 0.0304603 0.00268171
 0.256538 0.510535 0.19735 0.029823 0.00575443
 0.238968 0.564319 0.15796 0.0330598 0.00569364
 0.199627 0.546283 0.210218 0.0354782 0.0083946
 0.246078 0.487584 0.209087 0.0476706 0.00958005
 0.243853 0.542686 0.162586 0.0402776 0.0105967
 0.0870748 0.642463 0.220605 0.0383303 0.0115265
 0.144357 0.344515 0.409122 0.0837687 0.0182376
 0.158543 0.494742 0.1846 0.130714 0.0314018
pobs_RECLAS
 0 0 0 0 0
 0 0 0 0 0
 0 0 0 0 0
 0 0 0 0 0
 0.835266 0.146461 0.0176864 0.000547809 3.91292e-05
 0.385257 0.428462 0.181853 0.0044286 0
 0.867414 0.0963971 0.0333333 0.00285562 0
 0.441836 0.489002 0.0689373 0.000224442 0
 0.779404 0.147425 0.0564933 0.0165055 0.000172143
 0.814271 0.122319 0.05973 0.00367925 0
 0.40263 0.566651 0.0304383 0.000280538 0
 0.475488 0.404961 0.113038 0.00651328 0
 0.955842 0.0263864 0.0167828 0.000988607 0
 0.975058 0.0227948 0.00214734 0 0
 0.738997 0.206755 0.0527124 0.00153531 0
 0.850938 0.134255 0.0134407 0.00136685 0
 0.542534 0.407297 0.0501686 0 0
 0.764087 0.199537 0.0359546 0.000420521 0
 0.470689 0.182191 0.310203 0.0369168 0
 0.84361 0.089868 0.0606195 0.00523954 0.000663233
 0.607945 0.314616 0.071237 0.00620181 0
 0.523733 0.453247 0.0230204 0 0
 0.530135 0.295979 0.169645 0.0042399 0
 0.562478 0.366248 0.0663022 0.0049721 0
 0.250443 0.683176 0.0655157 0.000865301 0
 0.195077 0.31981 0.436473 0.0351445 0.0134964
 0.565238 0.351407 0.0832357 0.000118908 0
ppred_RECLAS
 0.616857 0.283412 0.088833 0.0108924 5.50745e-06
 0.620675 0.309973 0.0557465 0.0121851 0.00141977
 0.409438 0.496576 0.0815649 0.0100869 0.00233398
 0.589022 0.284776 0.113613 0.0110212 0.00156835
 0.628908 0.273842 0.0723015 0.0225557 0.00239316
 0.419443 0.446105 0.1039 0.0229289 0.00762339
 0.658399 0.215805 0.103392 0.0175092 0.00489472
 0.549409 0.371714 0.054771 0.0199736 0.00413284
 0.628202 0.28618 0.074723 0.00768647 0.0032083
 0.607197 0.32208 0.0587185 0.0105499 0.00145495
 0.436284 0.452222 0.0961985 0.0128022 0.00249303
 0.458894 0.38053 0.138267 0.0193975 0.00291097
 0.631151 0.276449 0.0721673 0.0175546 0.00267862
 0.66716 0.305532 0.0230687 0.00336126 0.000878379
 0.731737 0.257246 0.0106557 0.000309354 5.13018e-05
 0.671554 0.313821 0.0143968 0.000222146 6.76315e-06
 0.539805 0.402744 0.055877 0.00155172 2.31514e-05
 0.606714 0.304688 0.0810369 0.00736494 0.000196082
 0.546967 0.362341 0.0753339 0.0141076 0.00125073
 0.618506 0.284149 0.0823399 0.0125638 0.00244115
 0.585117 0.327114 0.0702969 0.0148894 0.00258253
 0.533062 0.344145 0.101362 0.0173072 0.00412417
 0.60289 0.280241 0.0915037 0.0210965 0.0042696
 0.595452 0.311053 0.0709964 0.0177863 0.00471252
 0.302492 0.527093 0.138657 0.0243762 0.00738236
 0.453122 0.255533 0.232591 0.0481882 0.0105658
 0.472443 0.34395 0.0972075 0.0695694 0.0168306
pobs_PELACES
 0 0 0 0 0
 0 0 0 0 0
 0 0 0 0 0
 0 0 0 0 0
 0 0 0 0 0
 0 0 0 0 0
 0 0 0 0 0
 0 0 0 0 0
 0 0 0 0 0
 0 0 0 0 0
 0.450072 0.473896 0.0757376 0.000293798 0
 0 0 0 0 0
 0.463077 0.371075 0.160297 0.00555027 0
 0.529543 0.364841 0.0842815 0.0213345 0
 0.631943 0.363953 0.00410389 0 0
 0.735681 0.248677 0.0153453 0.000297389 0
 0.695825 0.281241 0.0229344 0 0
 0.275771 0.60734 0.115278 0.00161068 0
 0 0 0 0 0
 0.896147 0.0623911 0.0374545 0.00400742 0
 0.803859 0.145111 0.0509908 3.86294e-05 0
 0.739449 0.233085 0.0266225 0.000797448 4.60066e-05
 0.878498 0.100942 0.0204185 0.000141795 0
 0.694673 0.275183 0.0284847 0.00165964 0
 0.469039 0.446079 0.0841089 0.000773354 0
 0.822795 0.102175 0.0682046 0.00682512 0
 0 0 0 0 0
ppred_PELACES
 0.741836 0.205884 0.0468349 0.00544207 2.72606e-06
 0.740492 0.223567 0.0291954 0.00604768 0.000698108
 0.593032 0.362913 0.0385556 0.00447466 0.00102522
 0.697243 0.225633 0.0697652 0.00644908 0.000909466
 0.710869 0.224712 0.0484359 0.0144623 0.00152101
 0.551609 0.367206 0.0634975 0.0133047 0.00438288
 0.761666 0.165027 0.0607886 0.00980306 0.00271571
 0.679353 0.278402 0.0298237 0.010308 0.00211308
 0.7531 0.203528 0.0381244 0.00371275 0.0015352
 0.718086 0.242335 0.0331462 0.00565938 0.000773357
 0.590315 0.349747 0.05212 0.0065534 0.00126411
 0.612196 0.298591 0.0774089 0.0102763 0.0015277
 0.788981 0.173979 0.0293334 0.00669546 0.00101161
 0.85833 0.135603 0.00519168 0.000695465 0.000179757
 0.89694 0.100975 0.0020222 5.37575e-05 8.8156e-06
 0.798155 0.195797 0.00595884 8.64733e-05 2.60711e-06
 0.682954 0.288443 0.0278614 0.00073064 1.07977e-05
 0.730212 0.222804 0.0431673 0.00371897 9.8094e-05
 0.667269 0.280573 0.0436995 0.00777582 0.00068307
 0.734699 0.211781 0.0456351 0.00661219 0.00127296
 0.683656 0.26166 0.0442139 0.00893477 0.00153588
 0.642571 0.280166 0.0643203 0.0104704 0.00247265
 0.711735 0.218824 0.0549557 0.0120659 0.0024199
 0.701541 0.242898 0.0426984 0.0101879 0.00267495
 0.403652 0.476933 0.0980456 0.0164366 0.00493326
 0.580767 0.222565 0.158536 0.0313246 0.00680677
 0.602595 0.284678 0.0611302 0.0416199 0.00997743
pobs_pel_tallas
 0 0 0 0 0 0 0 0 0 0 0 0 0 0 0 0 0 0 0 0 0 0 0 0 0 0 0 0 0 0 0 0 0 0 0 0
 0 0 0 0 0 0 0 0 0 0 0 0 0 0 0 0 0 0 0 0 0 0 0 0 0 0 0 0 0 0 0 0 0 0 0 0
 0 0 0 0 0 0 0 0 0 0 0 0 0 0 0 0 0 0 0 0 0 0 0 0 0 0 0 0 0 0 0 0 0 0 0 0
 0 0 0 0 0 0 0 0 0 0 0 0 0 0 0 0 0 0 0 0 0 0 0 0 0 0 0 0 0 0 0 0 0 0 0 0
 0 0 0 0 0 0 0 0 0 0 0 0 0 0 0 0 0 0 0 0 0 0 0 0 0 0 0 0 0 0 0 0 0 0 0 0
 0 0 0 0 0 0 0 0 0 0 0 0 0 0 0 0 0 0 0 0 0 0 0 0 0 0 0 0 0 0 0 0 0 0 0 0
 0 0 0 0 0 0 0 0 0 0 0 0 0 0 0 0 0 0 0 0 0 0 0 0 0 0 0 0 0 0 0 0 0 0 0 0
 0 0 0 0 0 0 0 0 0 0 0 0 0 0 0 0 0 0 0 0 0 0 0 0 0 0 0 0 0 0 0 0 0 0 0 0
 0 0 0 0 0 0 0 0 0 0 0 0 0 0 0 0 0 0 0 0 0 0 0 0 0 0 0 0 0 0 0 0 0 0 0 0
 0 0 0 0 0 0 0 0 0 0 0 0 0 0 0 0 0 0 0 0 0 0 0 0 0 0 0 0 0 0 0 0 0 0 0 0
 0 0 0 0 0 0 0 0 1.78061e-05 0.00172719 0.00360574 0.0105946 0.0120993 0.0124554 0.0147524 0.0171206 0.0266825 0.0428682 0.0675386 0.121331 0.153587 0.119568 0.100827 0.0573624 0.0630603 0.0341343 0.0324427 0.0444173 0.0211091 0.0280891 0.0125444 0.00206551 0 0 0 0
 0 0 0 0 0 0 0 0 0 0 0 0 0 0 0 0 0 0 0 0 0 0 0 0 0 0 0 0 0 0 0 0 0 0 0 0
 0 0 0 0 0 0 0.0133647 0.0140871 0.0187388 0.0205184 0.03894 0.0496705 0.03968 0.0493445 0.0407372 0.0367815 0.0215668 0.0243155 0.0234873 0.0199281 0.019796 0.0243948 0.0301388 0.0376714 0.0412746 0.0863199 0.0771752 0.113111 0.0741005 0.0525337 0.0229764 0.00759418 0.00175318 0 0 0
 0 0 0 0 0 0 0 0 0 0 0.00219441 0.00772107 0.0458388 0.0604681 0.0671733 0.0775358 0.0609151 0.0617685 0.073594 0.0568108 0.0755445 0.0548602 0.0670107 0.0636378 0.0643287 0.046367 0.0373049 0.0286899 0.0247887 0.0153202 0.00654259 0.00121912 0.000365735 0 0 0
 0 0 0 0 0 0 0 0 0 0 0 0 0.000112435 0.00938835 0.0111873 0.0202946 0.0414886 0.0713402 0.111592 0.104902 0.108894 0.110636 0.117776 0.105296 0.107544 0.0401394 0.0192827 0.0124803 0.00416011 0.0028671 0.000618394 0 0 0 0 0
 0 0 0 0 0 0 0 0 0 0 0.00291406 0.0102884 0.027416 0.0768956 0.0749926 0.110853 0.0956884 0.0897413 0.0766577 0.0534642 0.0500743 0.0551293 0.0594112 0.0620874 0.0668451 0.0424026 0.0208742 0.0120726 0.0048766 0.00582813 0.00118941 0.000297354 0 0 0 0
 0 0.00264628 0.0354308 0.0461629 0.0458689 0.0383711 0.0214643 0.0164657 0.0346957 0.0420465 0.0363128 0.0245516 0.0311673 0.0291091 0.0169068 0.0133784 0.00837989 0.0085269 0.0148486 0.0160247 0.0276389 0.0546898 0.0760071 0.122758 0.109233 0.0665981 0.0333725 0.0166128 0.00676272 0.00308733 0.000882094 0 0 0 0 0
 0 0 0 0 0 0 0 0.000805153 0.000690131 0.00759144 0.0133425 0.0154129 0.00931677 0.000345066 0.00356568 0.00563607 0.00851162 0.0253048 0.0502646 0.0516448 0.0657925 0.0565908 0.0611916 0.0827007 0.0866115 0.110766 0.145733 0.0935128 0.0569358 0.0249597 0.0138026 0.00621118 0.00161031 0.00115022 0 0
 0 0 0 0 0 0 0 0 0 0 0 0 0 0 0 0 0 0 0 0 0 0 0 0 0 0 0 0 0 0 0 0 0 0 0 0
 0.00147267 0.00158595 0.00478618 0.00569244 0.00954404 0.0108468 0.00647125 0.017049 0.0510054 0.094081 0.124002 0.0959785 0.0687766 0.0820023 0.061753 0.0591476 0.0492212 0.0479892 0.0443925 0.0268479 0.0217502 0.0140895 0.0121071 0.0120363 0.00920419 0.00665534 0.0049561 0.00860946 0.00930331 0.0156896 0.0114698 0.00855282 0.00243557 0.00046729 0 2.83206e-05
 0 0 0 0 0.000772559 0.00158375 0.000888443 0.00281984 0.00712685 0.0440552 0.0773331 0.111326 0.0921469 0.0852325 0.0710754 0.0886704 0.0786465 0.0553345 0.0373146 0.0185414 0.00753245 0.00457741 0.012979 0.0271748 0.0457355 0.0583668 0.034881 0.0177882 0.00938659 0.00492506 0.0015258 0.00185414 0.000309023 5.79419e-05 3.86279e-05 0
 0 0.00173294 0.00326652 0 0.00397197 0.00683976 0.00946217 0.0152591 0.00757587 0.0136028 0.0228656 0.0392903 0.0559909 0.0764795 0.0681675 0.0726916 0.0566044 0.0477403 0.0527397 0.0444891 0.0609904 0.0582453 0.0661739 0.0445044 0.0529084 0.0360697 0.0280645 0.0235558 0.0158879 0.00826598 0.00280645 0.00217768 0.000904811 0.00058276 9.20147e-05 0
 0 0 0 0 0 0 0 0 0 0 0 0 0 0 0 0 0 0 0 0 0 0 0 0 0 0 0 0 0 0 0 0 0 0 0 0
 0 0 0 0 0 0 0 0 0 0 0 0 0 0 0 0 0 0 0 0 0 0 0 0 0 0 0 0 0 0 0 0 0 0 0 0
 0 0 0 0 0 0 0 0 0 0 0 0 0 0 0 0 0 0 0 0 0 0 0 0 0 0 0 0 0 0 0 0 0 0 0 0
 0 0 0 0 0 0 0 0 0 0 0 0 0 0 0 0 0 0 0 0 0 0 0 0 0 0 0 0 0 0 0 0 0 0 0 0
 0 0 0 0 0 0 0 0 0 0 0 0 0 0 0 0 0 0 0 0 0 0 0 0 0 0 0 0 0 0 0 0 0 0 0 0
ppred_pel_tallas
 1.0092e-16 3.23686e-05 0.000189974 0.000903046 0.00347676 0.010842 0.027386 0.0560356 0.0928862 0.124747 0.135757 0.119767 0.0857743 0.050142 0.0244905 0.0110526 0.00630942 0.00610893 0.00789573 0.0105221 0.0134755 0.0164018 0.0189581 0.0208257 0.0217706 0.0216955 0.0206598 0.0188575 0.0165642 0.01407 0.0116225 0.00939208 0.00746576 0.00586212 0.00455632 0.00350455
 1.00728e-16 3.23107e-05 0.000189633 0.000901417 0.00347049 0.0108224 0.0273365 0.0559346 0.0927193 0.124524 0.135518 0.119565 0.0856495 0.0501082 0.0245464 0.011199 0.0065587 0.00648271 0.00841626 0.0112016 0.0143062 0.0173492 0.019959 0.0217932 0.0226059 0.0223047 0.0209711 0.0188345 0.0162124 0.0134343 0.0107768 0.00842513 0.00646622 0.00490602 0.00369936 0.00277948
 1.00868e-16 2.58864e-05 0.000151904 0.000722021 0.00277972 0.00866821 0.0218955 0.0448028 0.0742723 0.0997659 0.108619 0.0959362 0.068951 0.0407981 0.0208414 0.0109517 0.00839924 0.00992022 0.0134692 0.0180399 0.0230351 0.0278976 0.0320345 0.0348925 0.0360763 0.0354419 0.0331308 0.0295266 0.0251558 0.020564 0.016208 0.0123924 0.00925779 0.00680885 0.00496391 0.00360412
 1.01329e-16 3.0425e-05 0.000178562 0.000848785 0.00326784 0.0101904 0.0257403 0.0526685 0.0873059 0.117256 0.127613 0.112602 0.0806867 0.047256 0.0232459 0.0107718 0.00654346 0.0066726 0.00876302 0.0117282 0.0150623 0.0183925 0.0213461 0.0235714 0.0248051 0.0249293 0.0239939 0.0221946 0.0198165 0.0171641 0.0144998 0.0120088 0.00979198 0.00788092 0.00626386 0.00490972
 1.01329e-16 3.10191e-05 0.00018205 0.000865366 0.00333168 0.0103895 0.0262432 0.0536975 0.0890113 0.119545 0.130103 0.114795 0.0822487 0.0481518 0.0236505 0.0108975 0.00653362 0.00658967 0.00861897 0.0115123 0.0147556 0.0179745 0.0207984 0.0228814 0.0239691 0.0239553 0.0229034 0.0210221 0.0186073 0.0159697 0.0133724 0.0109948 0.00892645 0.00718409 0.00573982 0.00454775
 1.01683e-16 2.40804e-05 0.0001413 0.00067161 0.00258562 0.00806292 0.0203666 0.0416746 0.0690876 0.0928046 0.101047 0.0892682 0.0642001 0.0380709 0.0196036 0.0105548 0.00840288 0.0101269 0.0138318 0.0185776 0.0237893 0.0289149 0.0333584 0.0365578 0.0381039 0.0378344 0.0358689 0.0325674 0.0284333 0.0239919 0.0196862 0.0158152 0.0125233 0.00982848 0.00766982 0.00595385
 1.01381e-16 3.32316e-05 0.000195045 0.000927159 0.00356962 0.0111315 0.0281173 0.0575318 0.095365 0.128072 0.139365 0.122925 0.0879818 0.0513231 0.024864 0.0108787 0.00573715 0.00516668 0.00654819 0.00872848 0.0112296 0.0137556 0.0160308 0.0177966 0.0188567 0.0191179 0.0186066 0.0174535 0.0158536 0.0140174 0.0121274 0.0103136 0.00864952 0.00716311 0.00585463 0.00471292
 1.00968e-16 2.9647e-05 0.000173989 0.000827036 0.00318408 0.00992922 0.0250806 0.0513191 0.0850707 0.114258 0.124364 0.109765 0.0787204 0.0462375 0.0229915 0.0110651 0.00727206 0.0078335 0.010406 0.0138963 0.0177485 0.0215135 0.0247337 0.0269849 0.0279637 0.0275583 0.025874 0.0232004 0.0199355 0.016491 0.0132109 0.0103232 0.00793208 0.00603985 0.00458519 0.00348069
 1.00807e-16 3.28597e-05 0.000192858 0.000916753 0.00352954 0.0110065 0.0278017 0.0568861 0.0942959 0.126639 0.137815 0.121579 0.0870638 0.0508791 0.0248191 0.0111471 0.00628704 0.00602057 0.00775133 0.0103143 0.013192 0.0160312 0.0184922 0.0202611 0.02111 0.0209478 0.0198401 0.0179862 0.0156657 0.0131715 0.0107516 0.00857461 0.00672368 0.00521152 0.00400624 0.00305674
 1.00781e-16 3.13345e-05 0.0001839 0.000874158 0.00336553 0.0104951 0.0265098 0.0542431 0.0899162 0.120762 0.13143 0.115973 0.0831083 0.0486861 0.0239703 0.0111396 0.00680417 0.00695464 0.00911418 0.0121497 0.0155218 0.0188264 0.0216622 0.0236579 0.0245467 0.0242274 0.0227876 0.0204753 0.0176337 0.0146197 0.0117334 0.00917593 0.00704247 0.00534051 0.00402219 0.00301606
 1.01139e-16 2.57674e-05 0.000151206 0.000718709 0.00276697 0.00862845 0.021795 0.0445972 0.0739312 0.0993069 0.108116 0.0954873 0.0686166 0.0405769 0.0206856 0.0108019 0.00820572 0.00964792 0.013096 0.0175575 0.0224521 0.027244 0.0313622 0.0342715 0.0355852 0.0351551 0.0331046 0.0297888 0.0257005 0.0213529 0.0171784 0.0134685 0.0103622 0.00787344 0.00593628 0.00445075
 1.01621e-16 2.67195e-05 0.000156801 0.000745314 0.00286943 0.00894797 0.022602 0.046248 0.0766661 0.102975 0.112095 0.0989673 0.0710428 0.0418621 0.0210662 0.0105578 0.00749291 0.00848909 0.0114453 0.0153674 0.0197206 0.0240423 0.0278451 0.0306671 0.0321656 0.0321931 0.0308272 0.0283387 0.0251163 0.0215716 0.0180563 0.0148146 0.0119739 0.00956636 0.00756407 0.00591346
 1.00751e-16 3.4423e-05 0.000202039 0.000960406 0.00369763 0.0115307 0.0291257 0.0595949 0.0987849 0.132664 0.144362 0.127332 0.091134 0.0531577 0.0257438 0.0112455 0.00589891 0.00527182 0.00664282 0.00880685 0.0112572 0.0136768 0.015773 0.017278 0.017998 0.0178565 0.0169109 0.0153326 0.0133611 0.0112464 0.00919906 0.00736144 0.00580216 0.00452964 0.00351459 0.00271203
 1.00151e-16 3.74454e-05 0.000219786 0.00104479 0.00402253 0.0125439 0.0316849 0.064831 0.107463 0.144313 0.157025 0.138468 0.0990337 0.0576227 0.0276386 0.011615 0.00543005 0.00424123 0.00508159 0.00665635 0.00845753 0.0102086 0.0116753 0.0126503 0.0129893 0.0126442 0.0116757 0.0102359 0.00853037 0.00677013 0.00513055 0.00372664 0.00260833 0.00177173 0.00117844 0.000775288
 1.00065e-16 3.91275e-05 0.000229665 0.00109176 0.0042034 0.013108 0.0331096 0.0677457 0.112293 0.150796 0.164069 0.144656 0.103409 0.0600665 0.0286194 0.0116976 0.00497603 0.0033825 0.00381625 0.00494157 0.00626529 0.00755412 0.00862847 0.00933354 0.00956237 0.00928046 0.00853456 0.00743997 0.0061517 0.00482869 0.00360271 0.00255985 0.00173699 0.00113013 0.000709079 0.000432341
 1.00152e-16 3.48239e-05 0.00020439 0.000971582 0.00374065 0.0116649 0.0294646 0.0602885 0.099935 0.13421 0.146049 0.128828 0.0922251 0.053834 0.0261452 0.0115447 0.00622909 0.00571474 0.0072418 0.00957504 0.0121761 0.0146914 0.0167908 0.0181766 0.0186407 0.0181151 0.0166889 0.0145838 0.0120987 0.00954039 0.00716356 0.00513512 0.00352725 0.00233355 0.00149714 0.000939392
 1.00516e-16 2.98044e-05 0.000174913 0.000831423 0.00320097 0.00998188 0.0252136 0.0515914 0.0855222 0.114866 0.125027 0.110354 0.0791521 0.0465096 0.0231608 0.0112025 0.00743365 0.00805608 0.0107115 0.0142943 0.0182345 0.0220658 0.0253122 0.0275333 0.0284159 0.0278478 0.0259449 0.0230166 0.0194861 0.015792 0.0123012 0.00925863 0.00677658 0.00485779 0.00343457 0.00240845
 1.00818e-16 3.18624e-05 0.000187001 0.000888906 0.00342232 0.0106722 0.0269571 0.0551582 0.0914325 0.122796 0.133639 0.117909 0.0844681 0.049427 0.0242317 0.0110883 0.00654105 0.00650772 0.00847177 0.0112934 0.014448 0.0175583 0.020254 0.0221914 0.0231201 0.0229398 0.0217215 0.0196832 0.017131 0.0143858 0.01172 0.0093197 0.00727755 0.00560903 0.00428055 0.00323696
 1.01011e-16 2.91201e-05 0.000170896 0.00081233 0.00312746 0.00975264 0.0246345 0.0504066 0.0835582 0.112228 0.122156 0.107821 0.0773369 0.0454465 0.0226387 0.0109634 0.00729593 0.0079288 0.0105629 0.014124 0.0180618 0.0219267 0.0252576 0.0276245 0.0287162 0.0284123 0.0268095 0.0241895 0.0209446 0.0174833 0.01415 0.0111771 0.00867584 0.00665837 0.00507395 0.00384518
 1.01004e-16 3.20576e-05 0.000188148 0.000894362 0.00344333 0.0107377 0.0271226 0.0554967 0.0919932 0.123548 0.134455 0.118622 0.0849643 0.0496881 0.0243054 0.0110309 0.00638306 0.00625206 0.00810718 0.0108085 0.0138412 0.0168442 0.0194655 0.0213783 0.0223428 0.0222603 0.0211932 0.0193422 0.0169914 0.0144395 0.0119401 0.00966688 0.00770748 0.00607866 0.00475278 0.00368324
 1.01092e-16 2.98339e-05 0.000175088 0.000832264 0.00320422 0.00999202 0.0252392 0.0516435 0.0856079 0.114978 0.125144 0.110444 0.0791865 0.0464699 0.0230307 0.0109581 0.00703997 0.00747063 0.00989506 0.0132245 0.0169198 0.0205565 0.0237038 0.0259603 0.0270347 0.0268121 0.0253791 0.0229941 0.020018 0.0168275 0.0137405 0.0109715 0.00862432 0.00671185 0.00518989 0.00399033
 1.0148e-16 2.80432e-05 0.000164574 0.000782272 0.00301173 0.00939174 0.0237229 0.0485413 0.0804666 0.108077 0.117641 0.103843 0.0744996 0.0438117 0.0218855 0.0107017 0.00725915 0.00799508 0.010701 0.0143443 0.0183917 0.0224008 0.0259133 0.028497 0.0298337 0.0297898 0.0284441 0.0260572 0.0229999 0.0196624 0.0163768 0.0133711 0.0107611 0.00857105 0.0067679 0.00529454
 1.0138e-16 3.10566e-05 0.00018227 0.000866417 0.00333573 0.0104021 0.026275 0.0537627 0.0891192 0.11969 0.130259 0.114929 0.0823384 0.0481908 0.0236449 0.0108536 0.00645201 0.00646534 0.00844524 0.0112852 0.0144774 0.0176564 0.0204608 0.0225525 0.023681 0.0237383 0.0227807 0.021005 0.0186937 0.0161449 0.0136126 0.0112717 0.00921228 0.00745557 0.00598041 0.00474834
 1.01161e-16 3.0613e-05 0.000179664 0.000854022 0.003288 0.0102533 0.0258991 0.0529936 0.0878451 0.117981 0.128406 0.113308 0.0812085 0.0475927 0.0234688 0.0109694 0.00678715 0.00700967 0.00922035 0.0123132 0.0157591 0.0191579 0.0221091 0.0242401 0.0252799 0.0251203 0.0238395 0.0216743 0.0189561 0.0160311 0.013191 0.010633 0.00845217 0.00666088 0.00521971 0.00406805
 1.02343e-16 1.76333e-05 0.00010344 0.000491595 0.00189248 0.00590135 0.0149068 0.0305043 0.050576 0.0679575 0.0740443 0.0655337 0.0473942 0.0286342 0.0157185 0.0100286 0.00981417 0.0129333 0.0180089 0.0242735 0.0311226 0.0378737 0.0437591 0.0480471 0.0502002 0.0499986 0.0475856 0.0434156 0.0381302 0.0324023 0.0268021 0.0217187 0.0173454 0.0137162 0.0107648 0.00838327
 1.03718e-16 2.53462e-05 0.000148744 0.000707029 0.00272204 0.00848837 0.021441 0.043872 0.0727259 0.0976783 0.106318 0.0938395 0.0673029 0.0395409 0.0196837 0.00952062 0.00634276 0.00694351 0.00935397 0.0126841 0.016509 0.0204932 0.0242796 0.0275115 0.0298951 0.0312546 0.0315574 0.0308997 0.0294641 0.0274645 0.0250995 0.0225274 0.019863 0.0171893 0.0145738 0.0120793
 1.02857e-16 2.63002e-05 0.00015434 0.000733621 0.00282441 0.00880759 0.0222474 0.0455224 0.0754629 0.101358 0.110333 0.0974068 0.0699121 0.0411748 0.0206817 0.0103022 0.00723442 0.0081481 0.010978 0.0147536 0.0189623 0.023168 0.0269127 0.0297631 0.0313974 0.0316764 0.03067 0.0286262 0.0258982 0.0228553 0.0198059 0.0169558 0.0144032 0.012163 0.0102029 0.00847751
pSPR Fmed_Fpbrs
0.535517   0.6 0.325
Fs Fmed_Fpbrs
0.64   0.482614 1.72501
SSBpbr Bo_Bmed_Bpbrs
663317  322052  364825 182412
Ro
30946
SPR SPRFo_SPRFmed_SPRFpbrs
639166 342285 207729
log_Ro
10.16
likeval ReclasPelacesDesembMPH_pf_preclas_ppelaces_ptallas_desvR_qrecl_qpela
 68.274 13.4736 0.0209546 0.000537282 331.134 207.938 56.0623 0 17.5955 3.415e-06 0.000114273 3.62077e-14 0 0 0
q_reclas_q_pelaces
1.29935 4.5761
M
0.7
N
 32492.9 10785.2 3392.54 405.145 0.203249
 40936.4 14752 2660.4 566.325 65.47
 16155 18592 3649 446.032 102.482
 22641.8 6769.66 2453.65 229.88 32.4419
 45192.9 10760.1 2385.46 713.963 75.0977
 30584.3 22268.2 5028.46 1077.64 355.436
 68289.4 14106.9 6215.04 1017.54 282.118
 66300.2 32273.2 4759.68 1690.13 346.976
 89096.3 30137.2 8036.58 806.348 333.962
 113269 40126 6981.26 1216.46 166.413
 64633.7 52626.2 11852.9 1543.27 298.253
 45900.8 28631 10713.4 1467.03 218.46
 49378.9 20593.4 6437.77 1548.13 234.567
 26736.7 20671.2 2696.57 400.644 104.139
 14237.1 9458.74 727.608 21.6715 3.57589
 11667.4 4872.48 257.037 3.90749 0.118106
 8366.75 4976.1 737.878 20.0637 0.297092
 10261.3 3690.28 979.448 86.6556 2.28899
 10519.9 4670.74 928.841 168.724 14.8382
 15582.3 4882.6 1368.54 202.746 39.0791
 21534.9 7195.13 1374.35 280.619 48.2654
 26245.1 10337.4 2742.19 451.873 106.783
 42784.3 12522.3 3757.67 837.524 168.109
 61682.3 20225.1 4233.98 1025.25 269.408
 27621 29185.6 6887.85 1168.24 350.856
 38734.9 13202.4 10758.3 2149.99 467.476
 39274.4 18532.6 4903.66 3398.02 815.381
pred_Ctot
 2014.05 4061.54 1721.09 209.277 0.105088
 2527.73 5539.27 1346.4 291.836 33.7701
 1831.98 10560.1 2553.41 315.733 72.5877
 701.959 1441.94 753.228 72.2368 10.2072
 252.009 457.557 155.729 47.9598 5.05233
 1571.9 7247.85 2253.65 492.598 162.643
 2379.38 3325.02 2092.47 350.427 97.2746
 4056.12 12033.2 2394.64 865.903 177.937
 5997.47 12073 4291.55 438.075 181.601
 5264.94 12043.5 2915.94 518.644 71.0288
 5051.48 23480.5 6906.26 913.423 176.675
 3205.13 11783 5848.76 814.51 121.4
 5630.28 11734.6 4515.27 1098.33 166.517
 5638.45 15772.2 2286.73 341.53 88.7976
 3251.06 7415.2 626.78 18.7551 3.09541
 1194.73 2601.31 171.929 2.64707 0.0800625
 677.352 2275.45 438.388 12.1042 0.179377
 618.389 1360.22 488.043 43.9765 1.16276
 496.405 1419.18 392.144 72.7038 6.4008
 789.44 1571.06 607.301 91.7739 17.708
 517.321 1221.64 341.953 71.5682 12.3257
 741.232 2028.4 780.557 131.734 31.1699
 1482.71 2937.87 1259.82 287.233 57.7233
 2098.45 4670.02 1399.12 346.604 91.1886
 745.745 5502.32 1889.36 328.277 98.7178
 1019.63 2433.41 2889.75 591.683 128.817
 1590.38 4962.85 1851.76 1311.22 314.997
F
 0.0896448 0.6997 1.09017 1.12315 1.12495
 0.0892892 0.696924 1.08584 1.1187 1.12048
 0.169777 1.32515 2.06465 2.12713 2.13052
 0.0439521 0.343057 0.534499 0.550673 0.551551
 0.00778056 0.0607292 0.094619 0.0974821 0.0976376
 0.0738204 0.576186 0.897726 0.92489 0.926366
 0.0495163 0.386487 0.602165 0.620386 0.621376
 0.0884322 0.690235 1.07542 1.10796 1.10973
 0.0976947 0.762532 1.18806 1.22401 1.22596
 0.0665512 0.519448 0.809325 0.833815 0.835145
 0.114246 0.891714 1.38933 1.43137 1.43366
 0.10151 0.792309 1.23445 1.27181 1.27384
 0.170781 1.33299 2.07686 2.13971 2.14312
 0.339097 2.64673 4.12374 4.24852 4.2553
 0.372246 2.90548 4.52687 4.66385 4.67129
 0.152152 1.18758 1.85031 1.9063 1.90934
 0.118563 0.925412 1.44184 1.48547 1.48784
 0.0870594 0.679521 1.05873 1.09076 1.0925
 0.067592 0.527572 0.821982 0.846855 0.848206
 0.072733 0.567699 0.884502 0.911267 0.91272
 0.0339062 0.264647 0.412332 0.424809 0.425487
 0.0399692 0.31197 0.486063 0.500771 0.50157
 0.0492445 0.384365 0.598859 0.616981 0.617965
 0.0483224 0.377168 0.587645 0.605427 0.606393
 0.0381793 0.297999 0.464296 0.478346 0.479109
 0.0372078 0.290416 0.452482 0.466174 0.466917
 0.0577556 0.450797 0.702363 0.723616 0.72477
Np
 20914.7 9994.14 6771.1 1824.1 483.435
YTP_r0W_actual
 8756.85 75946 42483.2 38512.3 10268.5
YTP_p0W_proyectada
 4663.28 75437.6 50798.4 13672.8 12785.7
 4663.28 40955.6 58661.9 20673.9 6088.14
CTP_r0_actual
 1067.91 3516.02 1352.97 960.408 230.753
CTP_p0_proyectada
 568.692 3492.48 1617.78 340.966 287.319
 568.692 1896.09 1868.21 515.558 136.812
Wmedp
 8.2 21.6 31.4 40.1 44.5
nmprior
 10.8 10.6 4.6 0
nm_flota  nm_reclas  nm_pelaces    nm_pelaL
inf 27.6981 16.1957 49.3357
cv_recla  cv_pelaces  cv_mph
0.71558 0.402099 0.619494
 ------------------------------------------------
Talla a la edad & desviaci?n 
 7.2 14.2025 17.0495 18.207 18.6776
 1.08 2.13037 2.55742 2.73105 2.80164
