years
 1997 1998 1999 2000 2001 2002 2003 2004 2005 2006 2007 2008 2009 2010 2011 2012 2013 2014 2015 2016 2017 2018 2019 2020 2021 2022 2023
reclasobs
 0 0 0 370054 412103 1.49427e+06 250295 1.28982e+06 931140 785840 897777 1.04006e+06 184774 17550 25797 100020 73551 82996 120727 218422 84188 347160 605670 569463 516374 1.08416e+06 1.01767e+06
reclaspred
 452722 130859 431021 306982 419766 501873 1.07964e+06 698232 741437 640068 495103 327891 199329 89850.2 62823.6 65711.4 83660.7 118769 129774 183807 261089 237919 414792 571835 720762 731862 760056
pelacesobs
 0 0 0 0 0 0 0 0 0 2.06254e+06 1.5e+06 0 1.87456e+06 323000 250000 174000 83755 137374 0 501740 490994 745055 786931 1.00524e+06 1.33801e+06 1.41789e+06 0
pelacespred
 1.82839e+06 453988 913099 992315 1.16005e+06 1.14692e+06 2.77879e+06 2.27588e+06 2.11759e+06 1.84845e+06 1.26909e+06 863047 520392 191408 134825 151819 202638 292870 326380 454584 719417 636194 907152 1.40598e+06 1.75448e+06 1.95423e+06 1.93813e+06
mphobs
 0 0 0 0 0 112323 0 153150 637223 0 255016 313432 73983 77613 109348 50772 17779 17303 59886 28197 0 207744 136588 643089 65757 70829 0
mphpred
 121996 80619.6 104408 135972 134566 198009 297235 343807 284233 272820 241851 165714 100771 52349 24522 21723.3 27254.3 38312.2 49592.7 58262.5 85816 99888.8 125419 181314 273778 301700 279608
desembarqueobs
 350755 77701 442110 56441 14545 235359 269955 359681 431902 328805 639364 411747 362871 311530 167758 66681 60226 58785 57116 73181 50977 67692 138656 160484 209506 203330 245020
desembarquepred
 350767 77705.4 442163 56443.4 14545.1 235404 269989 359716 431984 328866 639713 412067 363311 312063 167815 66696.8 60250.1 58789.1 57114 73184.3 50978.6 67688.8 138662 160492 209504 203326 245015
Reclutas
 62491.6 77544.7 48569.7 70387.9 117330 88805.5 134974 120681 137524 128972 65689.9 40696.4 42952.3 23644.3 18047 21324.7 17073.2 20788.6 23623 39363.2 48795.3 63230.7 105024 150071 70630.7 104298 156975
log_desv_Rt
 0.0427877 0.25861 -0.209244 0.161777 0.672742 0.394204 0.812841 0.700906 0.831557 0.76735 0.0927 -0.386105 -0.332154 -0.929122 -1.19927 -1.03238 -1.25473 -1.05784 -0.930022 -0.419414 -0.204611 0.0545455 0.561944 0.918862 0.16522 0.555006 0.963844
SSB
 745261 492496 637818 830638 822048 1.20961e+06 1.81577e+06 2.10028e+06 1.73634e+06 1.66662e+06 1.47744e+06 1.01233e+06 615596 319794 149802 132705 166493 234045 302956 355919 524240 610210 766173 1.10762e+06 1.67248e+06 1.84305e+06 1.70809e+06
BT
 2.58317e+06 699202 1.38357e+06 1.30175e+06 1.46278e+06 1.62208e+06 3.66026e+06 3.2589e+06 3.0467e+06 2.63318e+06 2.17209e+06 1.46178e+06 1.00799e+06 538005 310148 244773 302632 413524 457296 628378 942124 860008 1.23159e+06 1.88987e+06 2.35678e+06 2.62203e+06 2.63315e+06
Ftot
 0.409331 0.306004 0.424126 0.0797413 0.0168458 0.173651 0.108871 0.219223 0.254782 0.21466 0.46955 0.446538 0.717706 1.29403 1.25079 0.478886 0.332239 0.222587 0.179901 0.184074 0.0872602 0.116359 0.138791 0.129182 0.107094 0.106323 0.134579
BD_Bspro_t
 0.951554 0.7802 0.752454 0.648076 0.753721 0.855732 0.828438 0.832435 0.779427 0.736863 0.691441 0.534404 0.417446 0.303412 0.186786 0.201394 0.310483 0.47205 0.592829 0.682418 0.776367 0.84111 0.847264 0.85397 0.867614 0.843829 0.832678
BD_Bspro
 0.602643 0.398249 0.515761 0.671682 0.664735 0.978135 1.4683 1.69836 1.40407 1.34769 1.19471 0.818603 0.497791 0.258596 0.121135 0.10731 0.134632 0.189256 0.244981 0.287808 0.423918 0.493436 0.619553 0.895662 1.35242 1.49035 1.38122
BD_Bo
 0.317517 0.209827 0.271741 0.353892 0.350232 0.515354 0.773608 0.894821 0.739767 0.710062 0.62946 0.431301 0.262274 0.136248 0.0638228 0.0565388 0.0709343 0.0997144 0.129074 0.151639 0.223352 0.259979 0.326427 0.471901 0.712556 0.785228 0.72773
BD_Brms
 0.577304 0.381504 0.494075 0.64344 0.636786 0.937008 1.40656 1.62695 1.34503 1.29102 1.14447 0.784184 0.476861 0.247723 0.116042 0.102798 0.128971 0.181299 0.23468 0.275707 0.406094 0.472689 0.593503 0.858002 1.29556 1.42769 1.32315
S_f
 0.185273 1 1 1 1
 0.185273 1 1 1 1
 0.185273 1 1 1 1
 0.185273 1 1 1 1
 0.185273 1 1 1 1
 0.185273 1 1 1 1
 0.185273 1 1 1 1
 0.185273 1 1 1 1
 0.185273 1 1 1 1
 0.185273 1 1 1 1
 0.185273 1 1 1 1
 0.185273 1 1 1 1
 0.185273 1 1 1 1
 0.185273 1 1 1 1
 0.185273 1 1 1 1
 0.185273 1 1 1 1
 0.185273 1 1 1 1
 0.185273 1 1 1 1
 0.185273 1 1 1 1
 0.185273 1 1 1 1
 0.185273 1 1 1 1
 0.185273 1 1 1 1
 0.185273 1 1 1 1
 0.185273 1 1 1 1
 0.185273 1 1 1 1
 0.185273 1 1 1 1
 0.185273 1 1 1 1
Scru_reclas
 0.945528 1 1 1 1
 0.945528 1 1 1 1
 0.945528 1 1 1 1
 0.945528 1 1 1 1
 0.945528 1 1 1 1
 0.945528 1 1 1 1
 0.945528 1 1 1 1
 0.945528 1 1 1 1
 0.945528 1 1 1 1
 0.945528 1 1 1 1
 0.945528 1 1 1 1
 0.945528 1 1 1 1
 0.945528 1 1 1 1
 0.945528 1 1 1 1
 0.945528 1 1 1 1
 0.945528 1 1 1 1
 0.945528 1 1 1 1
 0.945528 1 1 1 1
 0.945528 1 1 1 1
 0.945528 1 1 1 1
 0.945528 1 1 1 1
 0.945528 1 1 1 1
 0.945528 1 1 1 1
 0.945528 1 1 1 1
 0.945528 1 1 1 1
 0.945528 1 1 1 1
 0.945528 1 1 1 1
Scru_pelaces
 1 1 1 1 1
 1 1 1 1 1
 1 1 1 1 1
 1 1 1 1 1
 1 1 1 1 1
 1 1 1 1 1
 1 1 1 1 1
 1 1 1 1 1
 1 1 1 1 1
 1 1 1 1 1
 1 1 1 1 1
 1 1 1 1 1
 1 1 1 1 1
 1 1 1 1 1
 1 1 1 1 1
 1 1 1 1 1
 1 1 1 1 1
 1 1 1 1 1
 1 1 1 1 1
 1 1 1 1 1
 1 1 1 1 1
 1 1 1 1 1
 1 1 1 1 1
 1 1 1 1 1
 1 1 1 1 1
 1 1 1 1 1
 1 1 1 1 1
pf_obs 
 0.256992 0.487395 0.22802 0.0275931 0
 0.321318 0.546541 0.124235 0.00734118 0.000564706
 0.182869 0.594174 0.210203 0.0122559 0.00049798
 0.330522 0.361315 0.267642 0.0388342 0.00168674
 0.649043 0.306663 0.0425973 0.00169635 0
 0.582887 0.30429 0.105238 0.00758474 0
 0.465427 0.430635 0.0974691 0.00646863 0
 0.296916 0.608066 0.0921331 0.00288517 0
 0.311714 0.524322 0.152257 0.0117073 0
 0.15457 0.633149 0.183074 0.0267441 0.00246327
 0.131901 0.49318 0.331252 0.0422183 0.00144891
 0.196976 0.569456 0.194076 0.0375587 0.00193317
 0.518974 0.381816 0.0799577 0.0180837 0.00116848
 0.0928022 0.601141 0.25162 0.0475244 0.00691264
 0.122501 0.610282 0.24278 0.0234846 0.000952079
 0.383417 0.481906 0.127806 0.00687128 0
 0.0376549 0.599619 0.316969 0.0457579 0
 0.0361596 0.667082 0.258105 0.0386534 0
 0.158088 0.579412 0.248529 0.0139706 0
 0.0477256 0.309471 0.559284 0.082774 0.000745712
 0.0406174 0.521527 0.379366 0.0568643 0.0016247
 0.151134 0.462217 0.34131 0.0453401 0
 0.294876 0.26143 0.354403 0.0886775 0.000613685
 0.281977 0.475581 0.204845 0.0348837 0.00271318
 0.0841818 0.532909 0.334909 0.0458182 0.00218182
 0.115287 0.27431 0.454777 0.147771 0.00785563
 0 0 0 0 0
pf_pred 
 0.371855 0.44385 0.164875 0.0194092 1.09692e-05
 0.306331 0.551339 0.100571 0.0373584 0.00440035
 0.173429 0.606107 0.175228 0.0319636 0.0132719
 0.258842 0.430122 0.228076 0.0659378 0.017022
 0.295832 0.465876 0.13829 0.0733296 0.0266727
 0.173221 0.575096 0.166513 0.0494274 0.0357427
 0.25103 0.412376 0.23413 0.0677898 0.034674
 0.194169 0.528121 0.152905 0.0868128 0.0379925
 0.222197 0.458966 0.208958 0.0604987 0.0493808
 0.200624 0.507163 0.172429 0.0785036 0.0412808
 0.122167 0.526157 0.22312 0.0758583 0.0526977
 0.124513 0.423701 0.270792 0.114831 0.0661628
 0.20901 0.384867 0.196547 0.125616 0.0839599
 0.190063 0.541375 0.130673 0.066733 0.0711565
 0.27498 0.513576 0.141332 0.0341137 0.0359977
 0.34176 0.522066 0.0964607 0.0265453 0.0131684
 0.221914 0.605748 0.136685 0.0252549 0.0103977
 0.251344 0.481089 0.208304 0.0470031 0.0122602
 0.239154 0.507977 0.162494 0.0703574 0.020017
 0.307809 0.448757 0.162528 0.0519903 0.0289155
 0.263101 0.532946 0.132226 0.0478888 0.0238388
 0.254692 0.497339 0.179338 0.0444944 0.0241366
 0.305242 0.4589 0.157387 0.0567529 0.0217188
 0.290955 0.50805 0.132761 0.0455323 0.022702
 0.115883 0.620225 0.189086 0.0494108 0.0253954
 0.19924 0.341364 0.322275 0.0982509 0.03887
 0.260064 0.432918 0.130882 0.123563 0.0525733
pobs_RECLAS
 0 0 0 0 0
 0 0 0 0 0
 0 0 0 0 0
 0 0 0 0 0
 0.835266 0.146461 0.0176864 0.000547809 3.91292e-05
 0.385257 0.428462 0.181853 0.0044286 0
 0.867414 0.0963971 0.0333333 0.00285562 0
 0.441836 0.489002 0.0689373 0.000224442 0
 0.779404 0.147425 0.0564933 0.0165055 0.000172143
 0.814271 0.122319 0.05973 0.00367925 0
 0.40263 0.566651 0.0304383 0.000280538 0
 0.475488 0.404961 0.113038 0.00651328 0
 0.955842 0.0263864 0.0167828 0.000988607 0
 0.975058 0.0227948 0.00214734 0 0
 0.738997 0.206755 0.0527124 0.00153531 0
 0.850938 0.134255 0.0134407 0.00136685 0
 0.542534 0.407297 0.0501686 0 0
 0.764087 0.199537 0.0359546 0.000420521 0
 0.470689 0.182191 0.310203 0.0369168 0
 0.84361 0.089868 0.0606195 0.00523954 0.000663233
 0.607945 0.314616 0.071237 0.00620181 0
 0.523733 0.453247 0.0230204 0 0
 0.530135 0.295979 0.169645 0.0042399 0
 0.562478 0.366248 0.0663022 0.0049721 0
 0.250443 0.683176 0.0655157 0.000865301 0
 0.195077 0.31981 0.436473 0.0351445 0.0134964
 0.565238 0.351407 0.0832357 0.000118908 0
ppred_RECLAS
 0.756106 0.172337 0.064017 0.00753613 4.25907e-06
 0.696494 0.241231 0.0440034 0.0163457 0.00192532
 0.523825 0.349169 0.100946 0.0184137 0.00764572
 0.641511 0.208045 0.110318 0.0318933 0.00823333
 0.682111 0.210315 0.0624294 0.0331038 0.0120411
 0.519068 0.334529 0.0968596 0.0287516 0.0207913
 0.632367 0.202415 0.114923 0.0332747 0.0170198
 0.554527 0.291952 0.0845276 0.0479912 0.0210027
 0.596655 0.238006 0.108359 0.0313728 0.0256074
 0.564496 0.276304 0.0939402 0.0427691 0.0224899
 0.422755 0.34599 0.146719 0.0498828 0.0346529
 0.427595 0.277021 0.177048 0.0750783 0.0432581
 0.58726 0.200824 0.102559 0.0655465 0.0438104
 0.57549 0.283749 0.0684891 0.0349765 0.037295
 0.685318 0.222909 0.0613428 0.0148064 0.0156242
 0.73222 0.212383 0.0392414 0.0107989 0.00535707
 0.597564 0.3133 0.0706952 0.0130622 0.0053778
 0.63434 0.234974 0.10174 0.0229573 0.00598814
 0.6183 0.254841 0.0815198 0.0352968 0.0100421
 0.696256 0.196922 0.07132 0.0228142 0.0126886
 0.646665 0.255542 0.0634009 0.0229622 0.0114305
 0.636958 0.242255 0.0873561 0.0216734 0.011757
 0.693121 0.202699 0.0695188 0.0250681 0.00959334
 0.678286 0.230517 0.0602373 0.0206593 0.0103006
 0.402129 0.419418 0.127867 0.0334133 0.0171733
 0.560777 0.187241 0.17677 0.0538914 0.0213205
 0.64367 0.208479 0.0630285 0.059504 0.0253176
pobs_PELACES
 0 0 0 0 0
 0 0 0 0 0
 0 0 0 0 0
 0 0 0 0 0
 0 0 0 0 0
 0 0 0 0 0
 0 0 0 0 0
 0 0 0 0 0
 0 0 0 0 0
 0 0 0 0 0
 0.450072 0.473896 0.0757376 0.000293798 0
 0 0 0 0 0
 0.463077 0.371075 0.160297 0.00555027 0
 0.529543 0.364841 0.0842815 0.0213345 0
 0.631943 0.363953 0.00410389 0 0
 0.735681 0.248677 0.0153453 0.000297389 0
 0.695825 0.281241 0.0229344 0 0
 0.275771 0.60734 0.115278 0.00161068 0
 0 0 0 0 0
 0.896147 0.0623911 0.0374545 0.00400742 0
 0.803859 0.145111 0.0509908 3.86294e-05 0
 0.739449 0.233085 0.0266225 0.000797448 4.60066e-05
 0.878498 0.100942 0.0204185 0.000141795 0
 0.694673 0.275183 0.0284847 0.00165964 0
 0.469039 0.446079 0.0841089 0.000773354 0
 0.822795 0.102175 0.0682046 0.00682512 0
 0 0 0 0 0
ppred_PELACES
 0.785416 0.151626 0.0563237 0.00663048 3.74724e-06
 0.724909 0.218647 0.0398837 0.0148154 0.00174507
 0.565967 0.318267 0.0920123 0.0167841 0.00696907
 0.659121 0.197825 0.104899 0.0303266 0.00782888
 0.695092 0.201727 0.0598802 0.0317521 0.0115494
 0.544633 0.316747 0.0917107 0.0272233 0.0196861
 0.651961 0.191627 0.108798 0.0315013 0.0161127
 0.582716 0.273477 0.0791788 0.0449544 0.0196737
 0.626226 0.220557 0.100415 0.0290727 0.02373
 0.592221 0.258714 0.0879598 0.0400463 0.0210582
 0.467741 0.319026 0.135285 0.0459954 0.0319524
 0.471131 0.255951 0.163582 0.0693679 0.0399679
 0.646028 0.17223 0.0879558 0.0562137 0.0375725
 0.670006 0.220573 0.0532402 0.0271891 0.0289914
 0.763257 0.1677 0.0461497 0.0111392 0.0117544
 0.766863 0.184907 0.0341647 0.00940187 0.00466402
 0.631967 0.286518 0.0646518 0.0119455 0.00491808
 0.660772 0.217989 0.0943857 0.0212978 0.00555527
 0.642612 0.238609 0.0763275 0.0330486 0.00940246
 0.718095 0.182763 0.066192 0.0211738 0.0117762
 0.664605 0.242567 0.0601818 0.0217963 0.0108501
 0.656894 0.228952 0.0825591 0.0204832 0.0111114
 0.712607 0.189828 0.0651046 0.0234764 0.00898419
 0.697759 0.216564 0.0565911 0.0194088 0.00967707
 0.422677 0.405003 0.123472 0.032265 0.0165831
 0.581495 0.178409 0.168432 0.0513493 0.0203148
 0.664525 0.196278 0.0593397 0.0560214 0.0238359
pobs_pel_tallas
 0 0 0 0 0 0 0 0 0 0 0 0 0 0 0 0 0 0 0 0 0 0 0 0 0 0 0 0 0 0 0 0 0 0 0 0
 0 0 0 0 0 0 0 0 0 0 0 0 0 0 0 0 0 0 0 0 0 0 0 0 0 0 0 0 0 0 0 0 0 0 0 0
 0 0 0 0 0 0 0 0 0 0 0 0 0 0 0 0 0 0 0 0 0 0 0 0 0 0 0 0 0 0 0 0 0 0 0 0
 0 0 0 0 0 0 0 0 0 0 0 0 0 0 0 0 0 0 0 0 0 0 0 0 0 0 0 0 0 0 0 0 0 0 0 0
 0 0 0 0 0 0 0 0 0 0 0 0 0 0 0 0 0 0 0 0 0 0 0 0 0 0 0 0 0 0 0 0 0 0 0 0
 0 0 0 0 0 0 0 0 0 0 0 0 0 0 0 0 0 0 0 0 0 0 0 0 0 0 0 0 0 0 0 0 0 0 0 0
 0 0 0 0 0 0 0 0 0 0 0 0 0 0 0 0 0 0 0 0 0 0 0 0 0 0 0 0 0 0 0 0 0 0 0 0
 0 0 0 0 0 0 0 0 0 0 0 0 0 0 0 0 0 0 0 0 0 0 0 0 0 0 0 0 0 0 0 0 0 0 0 0
 0 0 0 0 0 0 0 0 0 0 0 0 0 0 0 0 0 0 0 0 0 0 0 0 0 0 0 0 0 0 0 0 0 0 0 0
 0 0 0 0 0 0 0 0 0 0 0 0 0 0 0 0 0 0 0 0 0 0 0 0 0 0 0 0 0 0 0 0 0 0 0 0
 0 0 0 0 0 0 0 0 1.78061e-05 0.00172719 0.00360574 0.0105946 0.0120993 0.0124554 0.0147524 0.0171206 0.0266825 0.0428682 0.0675386 0.121331 0.153587 0.119568 0.100827 0.0573624 0.0630603 0.0341343 0.0324427 0.0444173 0.0211091 0.0280891 0.0125444 0.00206551 0 0 0 0
 0 0 0 0 0 0 0 0 0 0 0 0 0 0 0 0 0 0 0 0 0 0 0 0 0 0 0 0 0 0 0 0 0 0 0 0
 0 0 0 0 0 0 0.0133647 0.0140871 0.0187388 0.0205184 0.03894 0.0496705 0.03968 0.0493445 0.0407372 0.0367815 0.0215668 0.0243155 0.0234873 0.0199281 0.019796 0.0243948 0.0301388 0.0376714 0.0412746 0.0863199 0.0771752 0.113111 0.0741005 0.0525337 0.0229764 0.00759418 0.00175318 0 0 0
 0 0 0 0 0 0 0 0 0 0 0.00219441 0.00772107 0.0458388 0.0604681 0.0671733 0.0775358 0.0609151 0.0617685 0.073594 0.0568108 0.0755445 0.0548602 0.0670107 0.0636378 0.0643287 0.046367 0.0373049 0.0286899 0.0247887 0.0153202 0.00654259 0.00121912 0.000365735 0 0 0
 0 0 0 0 0 0 0 0 0 0 0 0 0.000112435 0.00938835 0.0111873 0.0202946 0.0414886 0.0713402 0.111592 0.104902 0.108894 0.110636 0.117776 0.105296 0.107544 0.0401394 0.0192827 0.0124803 0.00416011 0.0028671 0.000618394 0 0 0 0 0
 0 0 0 0 0 0 0 0 0 0 0.00291406 0.0102884 0.027416 0.0768956 0.0749926 0.110853 0.0956884 0.0897413 0.0766577 0.0534642 0.0500743 0.0551293 0.0594112 0.0620874 0.0668451 0.0424026 0.0208742 0.0120726 0.0048766 0.00582813 0.00118941 0.000297354 0 0 0 0
 0 0.00264628 0.0354308 0.0461629 0.0458689 0.0383711 0.0214643 0.0164657 0.0346957 0.0420465 0.0363128 0.0245516 0.0311673 0.0291091 0.0169068 0.0133784 0.00837989 0.0085269 0.0148486 0.0160247 0.0276389 0.0546898 0.0760071 0.122758 0.109233 0.0665981 0.0333725 0.0166128 0.00676272 0.00308733 0.000882094 0 0 0 0 0
 0 0 0 0 0 0 0 0.000805153 0.000690131 0.00759144 0.0133425 0.0154129 0.00931677 0.000345066 0.00356568 0.00563607 0.00851162 0.0253048 0.0502646 0.0516448 0.0657925 0.0565908 0.0611916 0.0827007 0.0866115 0.110766 0.145733 0.0935128 0.0569358 0.0249597 0.0138026 0.00621118 0.00161031 0.00115022 0 0
 0 0 0 0 0 0 0 0 0 0 0 0 0 0 0 0 0 0 0 0 0 0 0 0 0 0 0 0 0 0 0 0 0 0 0 0
 0.00147267 0.00158595 0.00478618 0.00569244 0.00954404 0.0108468 0.00647125 0.017049 0.0510054 0.094081 0.124002 0.0959785 0.0687766 0.0820023 0.061753 0.0591476 0.0492212 0.0479892 0.0443925 0.0268479 0.0217502 0.0140895 0.0121071 0.0120363 0.00920419 0.00665534 0.0049561 0.00860946 0.00930331 0.0156896 0.0114698 0.00855282 0.00243557 0.00046729 0 2.83206e-05
 0 0 0 0 0.000772559 0.00158375 0.000888443 0.00281984 0.00712685 0.0440552 0.0773331 0.111326 0.0921469 0.0852325 0.0710754 0.0886704 0.0786465 0.0553345 0.0373146 0.0185414 0.00753245 0.00457741 0.012979 0.0271748 0.0457355 0.0583668 0.034881 0.0177882 0.00938659 0.00492506 0.0015258 0.00185414 0.000309023 5.79419e-05 3.86279e-05 0
 0 0.00173294 0.00326652 0 0.00397197 0.00683976 0.00946217 0.0152591 0.00757587 0.0136028 0.0228656 0.0392903 0.0559909 0.0764795 0.0681675 0.0726916 0.0566044 0.0477403 0.0527397 0.0444891 0.0609904 0.0582453 0.0661739 0.0445044 0.0529084 0.0360697 0.0280645 0.0235558 0.0158879 0.00826598 0.00280645 0.00217768 0.000904811 0.00058276 9.20147e-05 0
 0 0 0 0 0 0 0 0 0 0 0 0 0 0 0 0 0 0 0 0 0 0 0 0 0 0 0 0 0 0 0 0 0 0 0 0
 0 0 0 0 0 0 0 0 0 0 0 0 0 0 0 0 0 0 0 0 0 0 0 0 0 0 0 0 0 0 0 0 0 0 0 0
 0 0 0 0 0 0 0 0 0 0 0 0 0 0 0 0 0 0 0 0 0 0 0 0 0 0 0 0 0 0 0 0 0 0 0 0
 0 0 0 0 0 0 0 0 0 0 0 0 0 0 0 0 0 0 0 0 0 0 0 0 0 0 0 0 0 0 0 0 0 0 0 0
 0 0 0 0 0 0 0 0 0 0 0 0 0 0 0 0 0 0 0 0 0 0 0 0 0 0 0 0 0 0 0 0 0 0 0 0
ppred_pel_tallas
 1.01078e-16 3.42667e-05 0.000201123 0.000956058 0.00368089 0.0114785 0.0289938 0.059325 0.0983369 0.132061 0.143702 0.126739 0.0906873 0.0528524 0.0255132 0.0110058 0.00557782 0.00481628 0.00601835 0.0080005 0.0102847 0.0125892 0.0146579 0.0162524 0.017192 0.0173912 0.0168754 0.0157666 0.0142471 0.0125134 0.010737 0.0090407 0.0074949 0.00612686 0.00493706 0.00391402
 1.01229e-16 3.1631e-05 0.000185643 0.00088245 0.00339746 0.0105946 0.0267613 0.0547576 0.0907683 0.121904 0.132668 0.117051 0.0838507 0.0490606 0.0240427 0.0109864 0.00646056 0.0064129 0.00834647 0.0111326 0.0142549 0.0173448 0.020041 0.022008 0.0230011 0.0229213 0.0218356 0.0199529 0.0175668 0.0149838 0.012462 0.0101755 0.00820845 0.00657243 0.00523427 0.00414327
 1.02313e-16 2.47046e-05 0.000144969 0.000689061 0.00265283 0.00827252 0.0208959 0.0427574 0.0708809 0.0952086 0.103652 0.0915384 0.0657659 0.0388653 0.0197671 0.0102515 0.00771094 0.00903528 0.012288 0.0165385 0.0212595 0.025971 0.0301576 0.0333272 0.0351112 0.0353455 0.0341015 0.031654 0.0284018 0.0247682 0.0211156 0.0176959 0.0146422 0.0119919 0.0097238 0.00779311
 1.02962e-16 2.87616e-05 0.000168799 0.000802374 0.00308915 0.00963321 0.0243328 0.0497885 0.0825316 0.110843 0.120632 0.106437 0.0762586 0.0446421 0.0219238 0.0101021 0.00606891 0.00615487 0.00810865 0.0109254 0.014157 0.0174855 0.0205904 0.0231605 0.0249483 0.025819 0.0257708 0.0249192 0.0234546 0.0215885 0.0195086 0.0173539 0.0152123 0.0131334 0.0111475 0.00927947
 1.02547e-16 3.03301e-05 0.000178007 0.000846153 0.00325771 0.0101589 0.0256605 0.0525052 0.0870345 0.116889 0.127209 0.112233 0.080395 0.0470306 0.0230337 0.0105042 0.00615392 0.0061024 0.00796443 0.0106716 0.0137471 0.0168577 0.0196757 0.0218917 0.0232714 0.0237057 0.0232289 0.0219989 0.0202475 0.0182196 0.0161219 0.0140947 0.0122093 0.0104847 0.0089119 0.00747542
 1.03261e-16 2.37742e-05 0.000139507 0.000663096 0.00255286 0.00796076 0.0201085 0.0411461 0.0682102 0.0916224 0.0997507 0.0880999 0.0633105 0.0374448 0.0191013 0.00999927 0.00763621 0.00902542 0.0123074 0.0165869 0.0213525 0.0261335 0.0304217 0.0337309 0.035695 0.0361478 0.0351534 0.0329738 0.0299906 0.026607 0.0231653 0.0198992 0.0169288 0.014285 0.0119472 0.0098786
 1.03443e-16 2.84491e-05 0.000166965 0.000793657 0.00305559 0.00952855 0.0240684 0.0492476 0.0816348 0.109638 0.11932 0.105278 0.0754247 0.044147 0.021668 0.00996373 0.00595951 0.00602681 0.00794125 0.0107137 0.0139079 0.0172178 0.0203352 0.0229591 0.0248476 0.0258648 0.0260006 0.0253557 0.0241015 0.0224302 0.0205121 0.0184736 0.016396 0.0143283 0.0123052 0.01036
 1.03678e-16 2.5433e-05 0.00014925 0.000709422 0.00273124 0.00851705 0.0215135 0.0440207 0.0729736 0.0980148 0.106694 0.094195 0.0676088 0.0398225 0.020011 0.0099843 0.00703602 0.00795065 0.0107378 0.0144671 0.0186524 0.0228806 0.0267155 0.0297398 0.0316371 0.03226 0.031655 0.0300352 0.0277127 0.0250166 0.022223 0.0195179 0.0169938 0.0146735 0.0125431 0.0105813
 1.03606e-16 2.73281e-05 0.000160381 0.00076235 0.00293505 0.00915262 0.0231189 0.047305 0.0784158 0.105318 0.114627 0.101158 0.0725174 0.0425351 0.0210439 0.00995756 0.00633794 0.00670978 0.00893596 0.0120502 0.0155992 0.0192396 0.0226179 0.0253918 0.0272931 0.0281814 0.0280661 0.0270873 0.0254658 0.0234416 0.0212224 0.0189552 0.0167253 0.014572 0.0125126 0.0105609
 1.03693e-16 2.58469e-05 0.000151681 0.000720984 0.00277576 0.00865589 0.0218642 0.0447381 0.0741623 0.0996097 0.108426 0.0957134 0.0686759 0.0404053 0.0202194 0.00994984 0.0068388 0.0076138 0.0102532 0.013821 0.0178421 0.0219234 0.025652 0.0286309 0.0305562 0.0312808 0.0308388 0.0294203 0.0273098 0.0248097 0.0221763 0.0195844 0.0171258 0.0148295 0.0126925 0.0107059
 1.05098e-16 2.04215e-05 0.000119823 0.000569516 0.00219255 0.00683716 0.0172703 0.0353392 0.0585854 0.078699 0.0856941 0.0757167 0.0544809 0.0323623 0.0167683 0.00920361 0.00754996 0.00927018 0.0127849 0.0173249 0.022427 0.0276388 0.0324577 0.0363913 0.0390553 0.0402522 0.0400025 0.0385164 0.0361204 0.0331674 0.0299602 0.0267114 0.0235405 0.0204987 0.0176035 0.0148673
 1.06657e-16 2.05668e-05 0.000120682 0.000573612 0.00220834 0.00688642 0.0173947 0.0355932 0.0590046 0.0792568 0.0862873 0.0762071 0.0547605 0.0323817 0.0165107 0.00863941 0.00661318 0.00786705 0.0108221 0.0147451 0.0192444 0.0239661 0.0285154 0.0324946 0.035575 0.0375578 0.0384004 0.0381978 0.0371326 0.035413 0.0332231 0.0306988 0.0279314 0.0249871 0.0219305 0.0188392
 1.04992e-16 2.81895e-05 0.000165443 0.000786426 0.00302776 0.00944176 0.0238492 0.0487988 0.0808904 0.108637 0.118226 0.104303 0.074705 0.043683 0.0213608 0.00968928 0.0056152 0.00553958 0.00726097 0.00981083 0.0127788 0.0158933 0.0188856 0.0214935 0.0235047 0.0247965 0.0253518 0.0252444 0.0246027 0.0235666 0.0222527 0.0207388 0.0190683 0.0172658 0.0153571 0.0133811
 1.03117e-16 2.9237e-05 0.000171588 0.000815631 0.00314019 0.00979237 0.0247348 0.0506113 0.0838958 0.112676 0.12263 0.108208 0.0775442 0.0454278 0.0223698 0.0104056 0.00637713 0.00655162 0.00863048 0.0115735 0.0148979 0.018249 0.0212718 0.0236318 0.0250791 0.0255021 0.0249471 0.0235951 0.0217056 0.0195491 0.0173492 0.0152522 0.0133248 0.0115745 0.00997808 0.00850723
 1.01642e-16 3.33011e-05 0.000195452 0.000929096 0.00357708 0.0111548 0.0281761 0.057652 0.0955643 0.12834 0.139657 0.123183 0.0881676 0.0514339 0.024922 0.0109106 0.00576194 0.00519321 0.00657794 0.00875768 0.01125 0.0137552 0.0159947 0.01771 0.0187081 0.0189031 0.0183316 0.017136 0.0155217 0.0137058 0.0118717 0.0101445 0.0085877 0.00721577 0.00601518 0.00496295
 1.01087e-16 3.3459e-05 0.000196378 0.000933493 0.003594 0.0112076 0.0283094 0.0579249 0.0960171 0.128949 0.140323 0.123779 0.0886118 0.0517284 0.0251302 0.0111122 0.00602377 0.00556327 0.00708752 0.00942071 0.012058 0.0146716 0.0169531 0.0186186 0.0194612 0.019397 0.0184831 0.0168962 0.0148844 0.0127068 0.0105815 0.00865526 0.00699882 0.0056213 0.00449412 0.00357393
 1.01652e-16 2.75811e-05 0.00016186 0.00076937 0.00296205 0.00923682 0.0233316 0.0477407 0.0791399 0.106296 0.115705 0.102141 0.0732921 0.0431298 0.021597 0.0106472 0.00733365 0.00815619 0.0109435 0.0146763 0.0188206 0.0229275 0.0265292 0.0291848 0.0305692 0.0305463 0.0291964 0.0267855 0.0236912 0.0203108 0.0169813 0.0139333 0.011283 0.00905311 0.00720899 0.00569226
 1.02403e-16 2.88344e-05 0.000169224 0.000804394 0.00309693 0.00965744 0.024394 0.0499139 0.08274 0.111124 0.120942 0.106721 0.0764835 0.044817 0.0220895 0.0103115 0.0063726 0.00659641 0.00872148 0.0117269 0.0151398 0.0186101 0.0217824 0.0243153 0.0259442 0.0265358 0.0261103 0.0248219 0.0229093 0.0206324 0.0182184 0.0158316 0.0135689 0.0114744 0.00956164 0.00783274
 1.02737e-16 2.80433e-05 0.000164578 0.000782302 0.00301186 0.00939215 0.0237239 0.0485431 0.0804684 0.108075 0.11763 0.103813 0.0744309 0.0436776 0.0216456 0.0103008 0.00662867 0.00706023 0.00939475 0.0126267 0.016271 0.0199513 0.0232821 0.0258955 0.0275124 0.0280013 0.0274012 0.0258982 0.0237676 0.0213022 0.0187512 0.0162864 0.0139988 0.0119166 0.0100334 0.00833288
 1.02278e-16 3.13325e-05 0.000183893 0.000874141 0.00336548 0.0104949 0.0265094 0.0542418 0.0899125 0.120752 0.131407 0.115922 0.0830058 0.0484939 0.0236312 0.0105755 0.00591898 0.00564485 0.00728853 0.00975663 0.0125792 0.0154456 0.0180566 0.020129 0.0214463 0.0219035 0.0215251 0.0204469 0.0188736 0.0170239 0.0150853 0.0131884 0.0114043 0.00975818 0.00825049 0.00687445
 1.0219e-16 2.90024e-05 0.000170209 0.000809069 0.00311492 0.00971354 0.0245357 0.0502041 0.0832216 0.111773 0.121653 0.107358 0.0769641 0.0451457 0.0223381 0.0105703 0.00671887 0.00708674 0.00939187 0.0125895 0.0161752 0.0197602 0.0229498 0.0253719 0.0267494 0.0269612 0.0260652 0.0242721 0.0218845 0.0192207 0.0165492 0.0140522 0.0118206 0.00987294 0.00818593 0.00672187
 1.0247e-16 2.86657e-05 0.000168233 0.000799679 0.00307877 0.00960081 0.024251 0.0496214 0.0822554 0.110474 0.120238 0.106105 0.0760559 0.0445937 0.0220298 0.0103673 0.00651791 0.00682857 0.00904903 0.0121569 0.015669 0.0192196 0.0224363 0.024964 0.0265315 0.0270088 0.0264299 0.0249703 0.0228933 0.0204807 0.0179751 0.015547 0.0132902 0.0112383 0.00939081 0.00773532
 1.02213e-16 3.10934e-05 0.000182489 0.000867464 0.00333977 0.0104148 0.0263069 0.0538276 0.089226 0.119831 0.130406 0.115044 0.0823876 0.0481535 0.023504 0.0105842 0.00601561 0.00581446 0.00753478 0.0100876 0.0129983 0.015947 0.0186227 0.0207318 0.0220505 0.0224719 0.0220243 0.0208529 0.019174 0.0172186 0.0151844 0.0132086 0.0113652 0.00967922 0.00814868 0.00676332
 1.01994e-16 3.04471e-05 0.000178692 0.000849407 0.00327024 0.0101979 0.0257592 0.0527071 0.0873696 0.11734 0.127703 0.112676 0.0807279 0.0472565 0.0232021 0.0106774 0.006386 0.00643388 0.00842352 0.0112726 0.014485 0.0177034 0.0205732 0.0227614 0.0240198 0.0242384 0.0234665 0.0218899 0.0197762 0.0174077 0.0150231 0.012785 0.0107753 0.00901273 0.00747865 0.00614201
 1.03769e-16 1.846e-05 0.0001083 0.000514713 0.00198152 0.00617903 0.0156081 0.0319387 0.0529515 0.0711413 0.077492 0.0685345 0.0494544 0.02966 0.0158877 0.0095469 0.00877059 0.0112964 0.0156925 0.0212075 0.0273083 0.0334198 0.0388959 0.0431127 0.0455993 0.0461404 0.044816 0.0419606 0.0380637 0.0336451 0.0291486 0.0248814 0.0210055 0.017568 0.0145485 0.0119023
 1.05163e-16 2.53761e-05 0.000148924 0.000707893 0.00272538 0.0084988 0.0214673 0.0439255 0.0728133 0.097792 0.106432 0.093917 0.0673081 0.0394428 0.0194482 0.00909918 0.0056692 0.00594081 0.00795047 0.0108355 0.0142218 0.0178439 0.0214225 0.0246702 0.0273366 0.0292498 0.0303376 0.0306192 0.0301774 0.0291231 0.0275663 0.0256036 0.0233202 0.0207997 0.0181341 0.0154261
 1.03946e-16 2.8997e-05 0.000170181 0.000808949 0.00311447 0.00971217 0.0245322 0.0501965 0.0832078 0.11175 0.121618 0.107303 0.0768714 0.0449846 0.0220609 0.0101115 0.00599777 0.00601562 0.00789089 0.0106083 0.0137172 0.0169031 0.0198548 0.0222758 0.0239384 0.0247303 0.0246719 0.0238961 0.0226019 0.0209972 0.0192529 0.017479 0.0157266 0.0140066 0.0123144 0.0106503
pSPR Fmed_Fpbrs
0.44537   0.6 0.325
Fs Fmed_Fpbrs
0.64   0.347268 1.06576
SSBpbr Bo_Bmed_Bpbrs
2.34715e+06  927994  1.29093e+06 645467
Ro
59874.1
SPR SPRFo_SPRFmed_SPRFpbrs
1.23665e+06 550769 401913
log_Ro
10.82
likeval ReclasPelacesDesembMPH_pf_preclas_ppelaces_ptallas_desvR_qrecl_qpela
 62.5505 23.3303 0.0289924 0.000644993 337.477 219.283 54.6898 0 18.0802 6.82745e-05 6.34059e-06 8.33356e-16 0 0 0
q_reclas_q_pelaces
0.310094 1.43081
M
0.7
N
 62491.6 15911.4 5910.52 695.791 0.393229
 77544.7 28766 5247.25 1949.17 229.587
 48569.7 36385.1 10519.1 1918.8 796.721
 70387.9 22296.3 11822.9 3418.03 882.372
 117330 34441 10223.4 5421.07 1971.84
 88805.5 58082.5 16817.2 4991.99 3609.88
 134974 42703.3 24245.1 7019.91 3590.63
 120681 65687.9 19018.4 10797.8 4725.52
 137524 57543.1 26198.2 7585.06 6191.15
 128972 65143.8 22148.1 10083.6 5302.41
 65689.9 61548.4 26100 8873.71 6164.44
 40696.4 29902.7 19111.2 8104.24 4669.45
 42952.3 18604.6 9501.14 6072.3 4058.65
 23644.3 18673.8 4507.32 2301.83 2454.42
 18047 9238.45 2542.35 613.652 647.543
 21324.7 7108.15 1313.35 361.425 179.294
 17073.2 9690.44 2186.62 404.015 166.337
 20788.6 7972.16 3451.82 778.892 203.164
 23623 9906.22 3168.85 1372.06 390.357
 39363.2 11346.3 4109.34 1314.52 731.094
 48795.3 18891.8 4687.12 1697.55 845.034
 63230.7 23842.4 8597.46 2133.06 1157.11
 105024 30729.8 10539.3 3800.4 1454.38
 150071 50829.4 13282.4 4555.41 2271.29
 70630.7 72760.5 22182.2 5796.53 2979.21
 104298 34385.1 32462.3 9896.66 3915.32
 156975 50782.5 15352.8 14494.3 6167.01
pred_Ctot
 3296.67 3934.95 1461.69 172.072 0.0972471
 3083.82 5550.31 1012.44 376.085 44.2981
 2651.68 9267.2 2679.18 488.713 202.923
 742.999 1234.65 654.687 189.273 48.8611
 262.991 414.159 122.938 65.1892 23.7117
 2025.81 6725.7 1947.36 578.05 418.008
 1940.6 3187.89 1809.95 524.052 268.049
 3462.55 9417.8 2726.7 1548.1 677.507
 4572.6 9445.09 4300.16 1245.01 1016.21
 3624.75 9163.13 3115.36 1418.36 745.837
 3955.93 17037.7 7224.94 2456.39 1706.42
 2335.01 7945.73 5078.22 2153.45 1240.76
 3875.71 7136.67 3644.61 2329.32 1556.88
 3675.22 10468.5 2526.8 1290.41 1375.95
 2720.66 5081.34 1398.35 337.522 356.162
 1308.75 1999.22 369.39 101.653 50.4276
 735.618 2007.98 453.094 83.7169 34.4669
 605.445 1158.86 501.77 113.223 29.5327
 557.993 1185.21 379.129 164.157 46.7033
 951.03 1386.52 502.16 160.633 89.3395
 563.292 1141.03 283.093 102.529 51.0384
 971.039 1896.15 683.744 169.639 92.0231
 1920.28 2886.94 990.122 357.033 136.633
 2555.95 4463.06 1166.26 399.987 199.43
 999.073 5347.22 1630.19 425.991 218.945
 1464.76 2509.63 2369.29 722.317 285.763
 2784.02 4634.44 1401.11 1322.76 562.804
F
 0.0758379 0.409331 0.409331 0.409331 0.409331
 0.0566942 0.306004 0.306004 0.306004 0.306004
 0.0785791 0.424126 0.424126 0.424126 0.424126
 0.0147739 0.0797413 0.0797413 0.0797413 0.0797413
 0.00312108 0.0168458 0.0168458 0.0168458 0.0168458
 0.0321729 0.173651 0.173651 0.173651 0.173651
 0.0201708 0.108871 0.108871 0.108871 0.108871
 0.0406162 0.219223 0.219223 0.219223 0.219223
 0.0472042 0.254782 0.254782 0.254782 0.254782
 0.0397708 0.21466 0.21466 0.21466 0.21466
 0.0869948 0.46955 0.46955 0.46955 0.46955
 0.0827314 0.446538 0.446538 0.446538 0.446538
 0.132971 0.717706 0.717706 0.717706 0.717706
 0.239749 1.29403 1.29403 1.29403 1.29403
 0.231738 1.25079 1.25079 1.25079 1.25079
 0.0887246 0.478886 0.478886 0.478886 0.478886
 0.0615549 0.332239 0.332239 0.332239 0.332239
 0.0412393 0.222587 0.222587 0.222587 0.222587
 0.0333307 0.179901 0.179901 0.179901 0.179901
 0.0341039 0.184074 0.184074 0.184074 0.184074
 0.0161669 0.0872602 0.0872602 0.0872602 0.0872602
 0.0215582 0.116359 0.116359 0.116359 0.116359
 0.0257143 0.138791 0.138791 0.138791 0.138791
 0.0239339 0.129182 0.129182 0.129182 0.129182
 0.0198417 0.107094 0.107094 0.107094 0.107094
 0.0196988 0.106323 0.106323 0.106323 0.106323
 0.0249339 0.134579 0.134579 0.134579 0.134579
Np
 47980.5 22341.7 26679.3 7734.61 3158.89
YTP_r0W_actual
 57898.7 236097 103762 125102 59068.5
YTP_p0W_proyectada
 17697.1 353486 148975 57517.7 86415.6
 17697.1 103870 180312 66758.2 30256.3
CTP_r0_actual
 7060.82 10930.4 3304.54 3119.74 1327.38
CTP_p0_proyectada
 2158.18 16365.1 4744.42 1434.36 1941.92
 2158.18 4808.82 5742.43 1664.79 679.917
Wmedp
 8.2 21.6 31.4 40.1 44.5
nmprior
 10.8 10.6 4.6 0
nm_flota  nm_reclas  nm_pelaces    nm_pelaL
inf 12.923 18.8943 61.216
cv_recla  cv_pelaces  cv_mph
0.68493 0.529115 0.678756
 ------------------------------------------------
Talla a la edad & desviaci?n 
 7.2 14.2025 17.0495 18.207 18.6776
 1.08 2.13037 2.55742 2.73105 2.80164
