years
 1997 1998 1999 2000 2001 2002 2003 2004 2005 2006 2007 2008 2009 2010 2011 2012 2013 2014 2015 2016 2017 2018 2019 2020 2021 2022 2023
reclasobs
 0 0 0 370054 412103 1.49427e+06 250295 1.28982e+06 931140 785840 897777 1.04006e+06 184774 17550 25797 100020 73551 82996 120727 218422 84188 347160 605670 569463 516374 1.08416e+06 1.01767e+06
reclaspred
 433291 119803 357225 253161 380872 475213 1.02736e+06 689959 759070 717252 582310 389677 235590 98912.6 63423.1 64924.2 80033 111004 123710 172657 254282 237434 410307 556060 725632 725042 734305
pelacesobs
 0 0 0 0 0 0 0 0 0 2.06254e+06 1.5e+06 0 1.87456e+06 323000 250000 174000 83755 137374 0 501740 490994 745055 786931 1.00524e+06 1.33801e+06 1.41789e+06 0
pelacespred
 1.86626e+06 386813 770933 809188 1.07529e+06 1.02036e+06 2.74133e+06 2.1745e+06 2.18388e+06 2.04734e+06 1.41678e+06 979034 604013 199529 137894 147515 189766 273381 298884 422481 707106 616043 877599 1.36241e+06 1.70007e+06 1.87137e+06 1.82664e+06
mphobs
 0 0 0 0 0 112323 0 153150 637223 0 255016 313432 73983 77613 109348 50772 17779 17303 59886 28197 0 207744 136588 643089 65757 70829 0
mphpred
 125831 75207 92184.4 105086 115698 185419 273382 329371 278634 283442 271745 185900 112794 58306.3 25287.9 22028.3 26405.5 35697.4 46060.1 54371.7 81659.7 98090.4 122973 176465 267312 291508 267497
desembarqueobs
 350755 77701 442110 56441 14545 235359 269955 359681 431902 328805 639364 411747 362871 311530 167758 66681 60226 58785 57116 73181 50977 67692 138656 160484 209506 203330 245020
desembarquepred
 350770 77705.9 442167 56444.8 14545.3 235434 270014 359725 431998 328857 639579 411965 363157 311869 167706 66689.8 60256.1 58788.1 57110.2 73183.8 50979.7 67687.1 138665 160498 209503 203323 245012
Reclutas
 42944.4 52002.7 31044.8 45122.2 77344.3 57106 95578.2 89393.9 111204 116882 63879.2 42076.8 45117.3 24146.7 16061.3 15775.2 11813.9 14369.6 16271.2 26188 33441.2 43011.2 70133.1 100085 48538.9 70270.9 103509
log_desv_Rt
 -0.0323386 0.159051 -0.356813 0.0171291 0.556022 0.252665 0.7677 0.700808 0.919125 0.968924 0.36475 -0.0527471 0.0170213 -0.608096 -1.01583 -1.03381 -1.32297 -1.12713 -1.00285 -0.526945 -0.282457 -0.0307851 0.45815 0.813772 0.0901205 0.460113 0.847417
SSB
 490106 292928 359055 409305 450639 722200 1.06481e+06 1.28289e+06 1.08527e+06 1.104e+06 1.05844e+06 724072 439330 227101 98495.2 85799.6 102848 139040 179402 211776 318061 382058 478974 687326 1.04117e+06 1.13541e+06 1.04189e+06
BT
 1.76851e+06 438427 852229 701047 863001 996183 2.35568e+06 2.13424e+06 2.12542e+06 1.93921e+06 1.69943e+06 1.15152e+06 829381 447334 245952 170991 199274 263732 285684 394526 602262 552602 793115 1.21273e+06 1.50973e+06 1.66025e+06 1.65783e+06
Ftot
 0.845521 0.690302 1.04415 0.198053 0.0371269 0.364112 0.22346 0.446981 0.506828 0.400144 0.809849 0.740338 1.21973 2.40529 2.65413 1.03309 0.721837 0.480638 0.382519 0.386679 0.181363 0.228003 0.273814 0.262046 0.21309 0.198889 0.264287
BD_Bspro_t
 0.920771 0.678245 0.627997 0.479787 0.62902 0.779096 0.739161 0.751377 0.688407 0.65039 0.613676 0.449042 0.334977 0.230388 0.127836 0.135796 0.210161 0.33705 0.454361 0.555153 0.675899 0.767163 0.775913 0.784653 0.805003 0.771435 0.754046
BD_Bspro
 0.53497 0.319743 0.391923 0.446773 0.491891 0.78831 1.16229 1.40032 1.18461 1.20506 1.15533 0.790354 0.479547 0.24789 0.107512 0.0936537 0.112263 0.151768 0.195825 0.231162 0.347177 0.417032 0.522819 0.750244 1.13648 1.23935 1.13727
BD_Bo
 0.385486 0.230399 0.28241 0.321933 0.354444 0.568036 0.837513 1.00904 0.853603 0.868334 0.832498 0.569509 0.345549 0.178623 0.0774701 0.0674845 0.080894 0.10936 0.141107 0.166569 0.250167 0.300503 0.37673 0.540607 0.818917 0.893044 0.819485
BD_Brms
 0.700883 0.418907 0.513472 0.585333 0.644444 1.03279 1.52275 1.83462 1.55201 1.57879 1.51363 1.03547 0.628271 0.324769 0.140855 0.122699 0.14708 0.198837 0.256557 0.302853 0.454849 0.546369 0.684964 0.982921 1.48894 1.62372 1.48997
S_f
 0.12117 0.723731 0.980305 0.998944 0.999944
 0.12117 0.723731 0.980305 0.998944 0.999944
 0.12117 0.723731 0.980305 0.998944 0.999944
 0.12117 0.723731 0.980305 0.998944 0.999944
 0.12117 0.723731 0.980305 0.998944 0.999944
 0.12117 0.723731 0.980305 0.998944 0.999944
 0.12117 0.723731 0.980305 0.998944 0.999944
 0.12117 0.723731 0.980305 0.998944 0.999944
 0.12117 0.723731 0.980305 0.998944 0.999944
 0.12117 0.723731 0.980305 0.998944 0.999944
 0.12117 0.723731 0.980305 0.998944 0.999944
 0.12117 0.723731 0.980305 0.998944 0.999944
 0.12117 0.723731 0.980305 0.998944 0.999944
 0.12117 0.723731 0.980305 0.998944 0.999944
 0.12117 0.723731 0.980305 0.998944 0.999944
 0.12117 0.723731 0.980305 0.998944 0.999944
 0.12117 0.723731 0.980305 0.998944 0.999944
 0.12117 0.723731 0.980305 0.998944 0.999944
 0.12117 0.723731 0.980305 0.998944 0.999944
 0.12117 0.723731 0.980305 0.998944 0.999944
 0.12117 0.723731 0.980305 0.998944 0.999944
 0.12117 0.723731 0.980305 0.998944 0.999944
 0.12117 0.723731 0.980305 0.998944 0.999944
 0.12117 0.723731 0.980305 0.998944 0.999944
 0.12117 0.723731 0.980305 0.998944 0.999944
 0.12117 0.723731 0.980305 0.998944 0.999944
 0.12117 0.723731 0.980305 0.998944 0.999944
Scru_reclas
 0.769897 1 1 1 1
 0.769897 1 1 1 1
 0.769897 1 1 1 1
 0.769897 1 1 1 1
 0.769897 1 1 1 1
 0.769897 1 1 1 1
 0.769897 1 1 1 1
 0.769897 1 1 1 1
 0.769897 1 1 1 1
 0.769897 1 1 1 1
 0.769897 1 1 1 1
 0.769897 1 1 1 1
 0.769897 1 1 1 1
 0.769897 1 1 1 1
 0.769897 1 1 1 1
 0.769897 1 1 1 1
 0.769897 1 1 1 1
 0.769897 1 1 1 1
 0.769897 1 1 1 1
 0.769897 1 1 1 1
 0.769897 1 1 1 1
 0.769897 1 1 1 1
 0.769897 1 1 1 1
 0.769897 1 1 1 1
 0.769897 1 1 1 1
 0.769897 1 1 1 1
 0.769897 1 1 1 1
Scru_pelaces
 1 1 1 1 1
 1 1 1 1 1
 1 1 1 1 1
 1 1 1 1 1
 1 1 1 1 1
 1 1 1 1 1
 1 1 1 1 1
 1 1 1 1 1
 1 1 1 1 1
 1 1 1 1 1
 1 1 1 1 1
 1 1 1 1 1
 1 1 1 1 1
 1 1 1 1 1
 1 1 1 1 1
 1 1 1 1 1
 1 1 1 1 1
 1 1 1 1 1
 1 1 1 1 1
 1 1 1 1 1
 1 1 1 1 1
 1 1 1 1 1
 1 1 1 1 1
 1 1 1 1 1
 1 1 1 1 1
 1 1 1 1 1
 1 1 1 1 1
pf_obs 
 0.256992 0.487395 0.22802 0.0275931 0
 0.321318 0.546541 0.124235 0.00734118 0.000564706
 0.182869 0.594174 0.210203 0.0122559 0.00049798
 0.330522 0.361315 0.267642 0.0388342 0.00168674
 0.649043 0.306663 0.0425973 0.00169635 0
 0.582887 0.30429 0.105238 0.00758474 0
 0.465427 0.430635 0.0974691 0.00646863 0
 0.296916 0.608066 0.0921331 0.00288517 0
 0.311714 0.524322 0.152257 0.0117073 0
 0.15457 0.633149 0.183074 0.0267441 0.00246327
 0.131901 0.49318 0.331252 0.0422183 0.00144891
 0.196976 0.569456 0.194076 0.0375587 0.00193317
 0.518974 0.381816 0.0799577 0.0180837 0.00116848
 0.0928022 0.601141 0.25162 0.0475244 0.00691264
 0.122501 0.610282 0.24278 0.0234846 0.000952079
 0.383417 0.481906 0.127806 0.00687128 0
 0.0376549 0.599619 0.316969 0.0457579 0
 0.0361596 0.667082 0.258105 0.0386534 0
 0.158088 0.579412 0.248529 0.0139706 0
 0.0477256 0.309471 0.559284 0.082774 0.000745712
 0.0406174 0.521527 0.379366 0.0568643 0.0016247
 0.151134 0.462217 0.34131 0.0453401 0
 0.294876 0.26143 0.354403 0.0886775 0.000613685
 0.281977 0.475581 0.204845 0.0348837 0.00271318
 0.0841818 0.532909 0.334909 0.0458182 0.00218182
 0.115287 0.27431 0.454777 0.147771 0.00785563
 0 0 0 0 0
pf_pred 
 0.349562 0.447223 0.181765 0.0214351 1.44874e-05
 0.299333 0.555997 0.111558 0.0297038 0.00340873
 0.173016 0.611996 0.183186 0.0246692 0.00713277
 0.260777 0.445178 0.240615 0.0457307 0.00769904
 0.280469 0.469155 0.169083 0.0667638 0.0145298
 0.154566 0.56252 0.202681 0.0545074 0.0257249
 0.241556 0.386319 0.274541 0.0703501 0.0272343
 0.190606 0.524407 0.168124 0.0866841 0.0301794
 0.228884 0.454048 0.23024 0.0517109 0.0351165
 0.213859 0.511842 0.18512 0.0651844 0.0239951
 0.128939 0.54449 0.237556 0.0605199 0.0284956
 0.132606 0.4494 0.300231 0.0863125 0.0314505
 0.222687 0.419285 0.221849 0.0985565 0.0376227
 0.20852 0.587714 0.13467 0.0433621 0.0257334
 0.299296 0.563182 0.118164 0.0130177 0.00634065
 0.337848 0.57397 0.0793626 0.00763605 0.00118331
 0.2125 0.619227 0.15338 0.0134437 0.00144894
 0.243111 0.480166 0.234187 0.0388614 0.00367488
 0.228312 0.511074 0.186088 0.0632963 0.0112304
 0.284414 0.452803 0.193379 0.049872 0.0195315
 0.247784 0.523638 0.162228 0.0491152 0.0172352
 0.22958 0.487923 0.21444 0.0485832 0.0194739
 0.273307 0.450272 0.194907 0.0621834 0.0193305
 0.265136 0.497834 0.164621 0.0513741 0.0210354
 0.10568 0.592117 0.22522 0.0538089 0.0231744
 0.169613 0.321424 0.371609 0.102897 0.0344564
 0.228687 0.419559 0.163734 0.13803 0.0499905
pobs_RECLAS
 0 0 0 0 0
 0 0 0 0 0
 0 0 0 0 0
 0 0 0 0 0
 0.835266 0.146461 0.0176864 0.000547809 3.91292e-05
 0.385257 0.428462 0.181853 0.0044286 0
 0.867414 0.0963971 0.0333333 0.00285562 0
 0.441836 0.489002 0.0689373 0.000224442 0
 0.779404 0.147425 0.0564933 0.0165055 0.000172143
 0.814271 0.122319 0.05973 0.00367925 0
 0.40263 0.566651 0.0304383 0.000280538 0
 0.475488 0.404961 0.113038 0.00651328 0
 0.955842 0.0263864 0.0167828 0.000988607 0
 0.975058 0.0227948 0.00214734 0 0
 0.738997 0.206755 0.0527124 0.00153531 0
 0.850938 0.134255 0.0134407 0.00136685 0
 0.542534 0.407297 0.0501686 0 0
 0.764087 0.199537 0.0359546 0.000420521 0
 0.470689 0.182191 0.310203 0.0369168 0
 0.84361 0.089868 0.0606195 0.00523954 0.000663233
 0.607945 0.314616 0.071237 0.00620181 0
 0.523733 0.453247 0.0230204 0 0
 0.530135 0.295979 0.169645 0.0042399 0
 0.562478 0.366248 0.0663022 0.0049721 0
 0.250443 0.683176 0.0655157 0.000865301 0
 0.195077 0.31981 0.436473 0.0351445 0.0134964
 0.565238 0.351407 0.0832357 0.000118908 0
ppred_RECLAS
 0.739007 0.19675 0.057587 0.00665143 4.49056e-06
 0.683152 0.266774 0.0387926 0.0101218 0.0011603
 0.524438 0.380492 0.0812657 0.0107109 0.00309338
 0.646518 0.238166 0.0946908 0.0176561 0.00296949
 0.664251 0.24131 0.0641689 0.0248638 0.00540568
 0.484296 0.377418 0.0996218 0.0262761 0.0123883
 0.629869 0.217138 0.113446 0.0285186 0.011029
 0.550132 0.322727 0.0756155 0.03823 0.013296
 0.611547 0.257834 0.0953714 0.021001 0.0142466
 0.584477 0.299002 0.0791421 0.0273293 0.0100498
 0.442514 0.389813 0.122664 0.0306112 0.0143974
 0.457609 0.325003 0.15705 0.0442367 0.0161014
 0.621592 0.236708 0.0885547 0.038475 0.0146699
 0.61874 0.311637 0.0464714 0.0145376 0.0086141
 0.726682 0.236663 0.031631 0.00337986 0.00164357
 0.721017 0.25146 0.0248229 0.00233765 0.000361836
 0.577549 0.353116 0.0633116 0.00543735 0.000585394
 0.626287 0.263275 0.0937441 0.0152527 0.00144084
 0.603604 0.289065 0.0770662 0.0257082 0.00455658
 0.673642 0.229395 0.0717243 0.0181408 0.00709719
 0.62417 0.284843 0.0649372 0.0192885 0.00676175
 0.605307 0.277243 0.08957 0.0199078 0.00797164
 0.66088 0.234163 0.0744298 0.0232936 0.00723372
 0.647458 0.261597 0.0635378 0.0194512 0.00795626
 0.376006 0.454321 0.127074 0.0297848 0.0128146
 0.531138 0.217193 0.184707 0.0501765 0.0167853
 0.611507 0.241386 0.0691888 0.0572167 0.020701
pobs_PELACES
 0 0 0 0 0
 0 0 0 0 0
 0 0 0 0 0
 0 0 0 0 0
 0 0 0 0 0
 0 0 0 0 0
 0 0 0 0 0
 0 0 0 0 0
 0 0 0 0 0
 0 0 0 0 0
 0.450072 0.473896 0.0757376 0.000293798 0
 0 0 0 0 0
 0.463077 0.371075 0.160297 0.00555027 0
 0.529543 0.364841 0.0842815 0.0213345 0
 0.631943 0.363953 0.00410389 0 0
 0.735681 0.248677 0.0153453 0.000297389 0
 0.695825 0.281241 0.0229344 0 0
 0.275771 0.60734 0.115278 0.00161068 0
 0 0 0 0 0
 0.896147 0.0623911 0.0374545 0.00400742 0
 0.803859 0.145111 0.0509908 3.86294e-05 0
 0.739449 0.233085 0.0266225 0.000797448 4.60066e-05
 0.878498 0.100942 0.0204185 0.000141795 0
 0.694673 0.275183 0.0284847 0.00165964 0
 0.469039 0.446079 0.0841089 0.000773354 0
 0.822795 0.102175 0.0682046 0.00682512 0
 0 0 0 0 0
ppred_PELACES
 0.815736 0.141329 0.0385079 0.00442468 2.98639e-06
 0.764266 0.200304 0.0274734 0.00713803 0.00081807
 0.642031 0.291386 0.0569687 0.00746049 0.00215389
 0.713033 0.194419 0.0760122 0.014156 0.00238067
 0.721534 0.200321 0.0531019 0.0205709 0.0044723
 0.5694 0.317774 0.0813319 0.021404 0.01009
 0.699625 0.177617 0.0910586 0.0228594 0.00883979
 0.637018 0.26324 0.059387 0.0299427 0.0104123
 0.696483 0.204402 0.0724313 0.0158999 0.0107843
 0.666378 0.242384 0.0620189 0.0213637 0.00785501
 0.552825 0.319163 0.0937769 0.023286 0.0109492
 0.565592 0.266928 0.121149 0.0339695 0.0123613
 0.738615 0.169912 0.0573288 0.0247218 0.00942229
 0.77885 0.187203 0.0227721 0.00701917 0.00415583
 0.857505 0.126839 0.0135406 0.00142342 0.000691582
 0.806088 0.176248 0.0159411 0.00149172 0.000230818
 0.674277 0.274956 0.0463752 0.00396517 0.000426795
 0.707935 0.208236 0.0711895 0.0115488 0.00109078
 0.682852 0.233329 0.0602243 0.0200428 0.00355198
 0.745147 0.180899 0.0547394 0.013812 0.00540296
 0.691815 0.234457 0.0526359 0.0156172 0.00547441
 0.677055 0.228166 0.0723052 0.016048 0.00642558
 0.729174 0.18837 0.0585023 0.0182781 0.00567567
 0.716526 0.21157 0.0502596 0.0153615 0.00628287
 0.450735 0.401902 0.110402 0.0258432 0.011118
 0.607053 0.183705 0.153619 0.0416803 0.0139422
 0.684913 0.197495 0.0553555 0.0457027 0.0165338
pobs_pel_tallas
 0 0 0 0 0 0 0 0 0 0 0 0 0 0 0 0 0 0 0 0 0 0 0 0 0 0 0 0 0 0 0 0 0 0 0 0
 0 0 0 0 0 0 0 0 0 0 0 0 0 0 0 0 0 0 0 0 0 0 0 0 0 0 0 0 0 0 0 0 0 0 0 0
 0 0 0 0 0 0 0 0 0 0 0 0 0 0 0 0 0 0 0 0 0 0 0 0 0 0 0 0 0 0 0 0 0 0 0 0
 0 0 0 0 0 0 0 0 0 0 0 0 0 0 0 0 0 0 0 0 0 0 0 0 0 0 0 0 0 0 0 0 0 0 0 0
 0 0 0 0 0 0 0 0 0 0 0 0 0 0 0 0 0 0 0 0 0 0 0 0 0 0 0 0 0 0 0 0 0 0 0 0
 0 0 0 0 0 0 0 0 0 0 0 0 0 0 0 0 0 0 0 0 0 0 0 0 0 0 0 0 0 0 0 0 0 0 0 0
 0 0 0 0 0 0 0 0 0 0 0 0 0 0 0 0 0 0 0 0 0 0 0 0 0 0 0 0 0 0 0 0 0 0 0 0
 0 0 0 0 0 0 0 0 0 0 0 0 0 0 0 0 0 0 0 0 0 0 0 0 0 0 0 0 0 0 0 0 0 0 0 0
 0 0 0 0 0 0 0 0 0 0 0 0 0 0 0 0 0 0 0 0 0 0 0 0 0 0 0 0 0 0 0 0 0 0 0 0
 0 0 0 0 0 0 0 0 0 0 0 0 0 0 0 0 0 0 0 0 0 0 0 0 0 0 0 0 0 0 0 0 0 0 0 0
 0 0 0 0 0 0 0 0 1.78061e-05 0.00172719 0.00360574 0.0105946 0.0120993 0.0124554 0.0147524 0.0171206 0.0266825 0.0428682 0.0675386 0.121331 0.153587 0.119568 0.100827 0.0573624 0.0630603 0.0341343 0.0324427 0.0444173 0.0211091 0.0280891 0.0125444 0.00206551 0 0 0 0
 0 0 0 0 0 0 0 0 0 0 0 0 0 0 0 0 0 0 0 0 0 0 0 0 0 0 0 0 0 0 0 0 0 0 0 0
 0 0 0 0 0 0 0.0133647 0.0140871 0.0187388 0.0205184 0.03894 0.0496705 0.03968 0.0493445 0.0407372 0.0367815 0.0215668 0.0243155 0.0234873 0.0199281 0.019796 0.0243948 0.0301388 0.0376714 0.0412746 0.0863199 0.0771752 0.113111 0.0741005 0.0525337 0.0229764 0.00759418 0.00175318 0 0 0
 0 0 0 0 0 0 0 0 0 0 0.00219441 0.00772107 0.0458388 0.0604681 0.0671733 0.0775358 0.0609151 0.0617685 0.073594 0.0568108 0.0755445 0.0548602 0.0670107 0.0636378 0.0643287 0.046367 0.0373049 0.0286899 0.0247887 0.0153202 0.00654259 0.00121912 0.000365735 0 0 0
 0 0 0 0 0 0 0 0 0 0 0 0 0.000112435 0.00938835 0.0111873 0.0202946 0.0414886 0.0713402 0.111592 0.104902 0.108894 0.110636 0.117776 0.105296 0.107544 0.0401394 0.0192827 0.0124803 0.00416011 0.0028671 0.000618394 0 0 0 0 0
 0 0 0 0 0 0 0 0 0 0 0.00291406 0.0102884 0.027416 0.0768956 0.0749926 0.110853 0.0956884 0.0897413 0.0766577 0.0534642 0.0500743 0.0551293 0.0594112 0.0620874 0.0668451 0.0424026 0.0208742 0.0120726 0.0048766 0.00582813 0.00118941 0.000297354 0 0 0 0
 0 0.00264628 0.0354308 0.0461629 0.0458689 0.0383711 0.0214643 0.0164657 0.0346957 0.0420465 0.0363128 0.0245516 0.0311673 0.0291091 0.0169068 0.0133784 0.00837989 0.0085269 0.0148486 0.0160247 0.0276389 0.0546898 0.0760071 0.122758 0.109233 0.0665981 0.0333725 0.0166128 0.00676272 0.00308733 0.000882094 0 0 0 0 0
 0 0 0 0 0 0 0 0.000805153 0.000690131 0.00759144 0.0133425 0.0154129 0.00931677 0.000345066 0.00356568 0.00563607 0.00851162 0.0253048 0.0502646 0.0516448 0.0657925 0.0565908 0.0611916 0.0827007 0.0866115 0.110766 0.145733 0.0935128 0.0569358 0.0249597 0.0138026 0.00621118 0.00161031 0.00115022 0 0
 0 0 0 0 0 0 0 0 0 0 0 0 0 0 0 0 0 0 0 0 0 0 0 0 0 0 0 0 0 0 0 0 0 0 0 0
 0.00147267 0.00158595 0.00478618 0.00569244 0.00954404 0.0108468 0.00647125 0.017049 0.0510054 0.094081 0.124002 0.0959785 0.0687766 0.0820023 0.061753 0.0591476 0.0492212 0.0479892 0.0443925 0.0268479 0.0217502 0.0140895 0.0121071 0.0120363 0.00920419 0.00665534 0.0049561 0.00860946 0.00930331 0.0156896 0.0114698 0.00855282 0.00243557 0.00046729 0 2.83206e-05
 0 0 0 0 0.000772559 0.00158375 0.000888443 0.00281984 0.00712685 0.0440552 0.0773331 0.111326 0.0921469 0.0852325 0.0710754 0.0886704 0.0786465 0.0553345 0.0373146 0.0185414 0.00753245 0.00457741 0.012979 0.0271748 0.0457355 0.0583668 0.034881 0.0177882 0.00938659 0.00492506 0.0015258 0.00185414 0.000309023 5.79419e-05 3.86279e-05 0
 0 0.00173294 0.00326652 0 0.00397197 0.00683976 0.00946217 0.0152591 0.00757587 0.0136028 0.0228656 0.0392903 0.0559909 0.0764795 0.0681675 0.0726916 0.0566044 0.0477403 0.0527397 0.0444891 0.0609904 0.0582453 0.0661739 0.0445044 0.0529084 0.0360697 0.0280645 0.0235558 0.0158879 0.00826598 0.00280645 0.00217768 0.000904811 0.00058276 9.20147e-05 0
 0 0 0 0 0 0 0 0 0 0 0 0 0 0 0 0 0 0 0 0 0 0 0 0 0 0 0 0 0 0 0 0 0 0 0 0
 0 0 0 0 0 0 0 0 0 0 0 0 0 0 0 0 0 0 0 0 0 0 0 0 0 0 0 0 0 0 0 0 0 0 0 0
 0 0 0 0 0 0 0 0 0 0 0 0 0 0 0 0 0 0 0 0 0 0 0 0 0 0 0 0 0 0 0 0 0 0 0 0
 0 0 0 0 0 0 0 0 0 0 0 0 0 0 0 0 0 0 0 0 0 0 0 0 0 0 0 0 0 0 0 0 0 0 0 0
 0 0 0 0 0 0 0 0 0 0 0 0 0 0 0 0 0 0 0 0 0 0 0 0 0 0 0 0 0 0 0 0 0 0 0 0
ppred_pel_tallas
 1.00745e-16 3.55884e-05 0.000208883 0.000992952 0.00382295 0.0119215 0.0301128 0.0616144 0.102131 0.137155 0.14924 0.131613 0.0941518 0.0548246 0.026377 0.0112258 0.00546429 0.00450037 0.00552227 0.00730271 0.00935548 0.0114066 0.0132151 0.0145603 0.0152793 0.0153011 0.0146613 0.013487 0.0119613 0.0102786 0.00860557 0.00705853 0.00569909 0.00454395 0.00358152 0.00278774
 1.00739e-16 3.33464e-05 0.000195715 0.00093034 0.00358186 0.0111697 0.0282138 0.0577293 0.0956934 0.128515 0.139855 0.123374 0.0883403 0.0516065 0.025139 0.0112309 0.00624932 0.00590969 0.00757519 0.0100641 0.0128554 0.0155978 0.0179569 0.0196255 0.0203831 0.0201454 0.0189838 0.0171019 0.0147812 0.0123147 0.00994825 0.0078464 0.0060866 0.00467473 0.00357172 0.0027198
 1.01261e-16 2.80201e-05 0.000164437 0.00078162 0.00300921 0.0093839 0.0237031 0.0485009 0.0803999 0.107988 0.117547 0.103766 0.0744568 0.0438119 0.0219322 0.0108009 0.00742284 0.00823958 0.0110422 0.0147914 0.018941 0.0230315 0.0265855 0.0291548 0.0304121 0.0302253 0.0286855 0.0260748 0.02279 0.019247 0.0157981 0.0126835 0.010022 0.00783301 0.00607337 0.00467303
 1.01741e-16 3.11122e-05 0.000182599 0.000867985 0.00334178 0.010421 0.0263227 0.0538599 0.0892798 0.119903 0.130487 0.115117 0.0824462 0.0481998 0.0235492 0.0106429 0.00610253 0.0059435 0.00771837 0.0103352 0.0133141 0.0163268 0.0190523 0.0211862 0.0224955 0.0228671 0.0223279 0.0210268 0.0191886 0.0170565 0.0148424 0.0126982 0.0107114 0.00891765 0.00732161 0.00591509
 1.01735e-16 3.14831e-05 0.000184776 0.000878334 0.00338162 0.0105453 0.0266365 0.0545021 0.0903443 0.121333 0.132043 0.116491 0.0834313 0.0487782 0.0238359 0.010778 0.00618461 0.00602117 0.00780687 0.0104309 0.0134006 0.0163769 0.0190302 0.0210516 0.0222108 0.0224054 0.0216804 0.0202074 0.0182342 0.0160224 0.0137941 0.0117013 0.00982197 0.00817504 0.00674507 0.00550431
 1.02466e-16 2.48542e-05 0.000145848 0.000693239 0.00266891 0.00832268 0.0210226 0.0430166 0.0713105 0.0957854 0.104279 0.0920903 0.0661583 0.0390888 0.0198651 0.0102764 0.00769722 0.00899673 0.0122253 0.0164463 0.0211308 0.0257989 0.0299373 0.0330572 0.034795 0.0349918 0.0337251 0.0312747 0.0280424 0.0244522 0.0208639 0.0175241 0.0145581 0.0119946 0.00980416 0.00793549
 1.0255e-16 3.05269e-05 0.000179165 0.00085166 0.00327892 0.010225 0.0258276 0.0528468 0.0876001 0.117647 0.128028 0.112943 0.0808764 0.0472574 0.0230435 0.0103396 0.00582909 0.00560345 0.00726748 0.00976251 0.012637 0.0155933 0.0183408 0.0206003 0.022151 0.0228742 0.0227721 0.021953 0.0205925 0.0188849 0.017002 0.0150701 0.013168 0.0113379 0.0096035 0.00798257
 1.02445e-16 2.78004e-05 0.000163149 0.000775505 0.00298568 0.00931051 0.0235177 0.0481214 0.0797701 0.10714 0.116618 0.102933 0.0738302 0.0433854 0.0216122 0.0104692 0.00697679 0.00760113 0.0101563 0.0136292 0.0175095 0.0213844 0.0248278 0.0274374 0.0289147 0.0291308 0.0281512 0.0262067 0.0236272 0.0207581 0.0178892 0.0152155 0.0128317 0.0107539 0.0089532 0.00738604
 1.02146e-16 3.0391e-05 0.000178364 0.000847848 0.00326424 0.0101792 0.0257119 0.0526103 0.0872089 0.117123 0.127465 0.11246 0.0805612 0.0471345 0.0230974 0.0105548 0.00621369 0.00618653 0.00808358 0.0108331 0.0139544 0.0171087 0.0199614 0.0221949 0.023568 0.0239655 0.0234196 0.0220891 0.0202114 0.0180402 0.0157938 0.0136254 0.0116187 0.00980307 0.00817625 0.00672515
 1.02061e-16 2.90798e-05 0.000170663 0.000811228 0.00312323 0.00973946 0.0246012 0.050338 0.0834436 0.112071 0.121977 0.107644 0.0771679 0.0452632 0.0223926 0.0105899 0.00672302 0.00708485 0.00938714 0.0125825 0.0161655 0.0197472 0.0229324 0.0253483 0.0267173 0.0269175 0.0260059 0.0241929 0.0217816 0.0190909 0.0163915 0.0138676 0.0116128 0.00964829 0.00795238 0.00648839
 1.02747e-16 2.41315e-05 0.000141605 0.000673067 0.00259125 0.00808047 0.0204108 0.0417649 0.0692358 0.0929998 0.10125 0.089422 0.0642569 0.0379969 0.0193689 0.0101162 0.00769668 0.00907687 0.0123676 0.0166589 0.0214314 0.0262076 0.030473 0.0337354 0.0356248 0.0359741 0.0348506 0.0325231 0.0293831 0.0258461 0.0222665 0.0188896 0.0158442 0.0131663 0.0108366 0.0088154
 1.03552e-16 2.46862e-05 0.000144866 0.00068858 0.00265099 0.00826681 0.0208814 0.0427274 0.0708298 0.0951358 0.103562 0.0914328 0.0656338 0.0386746 0.0194637 0.00976228 0.00694915 0.0079102 0.010721 0.0144858 0.0187376 0.023077 0.0270764 0.0303193 0.0324799 0.0333899 0.0330653 0.0316832 0.029522 0.0268856 0.0240394 0.0211749 0.0184057 0.015786 0.013338 0.0110741
 1.02159e-16 3.22267e-05 0.000189144 0.000899107 0.00346161 0.0107947 0.0272666 0.0557911 0.0924799 0.124198 0.135153 0.119215 0.0853404 0.0498098 0.0241825 0.0106692 0.00575562 0.00530317 0.00677483 0.00905157 0.0116648 0.0143185 0.0167334 0.0186472 0.0198599 0.0202756 0.0199188 0.0189175 0.0174627 0.0157577 0.0139759 0.0122366 0.0106032 0.00909662 0.00771464 0.00644937
 1.0082e-16 3.39818e-05 0.000199447 0.000948082 0.00365017 0.0113827 0.0287519 0.0588302 0.0975177 0.130964 0.142516 0.125711 0.0899924 0.0525285 0.0255076 0.0112588 0.00607234 0.00557648 0.0070836 0.00939629 0.011999 0.0145571 0.0167575 0.0183139 0.0190216 0.0188033 0.0177271 0.0159842 0.0138381 0.0115618 0.009383 0.00745302 0.00584091 0.0045489 0.00353776 0.00275171
 1.00315e-16 3.74091e-05 0.000219574 0.00104378 0.00401866 0.0125318 0.0316544 0.0647684 0.107359 0.144173 0.15687 0.138327 0.0989242 0.0575405 0.0275649 0.0115256 0.00530249 0.00405703 0.0048273 0.00632589 0.00805564 0.00975384 0.0112008 0.0122014 0.0126171 0.0123978 0.0115926 0.0103357 0.00881082 0.00720846 0.00568812 0.00435612 0.00326143 0.00240563 0.00176017 0.00128356
 1.00346e-16 3.5169e-05 0.000206418 0.000981228 0.0037778 0.0117807 0.0297572 0.060887 0.100926 0.13554 0.147491 0.130089 0.093103 0.0542968 0.0262775 0.0114469 0.00595609 0.0052731 0.00661342 0.00874196 0.011138 0.013476 0.0154579 0.0168139 0.0173527 0.0170064 0.0158461 0.0140611 0.0119103 0.0096611 0.00753732 0.0056877 0.00417995 0.00301482 0.00215019 0.0015255
 1.00905e-16 2.94255e-05 0.000172689 0.000820857 0.00316029 0.00985503 0.0248932 0.0509356 0.084435 0.113405 0.123435 0.108945 0.0781326 0.045893 0.022822 0.0109873 0.00722783 0.0077947 0.0103646 0.0138557 0.0177196 0.0215133 0.0247839 0.0271088 0.028182 0.0278839 0.0263078 0.023729 0.0205313 0.0171161 0.0138224 0.0108803 0.00840189 0.00640187 0.00483283 0.00362031
 1.01527e-16 3.08905e-05 0.000181296 0.000861788 0.00331791 0.0103466 0.0261347 0.0534754 0.0886428 0.119049 0.12956 0.114309 0.0818846 0.047907 0.0234723 0.0107194 0.00629961 0.00625975 0.00816814 0.0109321 0.0140589 0.0172001 0.0200118 0.0221689 0.0234257 0.0236681 0.0229348 0.0213969 0.0193075 0.0169382 0.0145239 0.0122314 0.0101534 0.00832263 0.00673492 0.00537039
 1.01786e-16 2.97977e-05 0.000174879 0.000831272 0.00320041 0.00998014 0.0252091 0.0515819 0.085505 0.114838 0.124985 0.11029 0.0790451 0.0463252 0.022845 0.0106817 0.00661846 0.00685097 0.00903301 0.0120961 0.0155347 0.018969 0.0220169 0.0243186 0.0256064 0.0257629 0.0248438 0.0230531 0.0206848 0.0180491 0.0154097 0.0129477 0.0107559 0.0088567 0.00723008 0.0058401
 1.01564e-16 3.2512e-05 0.000190818 0.000907062 0.00349224 0.0108902 0.0275078 0.0562847 0.0932985 0.125298 0.136352 0.120278 0.0861107 0.0502793 0.0244474 0.0108481 0.00593812 0.0055428 0.00709948 0.00947136 0.0121728 0.0148882 0.0173176 0.0191805 0.0202665 0.0204798 0.0198571 0.0185495 0.0167775 0.0147756 0.0127442 0.0108225 0.00908421 0.00755103 0.00621358 0.0050509
 1.01617e-16 3.01886e-05 0.000177173 0.000842182 0.00324241 0.0101111 0.02554 0.0522588 0.0866271 0.116345 0.126624 0.111734 0.0800765 0.0469216 0.0231239 0.0107858 0.00664613 0.00684805 0.00901224 0.0120544 0.0154618 0.0188502 0.0218349 0.0240555 0.0252462 0.0252944 0.0242636 0.0223677 0.019911 0.0172128 0.0145434 0.0120864 0.00993343 0.00810156 0.00656312 0.00527317
 1.01953e-16 2.95448e-05 0.000173394 0.000824215 0.00317324 0.00989541 0.0249951 0.0511439 0.084779 0.113863 0.123923 0.109352 0.0783708 0.045926 0.022641 0.0105752 0.00653942 0.00676301 0.00892233 0.0119622 0.015387 0.0188264 0.0219068 0.0242745 0.0256627 0.0259491 0.0251781 0.023538 0.0213056 0.0187757 0.0162011 0.0137587 0.0115431 0.00958431 0.00787288 0.00638462
 1.01786e-16 3.18158e-05 0.00018673 0.000887626 0.0034174 0.0106568 0.0269183 0.0550787 0.0912997 0.122615 0.133435 0.117711 0.0842886 0.0492459 0.0240022 0.0107482 0.00602277 0.00574522 0.00740961 0.0099006 0.0127344 0.0155884 0.0181519 0.0201332 0.0213126 0.0215885 0.0209968 0.019691 0.0178967 0.0158538 0.0137673 0.0117795 0.00996591 0.00834954 0.00692262 0.00566654
 1.01604e-16 3.12652e-05 0.000183496 0.000872244 0.00335817 0.0104721 0.0264518 0.0541242 0.0897183 0.120493 0.131132 0.115694 0.0828755 0.048483 0.0237471 0.0108311 0.00634367 0.00628071 0.00817739 0.0109237 0.014017 0.0171022 0.0198309 0.0218774 0.0230009 0.0230979 0.0222227 0.0205645 0.0183939 0.015995 0.0136086 0.0113985 0.00944662 0.0077697 0.00634509 0.00513558
 1.03106e-16 1.96833e-05 0.000115482 0.00054886 0.00211299 0.00658903 0.0166437 0.0340576 0.0564635 0.0758567 0.0826204 0.0730513 0.0526727 0.0315076 0.0167268 0.00981709 0.00877061 0.0111609 0.0154544 0.0208556 0.0268161 0.0327579 0.0380364 0.0420327 0.044284 0.0445852 0.043029 0.039964 0.0358938 0.0313517 0.026792 0.0225282 0.0187231 0.0154185 0.0125835 0.0101589
 1.04325e-16 2.64907e-05 0.000155468 0.000738999 0.00284515 0.00887229 0.0224108 0.0458558 0.0760129 0.102089 0.111107 0.0980384 0.0702537 0.0411524 0.0202594 0.00942333 0.00579181 0.00599899 0.00798722 0.0108481 0.0141845 0.0177151 0.0211479 0.0241877 0.0265839 0.0281741 0.0289052 0.0288242 0.0280455 0.0267112 0.024957 0.0228957 0.0206177 0.0182007 0.0157214 0.0132613
 1.03194e-16 2.98861e-05 0.000175401 0.000833763 0.00321001 0.0100101 0.0252848 0.0517363 0.08576 0.115177 0.125346 0.110589 0.0792168 0.0463402 0.0226937 0.0103464 0.00605905 0.00600911 0.00784849 0.0105278 0.0135816 0.0166872 0.0195273 0.0218018 0.0232831 0.0238631 0.0235714 0.022555 0.0210297 0.0192222 0.0173204 0.0154479 0.013664 0.0119811 0.01039 0.00888037
pSPR Fmed_Fpbrs
0.504804   0.6 0.325
Fs Fmed_Fpbrs
0.64   0.429433 1.42951
SSBpbr Bo_Bmed_Bpbrs
1.2714e+06  578237  699268 349634
Ro
44355.9
SPR SPRFo_SPRFmed_SPRFpbrs
916136 462469 297744
log_Ro
10.52
likeval ReclasPelacesDesembMPH_pf_preclas_ppelaces_ptallas_desvR_qrecl_qpela
 61.9152 19.3289 0.0143166 0.00061478 331.298 212.509 54.4647 0 16.934 2.126e-05 3.29285e-05 3.44486e-15 0 0 0
q_reclas_q_pelaces
0.520285 2.26232
M
0.7
N
 42944.4 11356.3 3704.71 431.287 0.291297
 52002.7 19248.9 3058.24 803.111 92.0951
 31044.8 23751.6 5800.02 771.927 223.053
 45122.2 13584.3 5539.85 1034.87 174.067
 77344.3 21875.7 5844.93 2265.55 492.564
 57106 38235.6 10575.1 2798.77 1319.76
 95578.2 27134.1 14588.7 3675.05 1421.41
 89393.9 46194.9 11462.3 5819.36 2024.37
 111204 42051.4 16599.5 3672.55 2492.01
 116882 51933.1 14470.1 5015.48 1844.71
 63879.2 55295 19304.9 4854.09 2283.95
 42076.8 28756.5 15280.4 4333.88 1578.04
 45117.3 19102 8356.66 3672.28 1401.04
 24146.7 19326.4 3923.7 1255.27 744.694
 16061.3 8959.36 1683.19 184.357 89.7692
 15775.2 5782.35 651.696 61.9661 9.59645
 11813.9 6911.99 1359.52 117.547 12.6599
 14369.6 5375.29 2035.71 332.708 31.4368
 16271.2 6732.03 1885.06 631.076 111.875
 26188 7714.07 2534.6 643.377 251.755
 33441.2 12409.3 2895.61 861.545 302.05
 43011.2 16245.4 5404.26 1203.7 482.052
 70133.1 20776.7 6840.08 2146.15 666.568
 100085 33690.5 8462.67 2597.06 1062.43
 48538.9 48147.3 13840 3250.41 1398.61
 70270.9 23489.3 20492.2 5577.12 1865.87
 103509 34064.6 10100.7 8373.51 3029.94
pred_Ctot
 3025.29 3870.49 1573.09 185.51 0.125381
 3015.44 5601.04 1123.82 299.233 34.3391
 2672.78 9454.22 2829.88 381.094 110.188
 770.543 1315.41 710.969 135.125 22.7491
 249.734 417.742 150.554 59.4474 12.9375
 1777.06 6467.34 2330.24 626.675 295.761
 1839.06 2941.21 2090.19 535.604 207.346
 3399.95 9354.14 2998.92 1546.23 538.327
 4780.58 9483.44 4808.88 1080.06 733.457
 3989.51 9548.34 3453.38 1216.01 447.625
 4318.31 18235.6 7956.03 2026.89 954.353
 2609.84 8844.73 5908.91 1698.73 618.983
 4496.09 8465.42 4479.16 1989.87 759.609
 4464.52 12583.2 2883.35 928.404 550.965
 3235.82 6088.8 1277.52 140.74 68.5515
 1344.54 2284.25 315.842 30.3894 4.70924
 715.149 2083.95 516.185 45.2434 4.87627
 586.629 1158.64 565.094 93.7727 8.86749
 531.415 1189.57 433.135 147.328 26.1398
 864.406 1376.18 587.726 151.573 59.361
 523.41 1106.11 342.684 103.749 36.4071
 844.216 1794.2 788.542 178.651 71.6098
 1649.11 2716.91 1176.05 375.21 116.639
 2253.67 4231.62 1399.28 436.683 178.802
 891.106 4992.8 1899.08 453.723 195.409
 1205.01 2283.55 2640.09 731.026 244.795
 2350.43 4312.21 1682.85 1418.67 513.801
F
 0.102452 0.611929 0.828868 0.844627 0.845473
 0.083644 0.499593 0.676707 0.689573 0.690264
 0.12652 0.755684 1.02359 1.04305 1.04409
 0.0239981 0.143337 0.194152 0.197844 0.198042
 0.00449867 0.0268699 0.0363957 0.0370877 0.0371248
 0.0441195 0.263519 0.35694 0.363727 0.364091
 0.0270767 0.161725 0.219059 0.223224 0.223448
 0.0541607 0.323494 0.438177 0.446509 0.446956
 0.0614124 0.366807 0.496846 0.506293 0.5068
 0.0484855 0.289596 0.392263 0.399721 0.400121
 0.0981295 0.586112 0.793899 0.808993 0.809804
 0.0897069 0.535806 0.725757 0.739556 0.740297
 0.147795 0.882756 1.19571 1.21844 1.21966
 0.291449 1.74078 2.35792 2.40275 2.40516
 0.321601 1.92088 2.60186 2.65133 2.65398
 0.12518 0.747679 1.01274 1.032 1.03303
 0.0874651 0.522415 0.70762 0.721074 0.721796
 0.058239 0.347852 0.471171 0.48013 0.480611
 0.0463499 0.276841 0.374986 0.382115 0.382498
 0.046854 0.279852 0.379063 0.386271 0.386658
 0.0219758 0.131258 0.177791 0.181171 0.181353
 0.0276272 0.165013 0.223512 0.227762 0.22799
 0.033178 0.198167 0.268421 0.273524 0.273798
 0.0317522 0.189651 0.256885 0.261769 0.262032
 0.0258201 0.154219 0.208893 0.212864 0.213078
 0.0240994 0.143942 0.194972 0.198679 0.198878
 0.0320237 0.191273 0.259082 0.264008 0.264273
Np
 33437.9 15762.9 18116.9 4554.02 1656.35
YTP_r0W_actual
 31043.3 143904 80283.3 86329.3 34694.4
YTP_p0W_proyectada
 10028.3 210297 111046 39909.6 50506.2
 10028.3 66589.1 143998 46951.1 18966
CTP_r0_actual
 3785.77 6662.2 2556.79 2152.85 779.649
CTP_p0_proyectada
 1222.97 9735.99 3536.5 995.251 1134.97
 1222.97 3082.83 4585.94 1170.85 426.202
Wmedp
 8.2 21.6 31.4 40.1 44.5
nmprior
 10.8 10.6 4.6 0
nm_flota  nm_reclas  nm_pelaces    nm_pelaL
inf 17.3001 17.578 55.3294
cv_recla  cv_pelaces  cv_mph
0.681442 0.481608 0.662668
 ------------------------------------------------
Talla a la edad & desviaci?n 
 7.2 14.2025 17.0495 18.207 18.6776
 1.08 2.13037 2.55742 2.73105 2.80164
