years
 1997 1998 1999 2000 2001 2002 2003 2004 2005 2006 2007 2008 2009 2010 2011 2012 2013 2014 2015 2016 2017 2018 2019 2020 2021 2022 2023
reclasobs
 0 0 0 370054 412103 1.49427e+06 250295 1.28982e+06 931140 785840 897777 1.04006e+06 184774 17550 25797 100020 73551 82996 120727 218422 84188 347160 605670 569463 516374 1.08416e+06 1.01767e+06
reclaspred
 987415 208153 451604 206701 310302 391281 830083 644505 724793 867946 837907 577705 329958 126744 72525.6 73138.4 82212.2 109403 126147 151907 233764 237694 391661 516612 733589 667678 451671
pelacesobs
 0 0 0 0 0 0 0 0 0 2.06254e+06 1.5e+06 0 1.87456e+06 323000 250000 174000 83755 137374 0 501740 490994 745055 786931 1.00524e+06 1.33801e+06 1.41789e+06 0
pelacespred
 2.88097e+06 746758 643941 583785 873526 706102 2.30395e+06 1.85875e+06 1.99291e+06 2.46581e+06 1.87349e+06 1.31516e+06 820701 257293 159953 157287 181771 254017 277634 331521 627691 569227 745440 1.17547e+06 1.53198e+06 1.43325e+06 870066
mphobs
 0 0 0 0 0 112323 0 153150 637223 0 255016 313432 73983 77613 109348 50772 17779 17303 59886 28197 0 207744 136588 643089 65757 70829 0
mphpred
 279535 135393 127207 82300.6 78599.8 145490 187187 278823 252186 286991 348922 234145 141721 78026.1 35427.5 28338.5 28179.5 34222.4 43651.7 46976.1 66771.1 86275.5 103545 147288 232286 219908 166856
desembarqueobs
 350755 77701 442110 56441 14545 235359 269955 359681 431902 328805 639364 411747 362871 311530 167758 66681 60226 58785 57116 73181 50977 67692 138656 160484 209506 203330 245020
desembarquepred
 350741 77681.3 441860 56437.9 14544.9 235394 269990 359440 431738 328689 638774 411455 362587 311350 167415 66647.5 60233.6 58745.7 57074.7 73150.5 50973.8 67659.1 138624 160454 209424 203240 244932
Reclutas
 29720 42132.3 11292.5 15640.2 39844.5 24479.4 64900 62553.8 80310.5 115027 63457.8 46298.4 54136 28567.5 13870 10699.1 7836.92 9560.43 9452.46 13038.6 19085.7 22443.7 37462.3 55724.4 22016.1 31762.5 21925.7
log_desv_Rt
 0.0795738 0.428569 -0.888105 -0.5624 0.372739 -0.114414 0.860603 0.823782 1.07366 1.43292 0.838131 0.522862 0.679255 0.0400258 -0.682513 -0.942086 -1.2534 -1.05461 -1.06597 -0.744331 -0.363307 -0.201233 0.311091 0.708174 -0.220469 0.146042 -0.224587
SSB
 532970 258145 242537 156917 149861 277397 356896 531613 480826 547186 665266 446428 270209 148767 67547.2 54031.2 53727.9 65249.4 83227.7 89566.2 127308 164496 197423 280823 442883 419283 318134
BT
 1.4566e+06 387026 477187 268942 353575 419809 1.20053e+06 1.1149e+06 1.22697e+06 1.30693e+06 1.26646e+06 873978 699442 395244 206239 117429 120675 149252 147307 185621 286508 256137 368012 572820 670948 667558 500499
Ftot
 0.590727 0.682214 1.34285 0.479104 0.0963954 0.879872 0.662664 0.969181 1.0978 0.717298 1.15817 1.14113 1.93844 3.35041 3.42439 1.43587 1.21125 0.948708 0.717337 0.827375 0.386882 0.463341 0.58626 0.54827 0.428493 0.512821 0.838186
BD_Bspro_t
 0.924649 0.648846 0.529423 0.268441 0.372527 0.577619 0.493594 0.550546 0.483676 0.46938 0.48271 0.320932 0.223846 0.150974 0.0838655 0.0823247 0.111921 0.18074 0.267142 0.334819 0.447745 0.577324 0.581074 0.593372 0.630322 0.546228 0.473989
BD_Bspro
 0.940166 0.455371 0.427838 0.276803 0.264356 0.489331 0.629568 0.937772 0.848182 0.965242 1.17354 0.787504 0.476652 0.262427 0.119154 0.0953116 0.0947766 0.115101 0.146815 0.157996 0.224573 0.290172 0.348256 0.495376 0.781251 0.73962 0.561191
BD_Bo
 0.79944 0.387211 0.363799 0.235371 0.224787 0.416087 0.535334 0.797405 0.721225 0.820763 0.99788 0.669629 0.405306 0.223146 0.101319 0.0810452 0.0805904 0.0978723 0.124839 0.134347 0.190958 0.246739 0.296129 0.421227 0.664312 0.628913 0.477192
BD_Brms
 1.45353 0.704019 0.661453 0.427947 0.408704 0.756522 0.973334 1.44983 1.31132 1.4923 1.81433 1.21751 0.736921 0.405721 0.184216 0.147355 0.146528 0.17795 0.22698 0.244267 0.347197 0.448616 0.538416 0.765868 1.20784 1.14348 0.867621
S_f
 0.120726 1 1 1 1
 0.120726 1 1 1 1
 0.120726 1 1 1 1
 0.120726 1 1 1 1
 0.120726 1 1 1 1
 0.120726 1 1 1 1
 0.120726 1 1 1 1
 0.120726 1 1 1 1
 0.120726 1 1 1 1
 0.120726 1 1 1 1
 0.120726 1 1 1 1
 0.120726 1 1 1 1
 0.120726 1 1 1 1
 0.120726 1 1 1 1
 0.120726 1 1 1 1
 0.120726 1 1 1 1
 0.120726 1 1 1 1
 0.120726 1 1 1 1
 0.120726 1 1 1 1
 0.120726 1 1 1 1
 0.120726 1 1 1 1
 0.120726 1 1 1 1
 0.120726 1 1 1 1
 0.120726 1 1 1 1
 0.120726 1 1 1 1
 0.120726 1 1 1 1
 0.120726 1 1 1 1
Scru_reclas
 0.297176 0.680302 0.914597 0.981784 0.996327
 0.297176 0.680302 0.914597 0.981784 0.996327
 0.297176 0.680302 0.914597 0.981784 0.996327
 0.297176 0.680302 0.914597 0.981784 0.996327
 0.297176 0.680302 0.914597 0.981784 0.996327
 0.297176 0.680302 0.914597 0.981784 0.996327
 0.297176 0.680302 0.914597 0.981784 0.996327
 0.297176 0.680302 0.914597 0.981784 0.996327
 0.297176 0.680302 0.914597 0.981784 0.996327
 0.297176 0.680302 0.914597 0.981784 0.996327
 0.297176 0.680302 0.914597 0.981784 0.996327
 0.297176 0.680302 0.914597 0.981784 0.996327
 0.297176 0.680302 0.914597 0.981784 0.996327
 0.297176 0.680302 0.914597 0.981784 0.996327
 0.297176 0.680302 0.914597 0.981784 0.996327
 0.297176 0.680302 0.914597 0.981784 0.996327
 0.297176 0.680302 0.914597 0.981784 0.996327
 0.297176 0.680302 0.914597 0.981784 0.996327
 0.297176 0.680302 0.914597 0.981784 0.996327
 0.297176 0.680302 0.914597 0.981784 0.996327
 0.297176 0.680302 0.914597 0.981784 0.996327
 0.297176 0.680302 0.914597 0.981784 0.996327
 0.297176 0.680302 0.914597 0.981784 0.996327
 0.297176 0.680302 0.914597 0.981784 0.996327
 0.297176 0.680302 0.914597 0.981784 0.996327
 0.297176 0.680302 0.914597 0.981784 0.996327
 0.297176 0.680302 0.914597 0.981784 0.996327
Scru_pelaces
 0.595317 1 1 1 1
 0.595317 1 1 1 1
 0.595317 1 1 1 1
 0.595317 1 1 1 1
 0.595317 1 1 1 1
 0.595317 1 1 1 1
 0.595317 1 1 1 1
 0.595317 1 1 1 1
 0.595317 1 1 1 1
 0.595317 1 1 1 1
 0.595317 1 1 1 1
 0.595317 1 1 1 1
 0.595317 1 1 1 1
 0.595317 1 1 1 1
 0.595317 1 1 1 1
 0.595317 1 1 1 1
 0.595317 1 1 1 1
 0.595317 1 1 1 1
 0.595317 1 1 1 1
 0.595317 1 1 1 1
 0.595317 1 1 1 1
 0.595317 1 1 1 1
 0.595317 1 1 1 1
 0.595317 1 1 1 1
 0.595317 1 1 1 1
 0.595317 1 1 1 1
 0.595317 1 1 1 1
pf_obs 
 0.256992 0.487395 0.22802 0.0275931 0
 0.321318 0.546541 0.124235 0.00734118 0.000564706
 0.182869 0.594174 0.210203 0.0122559 0.00049798
 0.330522 0.361315 0.267642 0.0388342 0.00168674
 0.649043 0.306663 0.0425973 0.00169635 0
 0.582887 0.30429 0.105238 0.00758474 0
 0.465427 0.430635 0.0974691 0.00646863 0
 0.296916 0.608066 0.0921331 0.00288517 0
 0.311714 0.524322 0.152257 0.0117073 0
 0.15457 0.633149 0.183074 0.0267441 0.00246327
 0.131901 0.49318 0.331252 0.0422183 0.00144891
 0.196976 0.569456 0.194076 0.0375587 0.00193317
 0.518974 0.381816 0.0799577 0.0180837 0.00116848
 0.0928022 0.601141 0.25162 0.0475244 0.00691264
 0.122501 0.610282 0.24278 0.0234846 0.000952079
 0.383417 0.481906 0.127806 0.00687128 0
 0.0376549 0.599619 0.316969 0.0457579 0
 0.0361596 0.667082 0.258105 0.0386534 0
 0.158088 0.579412 0.248529 0.0139706 0
 0.0477256 0.309471 0.559284 0.082774 0.000745712
 0.0406174 0.521527 0.379366 0.0568643 0.0016247
 0.151134 0.462217 0.34131 0.0453401 0
 0.294876 0.26143 0.354403 0.0886775 0.000613685
 0.281977 0.475581 0.204845 0.0348837 0.00271318
 0.0841818 0.532909 0.334909 0.0458182 0.00218182
 0.115287 0.27431 0.454777 0.147771 0.00785563
 0 0 0 0 0
pf_pred 
 0.191687 0.558377 0.222199 0.0277291 7.76267e-06
 0.256157 0.540656 0.14036 0.0558543 0.00697224
 0.0819756 0.736587 0.131876 0.0342363 0.0153245
 0.222388 0.470434 0.246468 0.0441268 0.0165835
 0.338528 0.497082 0.0994514 0.0521042 0.0128344
 0.144208 0.698654 0.118087 0.0236256 0.0154268
 0.38575 0.423194 0.155975 0.0263629 0.00871849
 0.23889 0.669689 0.0629858 0.0232145 0.00522133
 0.294285 0.573507 0.116328 0.0109409 0.00493943
 0.307192 0.596598 0.0781865 0.0158591 0.00216498
 0.154991 0.711476 0.114989 0.0150698 0.00347399
 0.182497 0.603719 0.18 0.0290918 0.0046915
 0.317724 0.527333 0.114424 0.0341159 0.00640303
 0.271216 0.670408 0.0451193 0.00979029 0.00346684
 0.300209 0.671234 0.0262692 0.00176795 0.000519466
 0.306757 0.669774 0.0225113 0.000880994 7.67134e-05
 0.221775 0.691946 0.0833577 0.00280168 0.000119193
 0.281889 0.588129 0.115572 0.0139227 0.000487856
 0.227346 0.651224 0.0994508 0.0195429 0.00243679
 0.276844 0.563722 0.134377 0.0205212 0.0045354
 0.273884 0.602783 0.0961421 0.0229178 0.00427338
 0.219695 0.617733 0.134959 0.0215256 0.00608793
 0.284281 0.534626 0.143363 0.0313213 0.00640854
 0.279295 0.588371 0.0988509 0.0265075 0.00697614
 0.0887773 0.737677 0.141679 0.0238033 0.00806285
 0.182627 0.409306 0.33035 0.0634474 0.0142704
 0.145261 0.603708 0.125705 0.101456 0.0238686
pobs_RECLAS
 0 0 0 0 0
 0 0 0 0 0
 0 0 0 0 0
 0 0 0 0 0
 0.835266 0.146461 0.0176864 0.000547809 3.91292e-05
 0.385257 0.428462 0.181853 0.0044286 0
 0.867414 0.0963971 0.0333333 0.00285562 0
 0.441836 0.489002 0.0689373 0.000224442 0
 0.779404 0.147425 0.0564933 0.0165055 0.000172143
 0.814271 0.122319 0.05973 0.00367925 0
 0.40263 0.566651 0.0304383 0.000280538 0
 0.475488 0.404961 0.113038 0.00651328 0
 0.955842 0.0263864 0.0167828 0.000988607 0
 0.975058 0.0227948 0.00214734 0 0
 0.738997 0.206755 0.0527124 0.00153531 0
 0.850938 0.134255 0.0134407 0.00136685 0
 0.542534 0.407297 0.0501686 0 0
 0.764087 0.199537 0.0359546 0.000420521 0
 0.470689 0.182191 0.310203 0.0369168 0
 0.84361 0.089868 0.0606195 0.00523954 0.000663233
 0.607945 0.314616 0.071237 0.00620181 0
 0.523733 0.453247 0.0230204 0 0
 0.530135 0.295979 0.169645 0.0042399 0
 0.562478 0.366248 0.0663022 0.0049721 0
 0.250443 0.683176 0.0655157 0.000865301 0
 0.195077 0.31981 0.436473 0.0351445 0.0134964
 0.565238 0.351407 0.0832357 0.000118908 0
ppred_RECLAS
 0.446825 0.344298 0.184195 0.024675 7.01e-06
 0.543712 0.300784 0.104979 0.0448439 0.00568075
 0.256638 0.555476 0.133701 0.0372599 0.016925
 0.483244 0.273221 0.192444 0.0369855 0.0141056
 0.629492 0.25411 0.0683491 0.0384398 0.00960878
 0.380911 0.473176 0.10752 0.0230918 0.0153016
 0.682367 0.196607 0.0974189 0.0176753 0.005932
 0.54212 0.385457 0.0487387 0.0192831 0.00440133
 0.610428 0.296741 0.0809191 0.00816971 0.00374296
 0.617794 0.313318 0.055203 0.0120197 0.00166516
 0.412323 0.468268 0.101747 0.0143138 0.0033486
 0.451353 0.370268 0.148416 0.0257493 0.00421398
 0.663658 0.239754 0.0699401 0.0223846 0.00426349
 0.695719 0.271891 0.0246006 0.00573014 0.00205916
 0.731701 0.253699 0.0133481 0.000964337 0.000287543
 0.648106 0.336017 0.0151831 0.000637852 5.63643e-05
 0.52772 0.404331 0.0654844 0.00236263 0.000102003
 0.591909 0.314022 0.0829597 0.0107282 0.000381486
 0.515974 0.385956 0.0792399 0.0167151 0.00211507
 0.578892 0.304096 0.0974537 0.0159758 0.00358311
 0.568608 0.337109 0.0722855 0.0184968 0.0035001
 0.494484 0.37213 0.109301 0.0187138 0.00537111
 0.578731 0.288025 0.103836 0.0243519 0.00505637
 0.577372 0.323048 0.0729666 0.0210038 0.00560958
 0.25341 0.565263 0.145955 0.0263229 0.00904842
 0.415056 0.247876 0.26896 0.0554516 0.0126568
 0.37143 0.397737 0.11134 0.0964633 0.0230301
pobs_PELACES
 0 0 0 0 0
 0 0 0 0 0
 0 0 0 0 0
 0 0 0 0 0
 0 0 0 0 0
 0 0 0 0 0
 0 0 0 0 0
 0 0 0 0 0
 0 0 0 0 0
 0 0 0 0 0
 0.450072 0.473896 0.0757376 0.000293798 0
 0 0 0 0 0
 0.463077 0.371075 0.160297 0.00555027 0
 0.529543 0.364841 0.0842815 0.0213345 0
 0.631943 0.363953 0.00410389 0 0
 0.735681 0.248677 0.0153453 0.000297389 0
 0.695825 0.281241 0.0229344 0 0
 0.275771 0.60734 0.115278 0.00161068 0
 0 0 0 0 0
 0.896147 0.0623911 0.0374545 0.00400742 0
 0.803859 0.145111 0.0509908 3.86294e-05 0
 0.739449 0.233085 0.0266225 0.000797448 4.60066e-05
 0.878498 0.100942 0.0204185 0.000141795 0
 0.694673 0.275183 0.0284847 0.00165964 0
 0.469039 0.446079 0.0841089 0.000773354 0
 0.822795 0.102175 0.0682046 0.00682512 0
 0 0 0 0 0
ppred_PELACES
 0.59187 0.281934 0.112192 0.0140009 3.9195e-06
 0.685784 0.228385 0.0592911 0.0235941 0.00294523
 0.42723 0.459568 0.0822795 0.0213606 0.00956122
 0.626267 0.226098 0.118456 0.021208 0.00797028
 0.722912 0.208225 0.0416597 0.0218262 0.00537626
 0.536206 0.378633 0.0639966 0.0128038 0.00836049
 0.797964 0.139195 0.0513026 0.00867117 0.00286764
 0.690799 0.272061 0.025588 0.00943087 0.00212116
 0.758037 0.196634 0.0398845 0.00375123 0.00169354
 0.74022 0.223705 0.0293174 0.00594663 0.000811796
 0.585736 0.3488 0.0563734 0.00738795 0.00170312
 0.630774 0.27267 0.0812972 0.0131393 0.00211892
 0.83652 0.126354 0.0274171 0.00817447 0.00153423
 0.894519 0.0970314 0.00653033 0.001417 0.000501773
 0.910579 0.0857715 0.00335672 0.000225912 6.63783e-05
 0.793907 0.199116 0.00669236 0.00026191 2.2806e-05
 0.692074 0.273788 0.0329828 0.00110856 4.7162e-05
 0.734786 0.217209 0.0426832 0.00514198 0.000180176
 0.654086 0.29155 0.0445238 0.00874926 0.00109094
 0.719974 0.218289 0.0520346 0.0079464 0.00175623
 0.681015 0.264804 0.0422355 0.0100679 0.00187731
 0.621198 0.299881 0.0655164 0.0104497 0.00295541
 0.708008 0.218111 0.0584879 0.0127781 0.00261449
 0.699822 0.24506 0.041172 0.0110405 0.0029056
 0.359006 0.518915 0.0996635 0.0167443 0.00567176
 0.570086 0.215283 0.173754 0.0333715 0.00750581
 0.534102 0.329067 0.0685189 0.0553014 0.0130102
pobs_pel_tallas
 0 0 0 0 0 0 0 0 0 0 0 0 0 0 0 0 0 0 0 0 0 0 0 0 0 0 0 0 0 0 0 0 0 0 0 0
 0 0 0 0 0 0 0 0 0 0 0 0 0 0 0 0 0 0 0 0 0 0 0 0 0 0 0 0 0 0 0 0 0 0 0 0
 0 0 0 0 0 0 0 0 0 0 0 0 0 0 0 0 0 0 0 0 0 0 0 0 0 0 0 0 0 0 0 0 0 0 0 0
 0 0 0 0 0 0 0 0 0 0 0 0 0 0 0 0 0 0 0 0 0 0 0 0 0 0 0 0 0 0 0 0 0 0 0 0
 0 0 0 0 0 0 0 0 0 0 0 0 0 0 0 0 0 0 0 0 0 0 0 0 0 0 0 0 0 0 0 0 0 0 0 0
 0 0 0 0 0 0 0 0 0 0 0 0 0 0 0 0 0 0 0 0 0 0 0 0 0 0 0 0 0 0 0 0 0 0 0 0
 0 0 0 0 0 0 0 0 0 0 0 0 0 0 0 0 0 0 0 0 0 0 0 0 0 0 0 0 0 0 0 0 0 0 0 0
 0 0 0 0 0 0 0 0 0 0 0 0 0 0 0 0 0 0 0 0 0 0 0 0 0 0 0 0 0 0 0 0 0 0 0 0
 0 0 0 0 0 0 0 0 0 0 0 0 0 0 0 0 0 0 0 0 0 0 0 0 0 0 0 0 0 0 0 0 0 0 0 0
 0 0 0 0 0 0 0 0 0 0 0 0 0 0 0 0 0 0 0 0 0 0 0 0 0 0 0 0 0 0 0 0 0 0 0 0
 0 0 0 0 0 0 0 0 1.78061e-05 0.00172719 0.00360574 0.0105946 0.0120993 0.0124554 0.0147524 0.0171206 0.0266825 0.0428682 0.0675386 0.121331 0.153587 0.119568 0.100827 0.0573624 0.0630603 0.0341343 0.0324427 0.0444173 0.0211091 0.0280891 0.0125444 0.00206551 0 0 0 0
 0 0 0 0 0 0 0 0 0 0 0 0 0 0 0 0 0 0 0 0 0 0 0 0 0 0 0 0 0 0 0 0 0 0 0 0
 0 0 0 0 0 0 0.0133647 0.0140871 0.0187388 0.0205184 0.03894 0.0496705 0.03968 0.0493445 0.0407372 0.0367815 0.0215668 0.0243155 0.0234873 0.0199281 0.019796 0.0243948 0.0301388 0.0376714 0.0412746 0.0863199 0.0771752 0.113111 0.0741005 0.0525337 0.0229764 0.00759418 0.00175318 0 0 0
 0 0 0 0 0 0 0 0 0 0 0.00219441 0.00772107 0.0458388 0.0604681 0.0671733 0.0775358 0.0609151 0.0617685 0.073594 0.0568108 0.0755445 0.0548602 0.0670107 0.0636378 0.0643287 0.046367 0.0373049 0.0286899 0.0247887 0.0153202 0.00654259 0.00121912 0.000365735 0 0 0
 0 0 0 0 0 0 0 0 0 0 0 0 0.000112435 0.00938835 0.0111873 0.0202946 0.0414886 0.0713402 0.111592 0.104902 0.108894 0.110636 0.117776 0.105296 0.107544 0.0401394 0.0192827 0.0124803 0.00416011 0.0028671 0.000618394 0 0 0 0 0
 0 0 0 0 0 0 0 0 0 0 0.00291406 0.0102884 0.027416 0.0768956 0.0749926 0.110853 0.0956884 0.0897413 0.0766577 0.0534642 0.0500743 0.0551293 0.0594112 0.0620874 0.0668451 0.0424026 0.0208742 0.0120726 0.0048766 0.00582813 0.00118941 0.000297354 0 0 0 0
 0 0.00264628 0.0354308 0.0461629 0.0458689 0.0383711 0.0214643 0.0164657 0.0346957 0.0420465 0.0363128 0.0245516 0.0311673 0.0291091 0.0169068 0.0133784 0.00837989 0.0085269 0.0148486 0.0160247 0.0276389 0.0546898 0.0760071 0.122758 0.109233 0.0665981 0.0333725 0.0166128 0.00676272 0.00308733 0.000882094 0 0 0 0 0
 0 0 0 0 0 0 0 0.000805153 0.000690131 0.00759144 0.0133425 0.0154129 0.00931677 0.000345066 0.00356568 0.00563607 0.00851162 0.0253048 0.0502646 0.0516448 0.0657925 0.0565908 0.0611916 0.0827007 0.0866115 0.110766 0.145733 0.0935128 0.0569358 0.0249597 0.0138026 0.00621118 0.00161031 0.00115022 0 0
 0 0 0 0 0 0 0 0 0 0 0 0 0 0 0 0 0 0 0 0 0 0 0 0 0 0 0 0 0 0 0 0 0 0 0 0
 0.00147267 0.00158595 0.00478618 0.00569244 0.00954404 0.0108468 0.00647125 0.017049 0.0510054 0.094081 0.124002 0.0959785 0.0687766 0.0820023 0.061753 0.0591476 0.0492212 0.0479892 0.0443925 0.0268479 0.0217502 0.0140895 0.0121071 0.0120363 0.00920419 0.00665534 0.0049561 0.00860946 0.00930331 0.0156896 0.0114698 0.00855282 0.00243557 0.00046729 0 2.83206e-05
 0 0 0 0 0.000772559 0.00158375 0.000888443 0.00281984 0.00712685 0.0440552 0.0773331 0.111326 0.0921469 0.0852325 0.0710754 0.0886704 0.0786465 0.0553345 0.0373146 0.0185414 0.00753245 0.00457741 0.012979 0.0271748 0.0457355 0.0583668 0.034881 0.0177882 0.00938659 0.00492506 0.0015258 0.00185414 0.000309023 5.79419e-05 3.86279e-05 0
 0 0.00173294 0.00326652 0 0.00397197 0.00683976 0.00946217 0.0152591 0.00757587 0.0136028 0.0228656 0.0392903 0.0559909 0.0764795 0.0681675 0.0726916 0.0566044 0.0477403 0.0527397 0.0444891 0.0609904 0.0582453 0.0661739 0.0445044 0.0529084 0.0360697 0.0280645 0.0235558 0.0158879 0.00826598 0.00280645 0.00217768 0.000904811 0.00058276 9.20147e-05 0
 0 0 0 0 0 0 0 0 0 0 0 0 0 0 0 0 0 0 0 0 0 0 0 0 0 0 0 0 0 0 0 0 0 0 0 0
 0 0 0 0 0 0 0 0 0 0 0 0 0 0 0 0 0 0 0 0 0 0 0 0 0 0 0 0 0 0 0 0 0 0 0 0
 0 0 0 0 0 0 0 0 0 0 0 0 0 0 0 0 0 0 0 0 0 0 0 0 0 0 0 0 0 0 0 0 0 0 0 0
 0 0 0 0 0 0 0 0 0 0 0 0 0 0 0 0 0 0 0 0 0 0 0 0 0 0 0 0 0 0 0 0 0 0 0 0
 0 0 0 0 0 0 0 0 0 0 0 0 0 0 0 0 0 0 0 0 0 0 0 0 0 0 0 0 0 0 0 0 0 0 0 0
ppred_pel_tallas
 1.02166e-16 2.58326e-05 0.000151595 0.000720569 0.00277415 0.00865087 0.0218516 0.0447124 0.0741204 0.0995555 0.108373 0.0956795 0.0686805 0.0404661 0.0203574 0.010195 0.00723229 0.00820452 0.0110894 0.0149384 0.0192499 0.0235926 0.0275075 0.0305527 0.0323895 0.0328543 0.0319879 0.0300094 0.0272499 0.0240686 0.0207799 0.0176109 0.0146942 0.0120851 0.00979094 0.00779792
 1.01865e-16 2.99254e-05 0.000175629 0.000834839 0.00321414 0.010023 0.0253173 0.0518032 0.0858716 0.11533 0.125519 0.110758 0.0793732 0.0465029 0.0229056 0.0106648 0.0065475 0.0067315 0.00886081 0.0118653 0.0152432 0.0186218 0.0216274 0.023908 0.0252015 0.0253919 0.0245321 0.0228195 0.020539 0.0179912 0.0154314 0.0130345 0.0108901 0.00902011 0.00740597 0.00601462
 1.02499e-16 1.86607e-05 0.000109473 0.000520282 0.00200294 0.00624582 0.0157769 0.0322844 0.053526 0.071917 0.0783473 0.0693155 0.0500713 0.030136 0.0163338 0.0101056 0.00957752 0.0124668 0.017313 0.0233204 0.029889 0.0363574 0.0419868 0.0460753 0.04811 0.047885 0.0455451 0.0415338 0.0364728 0.031011 0.0256947 0.0208917 0.016779 0.0133787 0.0106174 0.00838366
 1.02857e-16 2.73303e-05 0.000160393 0.000762405 0.00293525 0.00915327 0.0231205 0.0473084 0.0784216 0.105326 0.114638 0.101171 0.0725346 0.0425611 0.0210866 0.0100279 0.00644983 0.00687926 0.00917954 0.012382 0.0160274 0.0197622 0.0232199 0.0260437 0.0279515 0.0287925 0.0285711 0.0274287 0.0255945 0.0233227 0.0208399 0.0183146 0.0158531 0.0135136 0.0113267 0.00931334
 1.01661e-16 3.15435e-05 0.00018513 0.000880015 0.00338809 0.0105654 0.0266875 0.0546064 0.0905175 0.121566 0.132298 0.11672 0.0836026 0.0488935 0.0239202 0.0108626 0.00629599 0.00617815 0.00802118 0.0107064 0.0137307 0.0167429 0.0194005 0.0213849 0.0224618 0.0225329 0.0216555 0.0200193 0.0178929 0.0155566 0.0132458 0.0111181 0.00924938 0.00765035 0.00629361 0.00513855
 1.01863e-16 2.34092e-05 0.000137359 0.00065287 0.00251346 0.0078379 0.0197982 0.0405118 0.0671604 0.0902179 0.0982362 0.0867971 0.0624501 0.0370876 0.0191975 0.0104972 0.00854505 0.0104113 0.0142546 0.0191527 0.0245275 0.0298133 0.034397 0.0377 0.0393012 0.039034 0.0370225 0.033638 0.0293992 0.0248467 0.0204356 0.0164719 0.0131018 0.0103417 0.0081268 0.00635983
 1.01206e-16 3.48134e-05 0.000204333 0.000971323 0.00373967 0.0116618 0.0294568 0.0602722 0.0999065 0.134168 0.14599 0.128748 0.0921066 0.0536416 0.0258231 0.0110177 0.00540644 0.00450107 0.00555517 0.00737241 0.00948087 0.011615 0.0135392 0.0150353 0.0159376 0.0161674 0.0157466 0.014785 0.0134464 0.0119076 0.0103217 0.0087976 0.00739688 0.0061428 0.00503564 0.0040663
 1.00876e-16 3.01458e-05 0.000176919 0.000840963 0.00323771 0.0100965 0.025503 0.0521833 0.0865029 0.116181 0.126454 0.111603 0.0800242 0.0469744 0.0233041 0.0111258 0.00719422 0.00766268 0.0101472 0.0135398 0.0172843 0.0209382 0.0240538 0.0262169 0.0271323 0.0266931 0.0250052 0.0223552 0.0191355 0.0157513 0.0125406 0.00972689 0.00741089 0.0055927 0.00420929 0.00317175
 1.00839e-16 3.30747e-05 0.00019412 0.000922758 0.00355266 0.0110786 0.0279838 0.0572588 0.0949134 0.127468 0.138715 0.122368 0.0876191 0.0511838 0.0249308 0.0111349 0.00619338 0.00585822 0.00751655 0.00999977 0.0127953 0.0155591 0.0179626 0.0197022 0.0205563 0.0204351 0.0193995 0.017639 0.0154211 0.0130262 0.0106924 0.00858221 0.00677685 0.0052904 0.00409462 0.00314298
 1.00732e-16 3.22988e-05 0.000189563 0.000901086 0.00346921 0.0108184 0.0273265 0.055914 0.0926852 0.124478 0.135469 0.119521 0.0856185 0.0500906 0.0245389 0.0111975 0.00656034 0.00648645 0.00842196 0.0112095 0.0143165 0.017362 0.0199742 0.0218104 0.0226247 0.0223244 0.0209911 0.0188543 0.0162314 0.0134522 0.0107934 0.00844029 0.0064799 0.00491821 0.00371006 0.00278873
 1.01248e-16 2.55677e-05 0.000150034 0.000713135 0.00274551 0.00856153 0.021626 0.0442513 0.0733579 0.098537 0.107279 0.094749 0.068089 0.0402709 0.020541 0.0107451 0.00818589 0.00964096 0.0130948 0.0175631 0.02247 0.0272821 0.0314306 0.0343812 0.0357465 0.0353759 0.0333887 0.0301343 0.0260994 0.0217921 0.0176406 0.0139345 0.0108134 0.00829365 0.00631327 0.00477701
 1.01794e-16 2.75286e-05 0.000161553 0.000767912 0.00295644 0.00921933 0.0232874 0.0476502 0.0789895 0.106093 0.115481 0.101937 0.0731321 0.0430081 0.0214856 0.0105102 0.0071375 0.00787334 0.0105543 0.0141727 0.0182118 0.0222442 0.0258247 0.0285301 0.0300434 0.0302228 0.0291291 0.0269977 0.0241713 0.0210148 0.0178418 0.0148717 0.0122223 0.009929 0.00797584 0.0063253
 1.00784e-16 3.6494e-05 0.000214202 0.00101824 0.00392032 0.0122252 0.0308798 0.0631836 0.104732 0.140646 0.153034 0.134947 0.0965127 0.0561503 0.0269227 0.0112994 0.00526489 0.00410338 0.00492976 0.00649184 0.008307 0.0101192 0.0117119 0.0128893 0.0135084 0.0135091 0.0129269 0.0118787 0.0105301 0.00905524 0.00760147 0.00626905 0.00510795 0.00412743 0.00331189 0.00263584
 1.00197e-16 3.90218e-05 0.000229045 0.00108881 0.00419205 0.0130726 0.0330202 0.0675628 0.111989 0.150388 0.163625 0.144263 0.103124 0.0598937 0.0285235 0.0116352 0.00491492 0.00330397 0.00371141 0.00480821 0.00610744 0.00738262 0.00846106 0.00919341 0.00947518 0.00927013 0.00861892 0.00762728 0.00643893 0.00520199 0.00403974 0.0030335 0.00221929 0.00159588 0.00113825 0.000811407
 1.00087e-16 3.97216e-05 0.000233154 0.00110835 0.00426729 0.0133072 0.0336128 0.0687753 0.113999 0.153085 0.166556 0.14684 0.10495 0.0609203 0.0289493 0.0116992 0.00477259 0.00301558 0.00328093 0.00422049 0.00534981 0.00645548 0.00738218 0.00799778 0.00821076 0.00799078 0.00737616 0.00646326 0.00538217 0.00426658 0.00322758 0.00233806 0.00162978 0.00110036 0.000725532 0.000471629
 1.00171e-16 3.46388e-05 0.000203303 0.000966413 0.00372075 0.0116028 0.0293078 0.0599677 0.0994035 0.133497 0.145273 0.128147 0.0917428 0.0535636 0.0260345 0.0115311 0.00627191 0.0057987 0.00736638 0.0097446 0.0123939 0.0149568 0.0170978 0.0185142 0.0189942 0.0184683 0.0170263 0.0148931 0.012372 0.00977445 0.00735896 0.00529516 0.00365657 0.00243705 0.00157932 0.00100408
 1.00598e-16 3.02015e-05 0.000177245 0.000842515 0.00324368 0.0101151 0.02555 0.0522797 0.0866627 0.116396 0.126688 0.111811 0.0801747 0.0470664 0.0233566 0.0111624 0.00723323 0.00771578 0.0102218 0.0136404 0.0174127 0.0210928 0.0242281 0.0263996 0.0273074 0.0268412 0.0251054 0.0223876 0.0190839 0.0156053 0.0122974 0.00939194 0.00699759 0.00512105 0.00370358 0.00265782
 1.00862e-16 3.20616e-05 0.000188171 0.00089447 0.00344374 0.010739 0.0271258 0.0555035 0.0920045 0.123564 0.134473 0.118641 0.0849837 0.0497115 0.024339 0.0110833 0.006464 0.00637143 0.00827344 0.0110263 0.014109 0.0171517 0.0197933 0.0216987 0.0226236 0.0224695 0.0213048 0.0193403 0.0168727 0.0142134 0.0116264 0.00929196 0.00729991 0.0056655 0.00435677 0.00332122
 1.01079e-16 2.85457e-05 0.000167523 0.000796291 0.0030657 0.00956005 0.0241481 0.0494113 0.0819089 0.110014 0.11975 0.105708 0.0758413 0.0446092 0.0222987 0.0109267 0.00743745 0.0082019 0.0109667 0.0146721 0.0187637 0.0227785 0.0262384 0.0286968 0.0298308 0.0295157 0.0278523 0.0251336 0.0217671 0.0181774 0.0147218 0.0116408 0.00904961 0.00695976 0.00531795 0.00404334
 1.01165e-16 3.14158e-05 0.00018438 0.000876444 0.00337434 0.0105225 0.0265791 0.0543849 0.0901506 0.121074 0.131765 0.116256 0.0832842 0.0487348 0.0238939 0.0109372 0.00645867 0.00643553 0.00838949 0.0112008 0.0143569 0.0174905 0.0202402 0.0222684 0.0233262 0.0233086 0.0222754 0.0204282 0.0180545 0.0154573 0.012895 0.0105452 0.00849911 0.00677694 0.00535453 0.00418895
 1.0112e-16 2.97189e-05 0.000174413 0.000829052 0.00319185 0.00995345 0.0251417 0.0514442 0.0852776 0.114535 0.124662 0.110021 0.0788885 0.0463049 0.0229673 0.0109585 0.0070803 0.00754278 0.00999975 0.0133647 0.0170964 0.0207663 0.023939 0.0262088 0.0272817 0.027043 0.0255817 0.0231608 0.0201469 0.0169219 0.0138072 0.0110194 0.0086618 0.0067457 0.00522441 0.0040273
 1.01525e-16 2.71121e-05 0.000159105 0.00075627 0.00291161 0.00907951 0.0229343 0.0469279 0.0777929 0.104488 0.113742 0.100418 0.0720784 0.0424607 0.0213455 0.0106609 0.00751815 0.00848172 0.0114171 0.0153139 0.0196298 0.023898 0.0276287 0.0303603 0.0317532 0.0316669 0.0301882 0.0275995 0.024301 0.0207129 0.0171925 0.013984 0.0112106 0.00889603 0.00700192 0.00546387
 1.01463e-16 3.08941e-05 0.000181316 0.000861882 0.00331827 0.0103477 0.0261375 0.0534812 0.0886527 0.119063 0.129578 0.114329 0.0819092 0.0479421 0.0235276 0.0108081 0.00643691 0.00646122 0.00844644 0.0112927 0.0144957 0.0176919 0.0205215 0.0226471 0.0238174 0.0239226 0.0230154 0.0212882 0.0190187 0.0165007 0.0139851 0.0116455 0.00957249 0.00778937 0.00627829 0.00500464
 1.0118e-16 3.05382e-05 0.000179225 0.000851932 0.00327995 0.0102282 0.0258357 0.0528639 0.0876302 0.117692 0.128092 0.113033 0.0810147 0.0474857 0.0234282 0.0109706 0.00681489 0.0070588 0.00929146 0.0124082 0.0158785 0.0192994 0.0222672 0.0244063 0.025444 0.0252722 0.0239711 0.0217805 0.0190359 0.0160872 0.0132286 0.0106583 0.00847147 0.00667894 0.00523951 0.00409074
 1.02425e-16 1.56882e-05 9.20168e-05 0.000437279 0.00168334 0.00524914 0.0132594 0.027134 0.0449909 0.0604615 0.0658997 0.0583794 0.0423379 0.0258145 0.014595 0.00995071 0.0103666 0.0139666 0.0195279 0.0263291 0.033746 0.0410432 0.0473867 0.0519816 0.0542458 0.0539446 0.0512399 0.0466328 0.040828 0.0345633 0.0284625 0.0229497 0.0182332 0.0143455 0.0112085 0.00869777
 1.04035e-16 2.48802e-05 0.000146009 0.000694026 0.00267198 0.00833226 0.0210467 0.0430651 0.0713883 0.0958817 0.104363 0.0921129 0.0660637 0.0388114 0.0193186 0.00934204 0.00622447 0.00682114 0.00920401 0.0125058 0.0163175 0.0203177 0.0241622 0.0275032 0.0300489 0.0316163 0.032156 0.031741 0.0305276 0.0287052 0.0264549 0.0239262 0.021235 0.0184738 0.0157257 0.0130711
 1.03589e-16 2.33154e-05 0.000136813 0.000650285 0.00250353 0.00780692 0.0197199 0.0403512 0.0668929 0.0898545 0.0978301 0.0864133 0.0621197 0.0367829 0.0188417 0.00998902 0.00777751 0.00928209 0.0126778 0.0170775 0.0219624 0.0268466 0.0312058 0.0345406 0.03648 0.0368631 0.0357693 0.0334823 0.0304065 0.026963 0.0235025 0.020257 0.0173353 0.0147517 0.0124684 0.0104344
pSPR Fmed_Fpbrs
0.462699   0.6 0.325
Fs Fmed_Fpbrs
0.64   0.366308 1.17808
SSBpbr Bo_Bmed_Bpbrs
666679  275138  366674 183337
Ro
27446.7
SPR SPRFo_SPRFmed_SPRFpbrs
566890 262299 184239
log_Ro
10.04
likeval ReclasPelacesDesembMPH_pf_preclas_ppelaces_ptallas_desvR_qrecl_qpela
 69.9735 13.0751 0.0492329 0.000521831 345.984 207.952 57.3599 0 19.6239 2.11638e-05 0.000161593 1.21985e-15 0 0 0
q_reclas_q_pelaces
1.91918 6.10144
M
0.7
N
 29720 12970.2 5161.31 644.102 0.180314
 42132.3 13742.6 3567.72 1419.73 177.223
 11292.5 19268.1 3449.7 895.577 400.87
 15640.2 4768.46 2498.27 447.282 168.095
 39844.5 7330.21 1466.56 768.354 189.262
 24479.4 19557.2 3305.57 661.347 431.838
 64900 10931 4028.82 680.952 225.198
 62553.8 29750.5 2798.11 1031.29 231.954
 80310.5 27633.3 5605.04 527.167 237.997
 115027 34930.8 4577.81 928.547 126.759
 63457.8 52382.4 8466.1 1109.51 255.772
 46298.4 27400.3 8169.46 1320.36 212.928
 54136 20032.2 4346.73 1295.99 243.237
 28567.5 21273.9 1431.76 310.672 110.012
 13870 9466.77 370.488 24.9343 7.3263
 10699.1 4555.42 153.109 5.99202 0.521761
 7836.92 4467.42 538.183 18.0885 0.769546
 9560.43 3362.27 660.712 79.5949 2.78902
 9452.46 4233.79 646.559 127.054 15.8423
 13038.6 4304.55 1026.1 156.699 34.6321
 19085.7 5859.29 934.539 222.771 41.5389
 22443.7 9045.17 1976.14 315.189 89.1427
 37462.3 10538.9 2826.08 617.426 126.329
 55724.4 17332.1 2911.92 780.851 205.501
 22016.1 25899.6 4974.32 835.725 283.084
 31762.5 10381.7 8379.05 1609.29 361.957
 21925.7 14825.9 3087.08 2491.57 586.165
pred_Ctot
 1477.27 4303.23 1712.41 213.699 0.0598243
 2406.97 5080.24 1318.88 524.83 65.5141
 1226.82 11023.5 1973.62 512.37 229.342
 634.241 1341.66 702.916 125.848 47.2953
 331.758 487.141 97.4625 51.0622 12.5777
 1785.05 8648.19 1461.72 292.447 190.958
 3605.11 3955.05 1457.7 246.381 81.4806
 5001.06 14019.7 1318.58 485.985 109.306
 7224.13 14078.5 2855.63 268.579 121.254
 6896.56 13393.8 1755.31 356.041 48.6045
 6003.19 27557.2 4453.83 583.692 134.556
 4319.28 14288.6 4260.17 688.534 111.037
 8233.67 13665.6 2965.26 884.098 165.932
 6995.06 17290.8 1163.69 252.506 89.4151
 3458.55 7732.93 302.633 20.3676 5.98449
 1236.9 2700.65 90.7697 3.55233 0.309323
 773.225 2412.49 290.629 9.76812 0.415569
 748.993 1562.69 307.08 36.9935 1.29626
 566.762 1623.47 247.926 48.7193 6.07479
 896.517 1825.53 435.16 66.4549 14.6872
 628.038 1382.23 220.462 52.5525 9.7992
 880.927 2476.97 541.156 86.3127 24.4112
 1848.47 3476.28 932.187 203.659 41.67
 2576.54 5427.82 911.917 244.536 64.3561
 800.624 6652.62 1277.71 214.666 72.7135
 1376.23 3084.42 2489.42 478.122 107.538
 1526.41 6343.8 1320.92 1066.11 250.812
F
 0.0713163 0.590727 0.590727 0.590727 0.590727
 0.0823611 0.682214 0.682214 0.682214 0.682214
 0.162118 1.34285 1.34285 1.34285 1.34285
 0.0578404 0.479104 0.479104 0.479104 0.479104
 0.0116375 0.0963954 0.0963954 0.0963954 0.0963954
 0.106224 0.879872 0.879872 0.879872 0.879872
 0.0800009 0.662664 0.662664 0.662664 0.662664
 0.117005 0.969181 0.969181 0.969181 0.969181
 0.132533 1.0978 1.0978 1.0978 1.0978
 0.0865967 0.717298 0.717298 0.717298 0.717298
 0.139821 1.15817 1.15817 1.15817 1.15817
 0.137764 1.14113 1.14113 1.14113 1.14113
 0.23402 1.93844 1.93844 1.93844 1.93844
 0.404483 3.35041 3.35041 3.35041 3.35041
 0.413414 3.42439 3.42439 3.42439 3.42439
 0.173348 1.43587 1.43587 1.43587 1.43587
 0.146229 1.21125 1.21125 1.21125 1.21125
 0.114534 0.948708 0.948708 0.948708 0.948708
 0.0866013 0.717337 0.717337 0.717337 0.717337
 0.0998858 0.827375 0.827375 0.827375 0.827375
 0.0467068 0.386882 0.386882 0.386882 0.386882
 0.0559374 0.463341 0.463341 0.463341 0.463341
 0.070777 0.58626 0.58626 0.58626 0.58626
 0.0661906 0.54827 0.54827 0.54827 0.54827
 0.0517304 0.428493 0.428493 0.428493 0.428493
 0.061911 0.512821 0.512821 0.512821 0.512821
 0.101191 0.838186 0.838186 0.838186 0.838186
Np
 17858.2 8484.47 3387.72 1096.23 306.845
YTP_r0W_actual
 5607.71 72137.2 21835.4 22506.2 5875.77
YTP_p0W_proyectada
 4567.4 47878.2 22522.1 5988.94 6516.07
 4567.4 41282.2 23961.9 9902.21 3075.83
CTP_r0_actual
 683.867 3339.69 695.395 561.252 132.04
CTP_p0_proyectada
 557 2216.58 717.265 149.35 146.429
 557 1911.21 763.119 246.938 69.1199
Wmedp
 8.2 21.6 31.4 40.1 44.5
nmprior
 10.8 10.6 4.6 0
nm_flota  nm_reclas  nm_pelaces    nm_pelaL
inf 25.1018 13.6999 39.0306
cv_recla  cv_pelaces  cv_mph
0.724432 0.396107 0.610521
 ------------------------------------------------
Talla a la edad & desviaci?n 
 7.2 14.2025 17.0495 18.207 18.6776
 1.08 2.13037 2.55742 2.73105 2.80164
