years
 1997 1998 1999 2000 2001 2002 2003 2004 2005 2006 2007 2008 2009 2010 2011 2012 2013 2014 2015 2016 2017 2018 2019 2020 2021 2022 2023
reclasobs
 0 0 0 370054 412103 1.49427e+06 250295 1.28982e+06 931140 785840 897777 1.04006e+06 184774 17550 25797 100020 73551 82996 120727 218422 84188 347160 605670 569463 516374 1.08416e+06 1.01767e+06
reclaspred
 8.48063e+06 1.53603e+06 1.78712e+06 260589 224016 350847 651968 656743 663248 853152 992260 732063 370525 142283 77580.2 80771.7 82344.4 110046 146781 146126 207191 240434 374702 480532 825187 701624 323484
pelacesobs
 0 0 0 0 0 0 0 0 0 2.06254e+06 1.5e+06 0 1.87456e+06 323000 250000 174000 83755 137374 0 501740 490994 745055 786931 1.00524e+06 1.33801e+06 1.41789e+06 0
pelacespred
 1.58636e+07 7.86916e+06 1.56868e+06 508838 673774 602899 2.05288e+06 1.88196e+06 1.68006e+06 2.45884e+06 2.19199e+06 1.61934e+06 920047 291754 163948 165278 172267 250395 321379 283375 553599 580314 662408 1.06885e+06 1.70894e+06 1.38644e+06 462730
mphobs
 0 0 0 0 0 112323 0 153150 637223 0 255016 313432 73983 77613 109348 50772 17779 17303 59886 28197 0 207744 136588 643089 65757 70829 0
mphpred
 1.28413e+06 534393 203225 58502.6 36391.1 136601 145188 287859 247669 266084 389910 260644 159503 96201.2 45261.9 33134.1 28872.4 34110 46203.4 43328.8 52543.4 75023.2 85373.4 120553 218058 163099 125276
desembarqueobs
 350755 77701 442110 56441 14545 235359 269955 359681 431902 328805 639364 411747 362871 311530 167758 66681 60226 58785 57116 73181 50977 67692 138656 160484 209506 203330 245020
desembarquepred
 350744 77678 441471 56398.9 14541.2 235115 269818 358980 431239 328415 637999 410882 361987 310899 167188 66582.9 60173.2 58677.8 57018.6 73063.2 50949.2 67597.1 138486 160323 209254 202969 244658
Reclutas
 5648.1 7823.07 934.35 3140.46 39866.2 11282.5 64948.1 55652.3 59966.8 115307 63478.1 48857.2 57992.8 28885 12042.4 9005.26 6836.3 8762.79 7587.26 8099.69 15310.9 16578.5 26959.7 47985.4 11157 31513.5 921.204
log_desv_Rt
 -1.04093 -0.715168 -2.84015 -1.62788 0.913284 -0.34899 1.40134 1.24688 1.32155 1.97535 1.37845 1.11666 1.28807 0.591079 -0.283811 -0.574436 -0.849997 -0.60173 -0.745774 -0.680419 -0.0436828 0.0358637 0.522097 1.09865 -0.360174 0.67817 -2.85432
SSB
 1.72459e+06 717692 272931 78569.2 48873.3 183456 194988 386595 332620 357352 523651 350046 214213 129199 60786.8 44499.2 38775.7 45809.8 62051.2 58190.7 70566 100756 114657 161903 292852 219042 168247
BT
 2.12807e+06 851233 388410 122620 240242 287453 1.02436e+06 915044 928854 1.10249e+06 1.12332e+06 792560 672769 388349 194838 102129 99638.2 123607 115934 125668 196876 170840 242621 409815 435459 449168 253105
Ftot
 0.160426 0.279088 1.34166 1.24497 0.39767 1.73989 1.9668 1.74847 2.17189 1.49597 1.89705 1.85035 3.21312 4.95303 4.95303 2.32703 2.24951 1.82243 1.20915 1.65785 0.923247 0.944983 1.27791 1.21779 0.783831 1.2246 2.02999
BD_Bspro_t
 0.977302 0.833392 0.55851 0.168358 0.208503 0.540359 0.373752 0.475665 0.385481 0.364809 0.41873 0.268145 0.18322 0.130594 0.0745386 0.0678275 0.0823893 0.134059 0.214801 0.245817 0.313065 0.45708 0.444513 0.45736 0.529218 0.381368 0.316817
BD_Bspro
 5.22042 2.17249 0.826179 0.237833 0.147942 0.555332 0.590241 1.17024 1.00686 1.08172 1.58512 1.05961 0.648434 0.391091 0.184005 0.134702 0.117376 0.138669 0.187833 0.176147 0.213607 0.304995 0.347072 0.490089 0.88648 0.663052 0.509292
BD_Bo
 3.0246 1.2587 0.478671 0.137796 0.0857146 0.321748 0.341973 0.678015 0.583353 0.626728 0.918385 0.613915 0.375689 0.22659 0.106609 0.0780433 0.0680053 0.0803418 0.108826 0.102056 0.123759 0.176708 0.201086 0.283947 0.513608 0.384159 0.295073
BD_Brms
 5.49927 2.28854 0.87031 0.250538 0.155845 0.584996 0.621769 1.23275 1.06064 1.13951 1.66979 1.11621 0.683071 0.411982 0.193834 0.141897 0.123646 0.146076 0.197866 0.185556 0.225017 0.321287 0.365612 0.516268 0.933833 0.69847 0.536496
S_f
 0.0738799 0.827079 0.996525 0.999942 0.999999
 0.0738799 0.827079 0.996525 0.999942 0.999999
 0.0738799 0.827079 0.996525 0.999942 0.999999
 0.0738799 0.827079 0.996525 0.999942 0.999999
 0.0738799 0.827079 0.996525 0.999942 0.999999
 0.0738799 0.827079 0.996525 0.999942 0.999999
 0.0738799 0.827079 0.996525 0.999942 0.999999
 0.0738799 0.827079 0.996525 0.999942 0.999999
 0.0738799 0.827079 0.996525 0.999942 0.999999
 0.0738799 0.827079 0.996525 0.999942 0.999999
 0.0738799 0.827079 0.996525 0.999942 0.999999
 0.0738799 0.827079 0.996525 0.999942 0.999999
 0.0738799 0.827079 0.996525 0.999942 0.999999
 0.0738799 0.827079 0.996525 0.999942 0.999999
 0.0738799 0.827079 0.996525 0.999942 0.999999
 0.0738799 0.827079 0.996525 0.999942 0.999999
 0.0738799 0.827079 0.996525 0.999942 0.999999
 0.0738799 0.827079 0.996525 0.999942 0.999999
 0.0738799 0.827079 0.996525 0.999942 0.999999
 0.0738799 0.827079 0.996525 0.999942 0.999999
 0.0738799 0.827079 0.996525 0.999942 0.999999
 0.0738799 0.827079 0.996525 0.999942 0.999999
 0.0738799 0.827079 0.996525 0.999942 0.999999
 0.0738799 0.827079 0.996525 0.999942 0.999999
 0.0738799 0.827079 0.996525 0.999942 0.999999
 0.0738799 0.827079 0.996525 0.999942 0.999999
 0.0738799 0.827079 0.996525 0.999942 0.999999
Scru_reclas
 0.0813673 0.308323 0.691677 0.918633 0.982704
 0.0813673 0.308323 0.691677 0.918633 0.982704
 0.0813673 0.308323 0.691677 0.918633 0.982704
 0.0813673 0.308323 0.691677 0.918633 0.982704
 0.0813673 0.308323 0.691677 0.918633 0.982704
 0.0813673 0.308323 0.691677 0.918633 0.982704
 0.0813673 0.308323 0.691677 0.918633 0.982704
 0.0813673 0.308323 0.691677 0.918633 0.982704
 0.0813673 0.308323 0.691677 0.918633 0.982704
 0.0813673 0.308323 0.691677 0.918633 0.982704
 0.0813673 0.308323 0.691677 0.918633 0.982704
 0.0813673 0.308323 0.691677 0.918633 0.982704
 0.0813673 0.308323 0.691677 0.918633 0.982704
 0.0813673 0.308323 0.691677 0.918633 0.982704
 0.0813673 0.308323 0.691677 0.918633 0.982704
 0.0813673 0.308323 0.691677 0.918633 0.982704
 0.0813673 0.308323 0.691677 0.918633 0.982704
 0.0813673 0.308323 0.691677 0.918633 0.982704
 0.0813673 0.308323 0.691677 0.918633 0.982704
 0.0813673 0.308323 0.691677 0.918633 0.982704
 0.0813673 0.308323 0.691677 0.918633 0.982704
 0.0813673 0.308323 0.691677 0.918633 0.982704
 0.0813673 0.308323 0.691677 0.918633 0.982704
 0.0813673 0.308323 0.691677 0.918633 0.982704
 0.0813673 0.308323 0.691677 0.918633 0.982704
 0.0813673 0.308323 0.691677 0.918633 0.982704
 0.0813673 0.308323 0.691677 0.918633 0.982704
Scru_pelaces
 0.167242 0.50266 0.835701 0.962404 0.992297
 0.167242 0.50266 0.835701 0.962404 0.992297
 0.167242 0.50266 0.835701 0.962404 0.992297
 0.167242 0.50266 0.835701 0.962404 0.992297
 0.167242 0.50266 0.835701 0.962404 0.992297
 0.167242 0.50266 0.835701 0.962404 0.992297
 0.167242 0.50266 0.835701 0.962404 0.992297
 0.167242 0.50266 0.835701 0.962404 0.992297
 0.167242 0.50266 0.835701 0.962404 0.992297
 0.167242 0.50266 0.835701 0.962404 0.992297
 0.167242 0.50266 0.835701 0.962404 0.992297
 0.167242 0.50266 0.835701 0.962404 0.992297
 0.167242 0.50266 0.835701 0.962404 0.992297
 0.167242 0.50266 0.835701 0.962404 0.992297
 0.167242 0.50266 0.835701 0.962404 0.992297
 0.167242 0.50266 0.835701 0.962404 0.992297
 0.167242 0.50266 0.835701 0.962404 0.992297
 0.167242 0.50266 0.835701 0.962404 0.992297
 0.167242 0.50266 0.835701 0.962404 0.992297
 0.167242 0.50266 0.835701 0.962404 0.992297
 0.167242 0.50266 0.835701 0.962404 0.992297
 0.167242 0.50266 0.835701 0.962404 0.992297
 0.167242 0.50266 0.835701 0.962404 0.992297
 0.167242 0.50266 0.835701 0.962404 0.992297
 0.167242 0.50266 0.835701 0.962404 0.992297
 0.167242 0.50266 0.835701 0.962404 0.992297
 0.167242 0.50266 0.835701 0.962404 0.992297
pf_obs 
 0.256992 0.487395 0.22802 0.0275931 0
 0.321318 0.546541 0.124235 0.00734118 0.000564706
 0.182869 0.594174 0.210203 0.0122559 0.00049798
 0.330522 0.361315 0.267642 0.0388342 0.00168674
 0.649043 0.306663 0.0425973 0.00169635 0
 0.582887 0.30429 0.105238 0.00758474 0
 0.465427 0.430635 0.0974691 0.00646863 0
 0.296916 0.608066 0.0921331 0.00288517 0
 0.311714 0.524322 0.152257 0.0117073 0
 0.15457 0.633149 0.183074 0.0267441 0.00246327
 0.131901 0.49318 0.331252 0.0422183 0.00144891
 0.196976 0.569456 0.194076 0.0375587 0.00193317
 0.518974 0.381816 0.0799577 0.0180837 0.00116848
 0.0928022 0.601141 0.25162 0.0475244 0.00691264
 0.122501 0.610282 0.24278 0.0234846 0.000952079
 0.383417 0.481906 0.127806 0.00687128 0
 0.0376549 0.599619 0.316969 0.0457579 0
 0.0361596 0.667082 0.258105 0.0386534 0
 0.158088 0.579412 0.248529 0.0139706 0
 0.0477256 0.309471 0.559284 0.082774 0.000745712
 0.0406174 0.521527 0.379366 0.0568643 0.0016247
 0.151134 0.462217 0.34131 0.0453401 0
 0.294876 0.26143 0.354403 0.0886775 0.000613685
 0.281977 0.475581 0.204845 0.0348837 0.00271318
 0.0841818 0.532909 0.334909 0.0458182 0.00218182
 0.115287 0.27431 0.454777 0.147771 0.00785563
 0 0 0 0 0
pf_pred 
 0.0071632 0.636849 0.314455 0.0415315 1.69683e-06
 0.0196486 0.0711686 0.623585 0.252385 0.0332124
 0.00702591 0.214992 0.0687071 0.487077 0.222198
 0.12268 0.12653 0.209722 0.0480657 0.493002
 0.682333 0.239783 0.0147194 0.0177237 0.0454411
 0.0769639 0.890576 0.0257897 0.00126495 0.00540523
 0.575523 0.28083 0.140172 0.00276432 0.000709563
 0.223108 0.757755 0.014304 0.00471726 0.000115962
 0.259633 0.64526 0.093503 0.00120049 0.000402607
 0.365044 0.579615 0.050555 0.00470673 7.99966e-05
 0.148837 0.786056 0.0610136 0.00374097 0.0003518
 0.1807 0.670082 0.14141 0.00732042 0.000487179
 0.321121 0.581063 0.0851098 0.0120465 0.00065995
 0.24586 0.727566 0.0243202 0.00196462 0.000289861
 0.239791 0.745506 0.0144819 0.000203085 1.85005e-05
 0.263919 0.720621 0.0153329 0.000125045 1.88028e-06
 0.216869 0.720394 0.0619031 0.000827658 6.78905e-06
 0.290813 0.635137 0.070168 0.00383128 5.11875e-05
 0.188924 0.737057 0.0686283 0.00510995 0.000280572
 0.215111 0.634162 0.140452 0.00953032 0.000744033
 0.305475 0.598042 0.0829121 0.0126517 0.00091881
 0.195487 0.70106 0.0922344 0.00964796 0.00157064
 0.26715 0.581299 0.136415 0.0135027 0.00163344
 0.307093 0.605331 0.0736965 0.0125018 0.0013785
 0.0492335 0.842614 0.0978492 0.00867907 0.00162471
 0.250284 0.321856 0.389555 0.0346725 0.00363267
 0.00883468 0.868995 0.0621363 0.0546891 0.00534473
pobs_RECLAS
 0 0 0 0 0
 0 0 0 0 0
 0 0 0 0 0
 0 0 0 0 0
 0.835266 0.146461 0.0176864 0.000547809 3.91292e-05
 0.385257 0.428462 0.181853 0.0044286 0
 0.867414 0.0963971 0.0333333 0.00285562 0
 0.441836 0.489002 0.0689373 0.000224442 0
 0.779404 0.147425 0.0564933 0.0165055 0.000172143
 0.814271 0.122319 0.05973 0.00367925 0
 0.40263 0.566651 0.0304383 0.000280538 0
 0.475488 0.404961 0.113038 0.00651328 0
 0.955842 0.0263864 0.0167828 0.000988607 0
 0.975058 0.0227948 0.00214734 0 0
 0.738997 0.206755 0.0527124 0.00153531 0
 0.850938 0.134255 0.0134407 0.00136685 0
 0.542534 0.407297 0.0501686 0 0
 0.764087 0.199537 0.0359546 0.000420521 0
 0.470689 0.182191 0.310203 0.0369168 0
 0.84361 0.089868 0.0606195 0.00523954 0.000663233
 0.607945 0.314616 0.071237 0.00620181 0
 0.523733 0.453247 0.0230204 0 0
 0.530135 0.295979 0.169645 0.0042399 0
 0.562478 0.366248 0.0663022 0.0049721 0
 0.250443 0.683176 0.0655157 0.000865301 0
 0.195077 0.31981 0.436473 0.0351445 0.0134964
 0.565238 0.351407 0.0832357 0.000118908 0
ppred_RECLAS
 0.0158595 0.473597 0.434574 0.0759659 3.31998e-06
 0.0295363 0.0356975 0.580219 0.310798 0.0437492
 0.0110674 0.103056 0.0592495 0.55554 0.271087
 0.175042 0.0555313 0.166212 0.0503877 0.552827
 0.827469 0.096317 0.0109443 0.0174401 0.04783
 0.218028 0.731027 0.0374254 0.00242699 0.0110932
 0.793261 0.108717 0.0948695 0.00247299 0.000679002
 0.492496 0.484128 0.0161499 0.00704161 0.000185159
 0.540252 0.365926 0.091708 0.00155601 0.000558185
 0.641946 0.304609 0.0474913 0.00584716 0.000106303
 0.367621 0.550696 0.0749934 0.00607831 0.000611423
 0.403179 0.426816 0.158394 0.0108397 0.000771643
 0.653708 0.269523 0.0640943 0.0119727 0.000701579
 0.672869 0.310451 0.0148518 0.00157922 0.000249212
 0.667346 0.323479 0.00899312 0.000166003 1.61748e-05
 0.570347 0.414369 0.0151185 0.000162907 2.62023e-06
 0.492762 0.440838 0.065238 0.00115258 1.01128e-05
 0.569301 0.356308 0.0693161 0.00500352 7.15061e-05
 0.41175 0.496025 0.0835161 0.00822559 0.00048311
 0.447272 0.386183 0.151789 0.0136185 0.00113726
 0.551326 0.342951 0.0868309 0.0175299 0.00136179
 0.407404 0.463286 0.111235 0.0153941 0.0026807
 0.502291 0.334972 0.141774 0.0185615 0.00240185
 0.56322 0.342496 0.075376 0.0169137 0.00199491
 0.12749 0.701961 0.149491 0.0175446 0.00351318
 0.420683 0.16677 0.364786 0.0429469 0.0048131
 0.0276463 0.75687 0.094307 0.109708 0.0114686
pobs_PELACES
 0 0 0 0 0
 0 0 0 0 0
 0 0 0 0 0
 0 0 0 0 0
 0 0 0 0 0
 0 0 0 0 0
 0 0 0 0 0
 0 0 0 0 0
 0 0 0 0 0
 0 0 0 0 0
 0.450072 0.473896 0.0757376 0.000293798 0
 0 0 0 0 0
 0.463077 0.371075 0.160297 0.00555027 0
 0.529543 0.364841 0.0842815 0.0213345 0
 0.631943 0.363953 0.00410389 0 0
 0.735681 0.248677 0.0153453 0.000297389 0
 0.695825 0.281241 0.0229344 0 0
 0.275771 0.60734 0.115278 0.00161068 0
 0 0 0 0 0
 0.896147 0.0623911 0.0374545 0.00400742 0
 0.803859 0.145111 0.0509908 3.86294e-05 0
 0.739449 0.233085 0.0266225 0.000797448 4.60066e-05
 0.878498 0.100942 0.0204185 0.000141795 0
 0.694673 0.275183 0.0284847 0.00165964 0
 0.469039 0.446079 0.0841089 0.000773354 0
 0.822795 0.102175 0.0682046 0.00682512 0
 0 0 0 0 0
ppred_PELACES
 0.0241402 0.549437 0.370302 0.0561178 2.36385e-06
 0.0552659 0.0494295 0.586195 0.272182 0.0369278
 0.0299867 0.158673 0.0627206 0.509158 0.239462
 0.366626 0.0677022 0.140079 0.03677 0.388823
 0.888742 0.0743316 0.0061218 0.00845503 0.0223494
 0.356737 0.615642 0.0211928 0.00118934 0.00523942
 0.903831 0.0602607 0.0349123 0.000787371 0.00020836
 0.657644 0.332032 0.00744403 0.00280881 7.11844e-05
 0.73225 0.229288 0.0377165 0.000553529 0.000191379
 0.775154 0.201151 0.0213768 0.00227829 3.99211e-05
 0.551278 0.408766 0.0371019 0.00260193 0.000252256
 0.598835 0.317456 0.0787273 0.00466193 0.000319856
 0.852874 0.125495 0.0184799 0.0029824 0.000168433
 0.900881 0.0962589 0.00258717 0.000237209 3.60762e-05
 0.897635 0.100764 0.00157387 2.50505e-05 2.35235e-06
 0.751364 0.242816 0.00576456 5.37191e-05 8.32744e-07
 0.691791 0.280649 0.0271417 0.000414737 3.5072e-06
 0.735678 0.232177 0.0302309 0.00188828 2.6009e-05
 0.556349 0.393611 0.0459038 0.00391491 0.000221613
 0.631279 0.286323 0.0760193 0.00590292 0.000475106
 0.677848 0.26587 0.0473771 0.00828493 0.00062032
 0.540429 0.385414 0.0650507 0.00779772 0.00130875
 0.661467 0.254677 0.0743743 0.00843103 0.0010515
 0.703031 0.250536 0.0381727 0.00741703 0.000843156
 0.192198 0.690794 0.10435 0.0106098 0.00204768
 0.616272 0.142928 0.216361 0.0220567 0.00238246
 0.0610174 0.799983 0.0659456 0.0663674 0.00668671
pobs_pel_tallas
 0 0 0 0 0 0 0 0 0 0 0 0 0 0 0 0 0 0 0 0 0 0 0 0 0 0 0 0 0 0 0 0 0 0 0 0
 0 0 0 0 0 0 0 0 0 0 0 0 0 0 0 0 0 0 0 0 0 0 0 0 0 0 0 0 0 0 0 0 0 0 0 0
 0 0 0 0 0 0 0 0 0 0 0 0 0 0 0 0 0 0 0 0 0 0 0 0 0 0 0 0 0 0 0 0 0 0 0 0
 0 0 0 0 0 0 0 0 0 0 0 0 0 0 0 0 0 0 0 0 0 0 0 0 0 0 0 0 0 0 0 0 0 0 0 0
 0 0 0 0 0 0 0 0 0 0 0 0 0 0 0 0 0 0 0 0 0 0 0 0 0 0 0 0 0 0 0 0 0 0 0 0
 0 0 0 0 0 0 0 0 0 0 0 0 0 0 0 0 0 0 0 0 0 0 0 0 0 0 0 0 0 0 0 0 0 0 0 0
 0 0 0 0 0 0 0 0 0 0 0 0 0 0 0 0 0 0 0 0 0 0 0 0 0 0 0 0 0 0 0 0 0 0 0 0
 0 0 0 0 0 0 0 0 0 0 0 0 0 0 0 0 0 0 0 0 0 0 0 0 0 0 0 0 0 0 0 0 0 0 0 0
 0 0 0 0 0 0 0 0 0 0 0 0 0 0 0 0 0 0 0 0 0 0 0 0 0 0 0 0 0 0 0 0 0 0 0 0
 0 0 0 0 0 0 0 0 0 0 0 0 0 0 0 0 0 0 0 0 0 0 0 0 0 0 0 0 0 0 0 0 0 0 0 0
 0 0 0 0 0 0 0 0 1.78061e-05 0.00172719 0.00360574 0.0105946 0.0120993 0.0124554 0.0147524 0.0171206 0.0266825 0.0428682 0.0675386 0.121331 0.153587 0.119568 0.100827 0.0573624 0.0630603 0.0341343 0.0324427 0.0444173 0.0211091 0.0280891 0.0125444 0.00206551 0 0 0 0
 0 0 0 0 0 0 0 0 0 0 0 0 0 0 0 0 0 0 0 0 0 0 0 0 0 0 0 0 0 0 0 0 0 0 0 0
 0 0 0 0 0 0 0.0133647 0.0140871 0.0187388 0.0205184 0.03894 0.0496705 0.03968 0.0493445 0.0407372 0.0367815 0.0215668 0.0243155 0.0234873 0.0199281 0.019796 0.0243948 0.0301388 0.0376714 0.0412746 0.0863199 0.0771752 0.113111 0.0741005 0.0525337 0.0229764 0.00759418 0.00175318 0 0 0
 0 0 0 0 0 0 0 0 0 0 0.00219441 0.00772107 0.0458388 0.0604681 0.0671733 0.0775358 0.0609151 0.0617685 0.073594 0.0568108 0.0755445 0.0548602 0.0670107 0.0636378 0.0643287 0.046367 0.0373049 0.0286899 0.0247887 0.0153202 0.00654259 0.00121912 0.000365735 0 0 0
 0 0 0 0 0 0 0 0 0 0 0 0 0.000112435 0.00938835 0.0111873 0.0202946 0.0414886 0.0713402 0.111592 0.104902 0.108894 0.110636 0.117776 0.105296 0.107544 0.0401394 0.0192827 0.0124803 0.00416011 0.0028671 0.000618394 0 0 0 0 0
 0 0 0 0 0 0 0 0 0 0 0.00291406 0.0102884 0.027416 0.0768956 0.0749926 0.110853 0.0956884 0.0897413 0.0766577 0.0534642 0.0500743 0.0551293 0.0594112 0.0620874 0.0668451 0.0424026 0.0208742 0.0120726 0.0048766 0.00582813 0.00118941 0.000297354 0 0 0 0
 0 0.00264628 0.0354308 0.0461629 0.0458689 0.0383711 0.0214643 0.0164657 0.0346957 0.0420465 0.0363128 0.0245516 0.0311673 0.0291091 0.0169068 0.0133784 0.00837989 0.0085269 0.0148486 0.0160247 0.0276389 0.0546898 0.0760071 0.122758 0.109233 0.0665981 0.0333725 0.0166128 0.00676272 0.00308733 0.000882094 0 0 0 0 0
 0 0 0 0 0 0 0 0.000805153 0.000690131 0.00759144 0.0133425 0.0154129 0.00931677 0.000345066 0.00356568 0.00563607 0.00851162 0.0253048 0.0502646 0.0516448 0.0657925 0.0565908 0.0611916 0.0827007 0.0866115 0.110766 0.145733 0.0935128 0.0569358 0.0249597 0.0138026 0.00621118 0.00161031 0.00115022 0 0
 0 0 0 0 0 0 0 0 0 0 0 0 0 0 0 0 0 0 0 0 0 0 0 0 0 0 0 0 0 0 0 0 0 0 0 0
 0.00147267 0.00158595 0.00478618 0.00569244 0.00954404 0.0108468 0.00647125 0.017049 0.0510054 0.094081 0.124002 0.0959785 0.0687766 0.0820023 0.061753 0.0591476 0.0492212 0.0479892 0.0443925 0.0268479 0.0217502 0.0140895 0.0121071 0.0120363 0.00920419 0.00665534 0.0049561 0.00860946 0.00930331 0.0156896 0.0114698 0.00855282 0.00243557 0.00046729 0 2.83206e-05
 0 0 0 0 0.000772559 0.00158375 0.000888443 0.00281984 0.00712685 0.0440552 0.0773331 0.111326 0.0921469 0.0852325 0.0710754 0.0886704 0.0786465 0.0553345 0.0373146 0.0185414 0.00753245 0.00457741 0.012979 0.0271748 0.0457355 0.0583668 0.034881 0.0177882 0.00938659 0.00492506 0.0015258 0.00185414 0.000309023 5.79419e-05 3.86279e-05 0
 0 0.00173294 0.00326652 0 0.00397197 0.00683976 0.00946217 0.0152591 0.00757587 0.0136028 0.0228656 0.0392903 0.0559909 0.0764795 0.0681675 0.0726916 0.0566044 0.0477403 0.0527397 0.0444891 0.0609904 0.0582453 0.0661739 0.0445044 0.0529084 0.0360697 0.0280645 0.0235558 0.0158879 0.00826598 0.00280645 0.00217768 0.000904811 0.00058276 9.20147e-05 0
 0 0 0 0 0 0 0 0 0 0 0 0 0 0 0 0 0 0 0 0 0 0 0 0 0 0 0 0 0 0 0 0 0 0 0 0
 0 0 0 0 0 0 0 0 0 0 0 0 0 0 0 0 0 0 0 0 0 0 0 0 0 0 0 0 0 0 0 0 0 0 0 0
 0 0 0 0 0 0 0 0 0 0 0 0 0 0 0 0 0 0 0 0 0 0 0 0 0 0 0 0 0 0 0 0 0 0 0 0
 0 0 0 0 0 0 0 0 0 0 0 0 0 0 0 0 0 0 0 0 0 0 0 0 0 0 0 0 0 0 0 0 0 0 0 0
 0 0 0 0 0 0 0 0 0 0 0 0 0 0 0 0 0 0 0 0 0 0 0 0 0 0 0 0 0 0 0 0 0 0 0 0
ppred_pel_tallas
 1.07364e-16 1.08842e-06 6.29867e-06 2.97555e-05 0.00011425 0.000355989 0.000899805 0.00184571 0.00307702 0.00418552 0.00469493 0.00447511 0.00393271 0.00376987 0.00459437 0.00675535 0.0104232 0.0156898 0.0225553 0.030839 0.0401048 0.0496601 0.0586426 0.0661735 0.0715354 0.0743119 0.0744509 0.0722281 0.0681377 0.0627516 0.056599 0.0500981 0.0435451 0.037141 0.0310326 0.0253426
 1.19416e-16 2.42559e-06 1.41945e-05 6.73941e-05 0.000259338 0.000808566 0.00204238 0.00417986 0.00693227 0.00932128 0.0101737 0.00904666 0.00663666 0.0042051 0.00268245 0.00232791 0.00300388 0.00455642 0.00697359 0.0103548 0.0148272 0.0204765 0.027298 0.0351623 0.0437936 0.0527675 0.0615308 0.0694485 0.075874 0.0802346 0.0821166 0.081332 0.0779534 0.0723027 0.064902 0.0563916
 1.29627e-16 1.32562e-06 7.73196e-06 3.66595e-05 0.000140985 0.000439479 0.00111021 0.00227315 0.00377402 0.00508678 0.00558401 0.00504126 0.00386233 0.00277 0.00232105 0.00271864 0.00395324 0.00599556 0.00886601 0.0126041 0.0172184 0.0226593 0.0288175 0.0355395 0.0426457 0.0499386 0.0571979 0.0641615 0.0705096 0.0758636 0.0798133 0.0819722 0.0820487 0.0799111 0.0756309 0.0694855
 1.21442e-16 1.60015e-05 9.38991e-05 0.000446324 0.00171832 0.00535837 0.0135348 0.027694 0.0459064 0.0616529 0.0670953 0.0591942 0.0423988 0.0247989 0.0121466 0.00556325 0.00334328 0.00349053 0.00482696 0.00690212 0.00960701 0.0129242 0.0168299 0.0212668 0.0261393 0.0313104 0.0365979 0.0417719 0.0465572 0.0506485 0.0537382 0.0555563 0.055913 0.0547347 0.0520809 0.0481428
 1.01447e-16 3.87689e-05 0.000227562 0.00108177 0.00416494 0.0129881 0.0328066 0.0671257 0.111264 0.149413 0.162558 0.143311 0.102419 0.0594334 0.0282098 0.0113445 0.00454428 0.00278011 0.00298528 0.00385426 0.00493005 0.00602443 0.00700715 0.00776747 0.0082264 0.00835285 0.00816926 0.00774222 0.00716237 0.00652025 0.00588648 0.00530156 0.00477649 0.00430128 0.00385667 0.00342471
 1.00788e-16 1.5593e-05 9.14494e-05 0.000434563 0.00167285 0.0052164 0.0131768 0.0269657 0.0447145 0.0600982 0.0655248 0.0580974 0.0422417 0.0259707 0.0150648 0.0108213 0.0117642 0.0160406 0.0224136 0.0300995 0.0383624 0.0463173 0.0529692 0.0573881 0.0589205 0.0573504 0.0529543 0.0464245 0.0386948 0.0307237 0.0233061 0.0169621 0.0119158 0.00814633 0.00547658 0.00366301
 1.00553e-16 3.94264e-05 0.000231423 0.00110013 0.00423563 0.0132085 0.0333634 0.0682649 0.113152 0.151946 0.165312 0.145731 0.104132 0.0603943 0.0286041 0.0113964 0.00440073 0.0025005 0.00257939 0.00331822 0.00426701 0.0052535 0.0061646 0.00690179 0.00738834 0.00758299 0.00748653 0.00713724 0.00659798 0.00593959 0.00522646 0.00450806 0.00381714 0.00317274 0.00258517 0.00206023
 1.00314e-16 2.87024e-05 0.000168439 0.00080064 0.00308243 0.00961222 0.0242799 0.0496813 0.0823575 0.11062 0.120418 0.106315 0.0763188 0.0449726 0.0226322 0.0113378 0.00802752 0.00905539 0.0121457 0.0162051 0.0206295 0.0248919 0.0284467 0.0307912 0.0315743 0.0306814 0.0282649 0.0247015 0.0204984 0.0161755 0.0121636 0.00874405 0.00603723 0.00403016 0.00262464 0.00168625
 1.00639e-16 3.19516e-05 0.000187524 0.00089139 0.00343188 0.010702 0.0270324 0.0553124 0.0916881 0.12314 0.134014 0.118243 0.0847134 0.0495827 0.0243304 0.0111707 0.00663934 0.0066431 0.00865652 0.011532 0.0147361 0.0178807 0.0205844 0.022494 0.0233548 0.023068 0.0217134 0.0195229 0.0168196 0.0139411 0.011173 0.00870895 0.0066435 0.00498868 0.00370367 0.00272418
 1.0045e-16 3.38212e-05 0.000198503 0.000943592 0.00363288 0.0113288 0.0286157 0.0585516 0.0970563 0.130346 0.141846 0.125128 0.0895926 0.05233 0.0254762 0.011355 0.00627945 0.0059016 0.00754473 0.0100085 0.0127637 0.0154545 0.0177436 0.019323 0.0199734 0.0196151 0.0183266 0.016321 0.0138904 0.0113379 0.00891712 0.0067976 0.00505756 0.00369991 0.00267937 0.00192988
 1.00762e-16 2.40676e-05 0.000141221 0.000671227 0.00258413 0.00805827 0.0203549 0.041651 0.0690494 0.0927567 0.101004 0.0892511 0.0642337 0.0381825 0.0198285 0.0109418 0.00901471 0.011033 0.0150941 0.0202304 0.0258188 0.0312422 0.0358341 0.0389724 0.0402139 0.0394012 0.0366996 0.0325485 0.0275488 0.0223219 0.0173876 0.0130916 0.00959156 0.00688952 0.0048878 0.00344554
 1.01397e-16 2.61377e-05 0.000153383 0.000729062 0.00280684 0.0087528 0.0221091 0.0452396 0.0749951 0.100733 0.109661 0.096832 0.069541 0.0410396 0.0207676 0.0105973 0.00775714 0.00894542 0.0121062 0.0162551 0.0208444 0.0253852 0.029359 0.0322743 0.0337683 0.0336877 0.0321201 0.0293609 0.0258319 0.0219789 0.0181835 0.0147104 0.0116976 0.00917805 0.00711828 0.00545484
 1.00414e-16 3.72071e-05 0.000218388 0.00103814 0.00399695 0.0124642 0.0314834 0.0644187 0.106779 0.143394 0.156023 0.13758 0.09839 0.05723 0.0274167 0.011465 0.0052775 0.0040428 0.00481625 0.00631911 0.00805891 0.00977628 0.0112541 0.0122986 0.0127708 0.0126177 0.0118834 0.0106954 0.00923037 0.00767234 0.00617627 0.00484653 0.0037329 0.00284019 0.00214476 0.00161078
 1.00079e-16 3.92992e-05 0.000230673 0.00109655 0.00422186 0.0131655 0.033255 0.0680432 0.112786 0.151457 0.164787 0.145287 0.103854 0.0603121 0.0287129 0.011695 0.00491246 0.0032694 0.0036517 0.00472029 0.00598489 0.00721845 0.00824895 0.00892862 0.00915524 0.00889547 0.00819328 0.00715788 0.00593632 0.00467949 0.00351258 0.00251748 0.00172948 0.00114515 0.000736278 0.000464012
 1.00057e-16 3.91578e-05 0.000229843 0.00109261 0.00420666 0.0131181 0.0331352 0.0677982 0.11238 0.150912 0.164196 0.144768 0.103489 0.0601117 0.0286393 0.0117028 0.00497377 0.00337576 0.00380557 0.00492647 0.00624508 0.00752823 0.00859665 0.00929592 0.00951947 0.00923315 0.00848399 0.00738743 0.0060986 0.00477641 0.00355258 0.00251306 0.00169451 0.00109267 0.000677026 0.000405767
 1.00163e-16 3.27855e-05 0.000192419 0.000914659 0.00352146 0.0109813 0.0277381 0.0567563 0.0940818 0.126355 0.137514 0.121333 0.0869311 0.0508885 0.0249848 0.0114916 0.00685272 0.00686384 0.00892593 0.01185 0.0150737 0.0181833 0.0207739 0.0224771 0.0230357 0.0223663 0.0205807 0.0179553 0.0148623 0.0116832 0.0087346 0.00622365 0.00423931 0.0027726 0.00175161 0.00107737
 1.00492e-16 3.01894e-05 0.000177174 0.000842174 0.00324237 0.010111 0.0255397 0.0522585 0.0866278 0.116349 0.126639 0.111771 0.0801538 0.0470693 0.0233861 0.0112226 0.00733177 0.00786255 0.0104261 0.0139074 0.0177396 0.0214663 0.0246235 0.0267828 0.0276393 0.027084 0.0252296 0.0223774 0.0189394 0.0153424 0.0119438 0.00898198 0.00656637 0.00469971 0.0033161 0.00231963
 1.00571e-16 3.21011e-05 0.000188402 0.000895563 0.00344794 0.0107521 0.027159 0.0555713 0.0921174 0.123716 0.134642 0.118797 0.0851117 0.049818 0.0244498 0.0112315 0.00668269 0.00668997 0.00871456 0.0116011 0.0148102 0.0179488 0.0206306 0.0224994 0.0233001 0.0229374 0.021498 0.0192231 0.0164459 0.0135128 0.010715 0.00824847 0.0062057 0.00459369 0.0033647 0.0024471
 1.00925e-16 2.42881e-05 0.000142517 0.000677391 0.00260787 0.0081323 0.0205419 0.0420335 0.069683 0.0936063 0.101925 0.0900548 0.0647904 0.03847 0.0198984 0.0108549 0.00880201 0.0106944 0.0146142 0.019596 0.0250308 0.0303237 0.0348331 0.0379583 0.0392689 0.0386066 0.036122 0.0322284 0.0274948 0.0225113 0.0177732 0.0136121 0.0101828 0.00749335 0.00545861 0.0039527
 1.01398e-16 2.75512e-05 0.000161684 0.000768533 0.00295883 0.00922677 0.0233062 0.0476888 0.0790538 0.10618 0.115579 0.10203 0.0732141 0.0430863 0.0215797 0.0106465 0.00734401 0.00817684 0.0109771 0.0147273 0.0188945 0.0230295 0.0266633 0.0293519 0.030766 0.030764 0.0294203 0.0269959 0.0238653 0.0204259 0.0170183 0.0138797 0.0111354 0.0088182 0.00690222 0.00533563
 1.01073e-16 2.95809e-05 0.000173602 0.000825198 0.00317701 0.00990717 0.0250249 0.0512051 0.0848813 0.114003 0.124084 0.109513 0.0785269 0.0460996 0.0228785 0.010938 0.00709629 0.00758249 0.010062 0.013453 0.0172153 0.0209194 0.0241276 0.0264315 0.0275341 0.0273174 0.0258679 0.0234469 0.02042 0.0171699 0.0140196 0.0111885 0.00878371 0.00682043 0.00525575 0.00402209
 1.01379e-16 2.35936e-05 0.000138441 0.000658012 0.00253326 0.00789963 0.0199541 0.0408309 0.0676896 0.0909289 0.0990112 0.0874837 0.0629479 0.0373909 0.0193684 0.0106124 0.00866257 0.0105662 0.0144656 0.0194274 0.024863 0.0301946 0.0347955 0.038075 0.0396042 0.0392149 0.0370371 0.0334547 0.0290041 0.0242451 0.0196508 0.0155417 0.0120735 0.00926621 0.00705378 0.00533309
 1.01478e-16 2.88662e-05 0.000169407 0.000805257 0.00310023 0.00966775 0.0244201 0.0499676 0.0828299 0.111248 0.121085 0.106865 0.076627 0.0449817 0.0223198 0.0106665 0.00691908 0.00740165 0.00984263 0.0131955 0.0169442 0.0206807 0.0239866 0.0264665 0.0278245 0.0279302 0.0268429 0.0247867 0.0220863 0.0190874 0.0160872 0.013294 0.0108196 0.00869679 0.00690889 0.00541741
 1.00918e-16 3.06783e-05 0.000180047 0.00085584 0.00329499 0.0102751 0.0259542 0.0531064 0.0880324 0.118233 0.128681 0.113555 0.0813931 0.0477163 0.0235581 0.011058 0.00690372 0.00717502 0.00944836 0.0126102 0.0161216 0.0195698 0.0225412 0.0246517 0.0256237 0.0253501 0.0239178 0.0215786 0.0186831 0.0155961 0.012625 0.00997662 0.00774989 0.00595485 0.00454557 0.00345244
 1.02167e-16 8.42164e-06 4.93397e-05 0.000234352 0.000901955 0.00281239 0.0071046 0.0145421 0.0241247 0.0324579 0.0354763 0.031663 0.0234734 0.0153295 0.010486 0.00980755 0.0126632 0.018173 0.0256875 0.0346475 0.0443387 0.0538041 0.0619344 0.0676744 0.0702602 0.0693988 0.0653338 0.0587666 0.0506714 0.0420634 0.033798 0.0264525 0.0203038 0.0153803 0.0115528 0.00862394
 1.03988e-16 2.68913e-05 0.000157822 0.000750202 0.00288829 0.00900684 0.0227506 0.0465508 0.0771639 0.103631 0.112777 0.0994902 0.0712476 0.0416415 0.0203283 0.00917033 0.00525982 0.00517542 0.00683777 0.00935298 0.0123662 0.0156546 0.0189875 0.0221172 0.0248114 0.0268873 0.0282326 0.0288068 0.0286285 0.0277558 0.0262707 0.0242707 0.021868 0.0191898 0.016376 0.01357
 1.0379e-16 2.70577e-06 1.57729e-05 7.47506e-05 0.000287414 0.00089594 0.00226396 0.00463861 0.0077127 0.0104296 0.0115382 0.0106266 0.0085864 0.00698735 0.00708352 0.00940828 0.0140146 0.0207989 0.029564 0.0398927 0.0510296 0.0618873 0.0711937 0.0777425 0.0806694 0.0796583 0.0750136 0.0675641 0.0584432 0.0488175 0.0396537 0.0315835 0.024883 0.0195413 0.0153724 0.012125
pSPR Fmed_Fpbrs
0.501633   0.6 0.325
Fs Fmed_Fpbrs
0.64   0.421496 1.45757
SSBpbr Bo_Bmed_Bpbrs
570186  257515  313603 156801
Ro
15994.5
SPR SPRFo_SPRFmed_SPRFpbrs
330354 165717 107365
log_Ro
9.5
likeval ReclasPelacesDesembMPH_pf_preclas_ppelaces_ptallas_desvR_qrecl_qpela
 75.3532 12.4991 0.328351 0.000514094 417.549 227.367 59.1914 0 56.0051 0.000201253 0.000501358 6.31983e-15 0 0 0
q_reclas_q_pelaces
7.4653 24.181
M
0.7
N
 5648.1 47283 19604.9 2581.08 0.105448
 7823.07 2771.71 20562.4 8297.15 1091.8
 934.35 3805.54 1092.69 7731.85 3527.05
 3140.46 420.199 623.005 142.508 1461.63
 39866.2 1422.46 74.5177 89.4703 229.379
 11282.5 19223.8 508.386 24.897 106.384
 64948.1 4926.91 2263.98 44.5851 11.4441
 55652.3 27890.4 480.95 158.366 3.89292
 59966.8 24287.1 3261.42 41.82 14.0248
 115307 25364 2000.95 185.968 3.16066
 63478.1 51268.5 3654.82 223.766 21.0424
 48857.2 27399.9 5301.91 274.059 18.2384
 57992.8 21161.8 2945.13 416.506 22.8174
 28885 22712.9 736.897 59.4987 8.77839
 12042.4 9948.23 187.568 2.62906 0.239499
 9005.26 4147.49 82.1543 0.669194 0.0100623
 6836.3 3765.53 300.552 4.01347 0.0329208
 8762.79 2875 290.941 15.8621 0.211919
 7587.26 3803.32 316.244 23.5005 1.2903
 8099.69 3445.74 694.758 47.0665 3.67439
 15310.9 3558.52 434.294 66.1202 4.80171
 16578.5 7101.83 823.448 85.9428 13.9906
 26959.7 7677.49 1614.1 159.461 19.2897
 47985.4 12181.6 1324.93 224.318 24.7334
 11157 21778.6 2209.4 195.5 36.5958
 31513.5 5228.7 5655.54 502.386 52.6338
 921.204 14295.5 943.009 828.856 81.0016
pred_Ctot
 47.8915 4257.83 2102.37 277.67 0.0113446
 114.953 416.367 3648.24 1476.56 194.307
 63.7743 1951.49 623.656 4421.21 2016.89
 199.524 205.786 341.086 78.1729 801.806
 831.486 292.198 17.9369 21.5979 55.3742
 986.03 11409.7 330.407 16.2061 69.2496
 6370.18 3108.37 1551.5 30.5969 7.8538
 4886.34 16595.7 313.274 103.314 2.5397
 6452.76 16036.9 2323.86 29.8362 10.0061
 8732.25 13865 1209.33 112.59 1.91361
 6018.52 31785.7 2467.2 151.273 14.2257
 4524.98 16779.7 3541.11 183.313 12.1996
 8934.34 16166.6 2367.96 335.162 18.3614
 6500.94 19238.1 643.068 51.9479 7.66441
 2710.29 8426.24 163.685 2.29542 0.209106
 1033.14 2820.95 60.0224 0.489504 0.00736056
 760.04 2524.7 216.946 2.90062 0.023793
 800.044 1747.3 193.037 10.5401 0.14082
 468.714 1828.61 170.264 12.6776 0.69609
 676.259 1993.66 441.55 29.9611 2.33907
 728.88 1426.96 197.833 30.1875 2.19233
 807.243 2894.94 380.871 39.8401 6.48578
 1756.29 3821.56 896.818 88.769 10.7385
 2984.71 5883.36 716.274 121.508 13.3979
 452.966 7752.34 900.247 79.8504 14.9479
 1970.68 2534.22 3067.27 273.004 28.6028
 93.0681 9154.35 654.569 576.118 56.3035
F
 0.0118523 0.132685 0.159869 0.160417 0.160426
 0.020619 0.230828 0.278118 0.279071 0.279087
 0.0991217 1.10966 1.337 1.34158 1.34166
 0.0919785 1.02969 1.24065 1.2449 1.24497
 0.0293798 0.328904 0.396288 0.397646 0.397669
 0.128543 1.43903 1.73384 1.73979 1.73989
 0.145307 1.6267 1.95997 1.96669 1.9668
 0.129176 1.44612 1.74239 1.74836 1.74846
 0.160459 1.79633 2.16434 2.17177 2.17189
 0.110522 1.23729 1.49077 1.49588 1.49597
 0.140154 1.56901 1.89046 1.89694 1.89705
 0.136704 1.53039 1.84392 1.85024 1.85035
 0.237385 2.65751 3.20196 3.21293 3.21312
 0.365929 4.09655 4.93582 4.95274 4.95303
 0.365929 4.09655 4.93582 4.95274 4.95303
 0.171921 1.92464 2.31894 2.32689 2.32703
 0.166193 1.86052 2.24169 2.24938 2.24951
 0.134641 1.5073 1.8161 1.82233 1.82243
 0.0893321 1.00007 1.20495 1.20908 1.20915
 0.122482 1.37117 1.65209 1.65775 1.65785
 0.0682094 0.763599 0.920039 0.923193 0.923246
 0.0698152 0.781576 0.941699 0.944928 0.944982
 0.0944117 1.05693 1.27347 1.27783 1.27791
 0.0899701 1.00721 1.21356 1.21772 1.21779
 0.0579094 0.648291 0.781107 0.783786 0.78383
 0.0904733 1.01284 1.22034 1.22453 1.2246
 0.149975 1.67896 2.02293 2.02987 2.02998
Np
 11176.5 5379.94 137.978 432.121 26.754
YTP_r0W_actual
 166.861 66681.9 7481.41 8421.56 913.363
YTP_p0W_proyectada
 2024.45 1836.65 10507.4 629.325 649.384
 2024.45 25095 1094.66 4390.55 301.674
CTP_r0_actual
 20.3489 3087.13 238.262 210.014 20.525
CTP_p0_proyectada
 246.884 85.0301 334.632 15.6939 14.5929
 246.884 1161.81 34.8617 109.49 6.77919
Wmedp
 8.2 21.6 31.4 40.1 44.5
nmprior
 10.8 10.6 4.6 0
nm_flota  nm_reclas  nm_pelaces    nm_pelaL
inf 18.6084 15.1582 44.9685
cv_recla  cv_pelaces  cv_mph
0.751764 0.387284 0.605978
 ------------------------------------------------
Talla a la edad & desviaci?n 
 7.2 14.2025 17.0495 18.207 18.6776
 1.08 2.13037 2.55742 2.73105 2.80164
