years
 1997 1998 1999 2000 2001 2002 2003 2004 2005 2006 2007 2008 2009 2010 2011 2012 2013 2014 2015 2016 2017 2018 2019 2020 2021 2022 2023
reclasobs
 0 0 0 370054 412103 1.49427e+06 250295 1.28982e+06 931140 785840 897777 1.04006e+06 184774 17550 25797 100020 73551 82996 120727 218422 84188 347160 605670 569463 516374 1.08416e+06 1.01767e+06
reclaspred
 1.1389e+06 222127 452930 178324 284226 362868 752195 633054 704547 889754 906912 651405 362630 148360 85190.5 80141.7 84325.1 110869 132197 147236 225865 234805 379888 500671 741052 661413 362756
pelacesobs
 0 0 0 0 0 0 0 0 0 2.06254e+06 1.5e+06 0 1.87456e+06 323000 250000 174000 83755 137374 0 501740 490994 745055 786931 1.00524e+06 1.33801e+06 1.41789e+06 0
pelacespred
 2.85519e+06 795240 562333 489420 809324 629940 2.1194e+06 1.76028e+06 1.86854e+06 2.46983e+06 1.99792e+06 1.47109e+06 875879 288875 169185 163271 176244 250311 283055 305581 590871 558635 699876 1.10341e+06 1.52568e+06 1.42824e+06 625609
mphobs
 0 0 0 0 0 112323 0 153150 637223 0 255016 313432 73983 77613 109348 50772 17779 17303 59886 28197 0 207744 136588 643089 65757 70829 0
mphpred
 300265 132505 127358 67510.6 63872.1 135451 163805 267820 244512 282507 361217 251367 153162 88335.9 42259.2 30577.1 28552.1 33737 44131.3 44847.2 61387.5 80624.9 95379.2 135370 220158 200461 141303
desembarqueobs
 350755 77701 442110 56441 14545 235359 269955 359681 431902 328805 639364 411747 362871 311530 167758 66681 60226 58785 57116 73181 50977 67692 138656 160484 209506 203330 245020
desembarquepred
 350733 77669 441667 56429.2 14544.5 235307 269966 359275 431583 328602 638488 411261 362357 311090 167293 66629.7 60210.9 58726.1 57053.5 73122.1 50967.8 67642.3 138584 160420 209376 203172 244841
Reclutas
 23262.5 43159.8 7556.28 11780.9 38213.6 19102.5 63545 59999.4 75409.8 114817 66279 46178.6 53675.6 29119.7 12898.2 10119.8 7369.31 9408.04 8583.55 11282.3 17372.8 20148.8 33405 51557.1 19141.4 28775.3 9020.49
log_desv_Rt
 -0.045404 0.572666 -1.16987 -0.725761 0.450947 -0.242426 0.959504 0.90209 1.13069 1.55109 1.00163 0.640272 0.790714 0.179169 -0.635159 -0.877754 -1.19492 -0.95068 -1.0424 -0.769007 -0.33734 -0.1891 0.31646 0.750445 -0.240393 0.167271 -0.992746
SSB
 517958 228572 219693 116456 110180 233654 282564 461991 421784 487326 623101 433609 264206 152380 72897.4 52745.7 49252.6 58196.5 76126.8 77361.7 105894 139078 164530 233513 379773 345797 243749
BT
 1.26517e+06 358380 407821 205178 301665 360413 1.1044e+06 1.02282e+06 1.12993e+06 1.2404e+06 1.2412e+06 861984 694992 400668 205971 114022 113563 140870 135832 163551 250748 222455 319178 504434 583443 572994 368846
Ftot
 0.811761 1.04611 2.17747 0.846946 0.181558 1.58917 1.24043 1.73674 1.9029 1.22838 1.86081 1.63984 2.78964 4.95303 4.95303 2.34402 2.06395 1.61383 1.18658 1.40725 0.69568 0.792489 1.00539 0.972036 0.729263 0.791748 1.56311
BD_Bspro_t
 0.920049 0.618025 0.503753 0.216372 0.308947 0.535671 0.438013 0.516268 0.449354 0.440783 0.465028 0.314465 0.219695 0.154745 0.0903358 0.0809236 0.104095 0.165481 0.251603 0.303336 0.404671 0.537116 0.536024 0.548628 0.594695 0.498714 0.406325
BD_Bspro
 1.03018 0.454611 0.436951 0.231622 0.219138 0.464718 0.561997 0.918861 0.838893 0.969252 1.2393 0.862412 0.525484 0.303071 0.144987 0.104907 0.0979593 0.115748 0.15141 0.153866 0.210614 0.276615 0.327236 0.464439 0.755337 0.687761 0.484796
BD_Bo
 1.04235 0.459985 0.442116 0.23436 0.221729 0.470211 0.568641 0.929723 0.848809 0.980709 1.25395 0.872607 0.531695 0.306654 0.146701 0.106147 0.0991173 0.117116 0.1532 0.155685 0.213104 0.279885 0.331104 0.469929 0.764266 0.695891 0.490527
BD_Brms
 1.89519 0.836336 0.803848 0.426108 0.403143 0.85493 1.03389 1.6904 1.54329 1.78311 2.2799 1.58656 0.966719 0.557552 0.266729 0.192994 0.180213 0.212939 0.278545 0.283063 0.387461 0.508882 0.602007 0.854416 1.38957 1.26526 0.891868
S_f
 0.0765975 0.611813 0.967685 0.998246 0.999908
 0.0765975 0.611813 0.967685 0.998246 0.999908
 0.0765975 0.611813 0.967685 0.998246 0.999908
 0.0765975 0.611813 0.967685 0.998246 0.999908
 0.0765975 0.611813 0.967685 0.998246 0.999908
 0.0765975 0.611813 0.967685 0.998246 0.999908
 0.0765975 0.611813 0.967685 0.998246 0.999908
 0.0765975 0.611813 0.967685 0.998246 0.999908
 0.0765975 0.611813 0.967685 0.998246 0.999908
 0.0765975 0.611813 0.967685 0.998246 0.999908
 0.0765975 0.611813 0.967685 0.998246 0.999908
 0.0765975 0.611813 0.967685 0.998246 0.999908
 0.0765975 0.611813 0.967685 0.998246 0.999908
 0.0765975 0.611813 0.967685 0.998246 0.999908
 0.0765975 0.611813 0.967685 0.998246 0.999908
 0.0765975 0.611813 0.967685 0.998246 0.999908
 0.0765975 0.611813 0.967685 0.998246 0.999908
 0.0765975 0.611813 0.967685 0.998246 0.999908
 0.0765975 0.611813 0.967685 0.998246 0.999908
 0.0765975 0.611813 0.967685 0.998246 0.999908
 0.0765975 0.611813 0.967685 0.998246 0.999908
 0.0765975 0.611813 0.967685 0.998246 0.999908
 0.0765975 0.611813 0.967685 0.998246 0.999908
 0.0765975 0.611813 0.967685 0.998246 0.999908
 0.0765975 0.611813 0.967685 0.998246 0.999908
 0.0765975 0.611813 0.967685 0.998246 0.999908
 0.0765975 0.611813 0.967685 0.998246 0.999908
Scru_reclas
 0.226317 0.595493 0.881076 0.97388 0.994699
 0.226317 0.595493 0.881076 0.97388 0.994699
 0.226317 0.595493 0.881076 0.97388 0.994699
 0.226317 0.595493 0.881076 0.97388 0.994699
 0.226317 0.595493 0.881076 0.97388 0.994699
 0.226317 0.595493 0.881076 0.97388 0.994699
 0.226317 0.595493 0.881076 0.97388 0.994699
 0.226317 0.595493 0.881076 0.97388 0.994699
 0.226317 0.595493 0.881076 0.97388 0.994699
 0.226317 0.595493 0.881076 0.97388 0.994699
 0.226317 0.595493 0.881076 0.97388 0.994699
 0.226317 0.595493 0.881076 0.97388 0.994699
 0.226317 0.595493 0.881076 0.97388 0.994699
 0.226317 0.595493 0.881076 0.97388 0.994699
 0.226317 0.595493 0.881076 0.97388 0.994699
 0.226317 0.595493 0.881076 0.97388 0.994699
 0.226317 0.595493 0.881076 0.97388 0.994699
 0.226317 0.595493 0.881076 0.97388 0.994699
 0.226317 0.595493 0.881076 0.97388 0.994699
 0.226317 0.595493 0.881076 0.97388 0.994699
 0.226317 0.595493 0.881076 0.97388 0.994699
 0.226317 0.595493 0.881076 0.97388 0.994699
 0.226317 0.595493 0.881076 0.97388 0.994699
 0.226317 0.595493 0.881076 0.97388 0.994699
 0.226317 0.595493 0.881076 0.97388 0.994699
 0.226317 0.595493 0.881076 0.97388 0.994699
 0.226317 0.595493 0.881076 0.97388 0.994699
Scru_pelaces
 0.376637 0.75252 0.938661 0.987182 0.997427
 0.376637 0.75252 0.938661 0.987182 0.997427
 0.376637 0.75252 0.938661 0.987182 0.997427
 0.376637 0.75252 0.938661 0.987182 0.997427
 0.376637 0.75252 0.938661 0.987182 0.997427
 0.376637 0.75252 0.938661 0.987182 0.997427
 0.376637 0.75252 0.938661 0.987182 0.997427
 0.376637 0.75252 0.938661 0.987182 0.997427
 0.376637 0.75252 0.938661 0.987182 0.997427
 0.376637 0.75252 0.938661 0.987182 0.997427
 0.376637 0.75252 0.938661 0.987182 0.997427
 0.376637 0.75252 0.938661 0.987182 0.997427
 0.376637 0.75252 0.938661 0.987182 0.997427
 0.376637 0.75252 0.938661 0.987182 0.997427
 0.376637 0.75252 0.938661 0.987182 0.997427
 0.376637 0.75252 0.938661 0.987182 0.997427
 0.376637 0.75252 0.938661 0.987182 0.997427
 0.376637 0.75252 0.938661 0.987182 0.997427
 0.376637 0.75252 0.938661 0.987182 0.997427
 0.376637 0.75252 0.938661 0.987182 0.997427
 0.376637 0.75252 0.938661 0.987182 0.997427
 0.376637 0.75252 0.938661 0.987182 0.997427
 0.376637 0.75252 0.938661 0.987182 0.997427
 0.376637 0.75252 0.938661 0.987182 0.997427
 0.376637 0.75252 0.938661 0.987182 0.997427
 0.376637 0.75252 0.938661 0.987182 0.997427
 0.376637 0.75252 0.938661 0.987182 0.997427
pf_obs 
 0.256992 0.487395 0.22802 0.0275931 0
 0.321318 0.546541 0.124235 0.00734118 0.000564706
 0.182869 0.594174 0.210203 0.0122559 0.00049798
 0.330522 0.361315 0.267642 0.0388342 0.00168674
 0.649043 0.306663 0.0425973 0.00169635 0
 0.582887 0.30429 0.105238 0.00758474 0
 0.465427 0.430635 0.0974691 0.00646863 0
 0.296916 0.608066 0.0921331 0.00288517 0
 0.311714 0.524322 0.152257 0.0117073 0
 0.15457 0.633149 0.183074 0.0267441 0.00246327
 0.131901 0.49318 0.331252 0.0422183 0.00144891
 0.196976 0.569456 0.194076 0.0375587 0.00193317
 0.518974 0.381816 0.0799577 0.0180837 0.00116848
 0.0928022 0.601141 0.25162 0.0475244 0.00691264
 0.122501 0.610282 0.24278 0.0234846 0.000952079
 0.383417 0.481906 0.127806 0.00687128 0
 0.0376549 0.599619 0.316969 0.0457579 0
 0.0361596 0.667082 0.258105 0.0386534 0
 0.158088 0.579412 0.248529 0.0139706 0
 0.0477256 0.309471 0.559284 0.082774 0.000745712
 0.0406174 0.521527 0.379366 0.0568643 0.0016247
 0.151134 0.462217 0.34131 0.0453401 0
 0.294876 0.26143 0.354403 0.0886775 0.000613685
 0.281977 0.475581 0.204845 0.0348837 0.00271318
 0.0841818 0.532909 0.334909 0.0458182 0.00218182
 0.115287 0.27431 0.454777 0.147771 0.00785563
 0 0 0 0 0
pf_pred 
 0.137339 0.580147 0.250443 0.0320624 9.08178e-06
 0.268095 0.427309 0.241358 0.0563432 0.00689466
 0.0568209 0.759656 0.135146 0.038734 0.00964262
 0.199612 0.355499 0.408147 0.0276029 0.00913886
 0.387122 0.425196 0.112058 0.0696387 0.00598521
 0.128686 0.717213 0.121388 0.0197955 0.0129178
 0.434551 0.349861 0.197007 0.0148323 0.00374847
 0.253452 0.670599 0.0585402 0.0159825 0.00142584
 0.301227 0.558952 0.13348 0.00496108 0.00137973
 0.328876 0.566132 0.0952768 0.00930381 0.000411542
 0.164247 0.695271 0.128921 0.0105433 0.00101766
 0.169677 0.590867 0.221132 0.0169095 0.00141392
 0.297677 0.516676 0.157932 0.0257175 0.00199723
 0.264118 0.667116 0.0618998 0.00592041 0.000945235
 0.265005 0.694636 0.0397246 0.000579673 5.49649e-05
 0.303745 0.65262 0.0432388 0.00039141 5.34989e-06
 0.225312 0.669013 0.103198 0.0024568 2.07683e-05
 0.296804 0.558113 0.136678 0.00822251 0.000183198
 0.217992 0.645671 0.122328 0.0132454 0.000764454
 0.263901 0.536501 0.180887 0.0168792 0.00183178
 0.284458 0.56202 0.130829 0.0206757 0.00201683
 0.217608 0.590392 0.166789 0.0216188 0.00359145
 0.279478 0.503455 0.18463 0.0283433 0.00409402
 0.289772 0.555497 0.126706 0.0240121 0.00401348
 0.08444 0.71023 0.179456 0.0213733 0.00450119
 0.167573 0.349908 0.416369 0.0581296 0.00802023
 0.0741836 0.632348 0.168503 0.108496 0.0164695
pobs_RECLAS
 0 0 0 0 0
 0 0 0 0 0
 0 0 0 0 0
 0 0 0 0 0
 0.835266 0.146461 0.0176864 0.000547809 3.91292e-05
 0.385257 0.428462 0.181853 0.0044286 0
 0.867414 0.0963971 0.0333333 0.00285562 0
 0.441836 0.489002 0.0689373 0.000224442 0
 0.779404 0.147425 0.0564933 0.0165055 0.000172143
 0.814271 0.122319 0.05973 0.00367925 0
 0.40263 0.566651 0.0304383 0.000280538 0
 0.475488 0.404961 0.113038 0.00651328 0
 0.955842 0.0263864 0.0167828 0.000988607 0
 0.975058 0.0227948 0.00214734 0 0
 0.738997 0.206755 0.0527124 0.00153531 0
 0.850938 0.134255 0.0134407 0.00136685 0
 0.542534 0.407297 0.0501686 0 0
 0.764087 0.199537 0.0359546 0.000420521 0
 0.470689 0.182191 0.310203 0.0369168 0
 0.84361 0.089868 0.0606195 0.00523954 0.000663233
 0.607945 0.314616 0.071237 0.00620181 0
 0.523733 0.453247 0.0230204 0 0
 0.530135 0.295979 0.169645 0.0042399 0
 0.562478 0.366248 0.0663022 0.0049721 0
 0.250443 0.683176 0.0655157 0.000865301 0
 0.195077 0.31981 0.436473 0.0351445 0.0134964
 0.565238 0.351407 0.0832357 0.000118908 0
ppred_RECLAS
 0.339936 0.456822 0.178783 0.0244515 7.0611e-06
 0.548412 0.274316 0.138483 0.0344872 0.00430218
 0.178183 0.685368 0.0989009 0.029951 0.00759702
 0.452566 0.255914 0.265836 0.0192025 0.00648162
 0.661475 0.237877 0.0583823 0.03886 0.00340553
 0.333338 0.561605 0.0815347 0.014127 0.00939576
 0.72153 0.180047 0.0894047 0.00717118 0.00184742
 0.535461 0.423356 0.0312927 0.0090655 0.000824232
 0.601924 0.329217 0.0655458 0.00258108 0.0007315
 0.61656 0.32922 0.0489018 0.00508793 0.000229416
 0.40568 0.50797 0.0788438 0.0068342 0.000672229
 0.414374 0.434505 0.138881 0.0112784 0.000961155
 0.62548 0.293945 0.0680283 0.0116267 0.00091966
 0.646569 0.334128 0.0173371 0.00169166 0.000274662
 0.643617 0.345165 0.0110384 0.000164324 1.58453e-05
 0.609375 0.370856 0.0195794 0.00018695 2.60332e-06
 0.506304 0.436976 0.0553144 0.00139301 1.1999e-05
 0.590295 0.334911 0.0702053 0.00448643 0.000101876
 0.477399 0.439821 0.0737664 0.00851271 0.000500832
 0.547677 0.341131 0.100148 0.00994365 0.00109993
 0.558135 0.352984 0.0749583 0.0126628 0.00125935
 0.471381 0.407285 0.104424 0.0144611 0.00244926
 0.559289 0.316969 0.104166 0.0170636 0.00251267
 0.569025 0.343867 0.0704348 0.0142465 0.00242755
 0.227184 0.610596 0.140497 0.0178839 0.00383991
 0.399136 0.26543 0.28666 0.0427588 0.00601463
 0.215485 0.556358 0.127454 0.0872103 0.0134928
pobs_PELACES
 0 0 0 0 0
 0 0 0 0 0
 0 0 0 0 0
 0 0 0 0 0
 0 0 0 0 0
 0 0 0 0 0
 0 0 0 0 0
 0 0 0 0 0
 0 0 0 0 0
 0 0 0 0 0
 0.450072 0.473896 0.0757376 0.000293798 0
 0 0 0 0 0
 0.463077 0.371075 0.160297 0.00555027 0
 0.529543 0.364841 0.0842815 0.0213345 0
 0.631943 0.363953 0.00410389 0 0
 0.735681 0.248677 0.0153453 0.000297389 0
 0.695825 0.281241 0.0229344 0 0
 0.275771 0.60734 0.115278 0.00161068 0
 0 0 0 0 0
 0.896147 0.0623911 0.0374545 0.00400742 0
 0.803859 0.145111 0.0509908 3.86294e-05 0
 0.739449 0.233085 0.0266225 0.000797448 4.60066e-05
 0.878498 0.100942 0.0204185 0.000141795 0
 0.694673 0.275183 0.0284847 0.00165964 0
 0.469039 0.446079 0.0841089 0.000773354 0
 0.822795 0.102175 0.0682046 0.00682512 0
 0 0 0 0 0
ppred_PELACES
 0.457968 0.404906 0.121447 0.0156749 4.47586e-06
 0.682178 0.215395 0.0810738 0.0190089 0.00234442
 0.308492 0.613357 0.0577813 0.0162876 0.00408196
 0.591891 0.218839 0.173501 0.0118231 0.00394597
 0.738109 0.195196 0.0395359 0.0249927 0.00216646
 0.478296 0.462149 0.0469349 0.00761446 0.00500542
 0.82475 0.125528 0.0454261 0.00342372 0.000871916
 0.67988 0.300351 0.0152631 0.00413409 0.000371468
 0.747118 0.221719 0.0297623 0.00109392 0.000306367
 0.7324 0.239041 0.0259128 0.00253365 0.000112936
 0.567264 0.388276 0.0408337 0.0033051 0.000321269
 0.574912 0.342653 0.0761587 0.00578814 0.00048752
 0.797508 0.173877 0.0244479 0.00386534 0.000301988
 0.85615 0.140074 0.00342499 0.000302481 4.84508e-05
 0.852962 0.144824 0.0021825 2.94072e-05 2.79751e-06
 0.759948 0.232135 0.00784583 6.96136e-05 9.57714e-07
 0.669262 0.304623 0.0255112 0.000598691 5.09563e-06
 0.727677 0.235746 0.034469 0.002062 4.62779e-05
 0.607869 0.344844 0.0424171 0.00460203 0.000267663
 0.68763 0.253655 0.0532163 0.00495657 0.000541956
 0.663544 0.281812 0.0464939 0.0074209 0.000729802
 0.58828 0.335551 0.0660838 0.00863815 0.00144665
 0.682724 0.246005 0.060566 0.0093447 0.00136047
 0.685267 0.264847 0.0408008 0.0077755 0.00130995
 0.316429 0.567743 0.101093 0.0121541 0.0025805
 0.537126 0.235836 0.195659 0.0275477 0.00383159
 0.34443 0.512361 0.0823579 0.0527801 0.00807106
pobs_pel_tallas
 0 0 0 0 0 0 0 0 0 0 0 0 0 0 0 0 0 0 0 0 0 0 0 0 0 0 0 0 0 0 0 0 0 0 0 0
 0 0 0 0 0 0 0 0 0 0 0 0 0 0 0 0 0 0 0 0 0 0 0 0 0 0 0 0 0 0 0 0 0 0 0 0
 0 0 0 0 0 0 0 0 0 0 0 0 0 0 0 0 0 0 0 0 0 0 0 0 0 0 0 0 0 0 0 0 0 0 0 0
 0 0 0 0 0 0 0 0 0 0 0 0 0 0 0 0 0 0 0 0 0 0 0 0 0 0 0 0 0 0 0 0 0 0 0 0
 0 0 0 0 0 0 0 0 0 0 0 0 0 0 0 0 0 0 0 0 0 0 0 0 0 0 0 0 0 0 0 0 0 0 0 0
 0 0 0 0 0 0 0 0 0 0 0 0 0 0 0 0 0 0 0 0 0 0 0 0 0 0 0 0 0 0 0 0 0 0 0 0
 0 0 0 0 0 0 0 0 0 0 0 0 0 0 0 0 0 0 0 0 0 0 0 0 0 0 0 0 0 0 0 0 0 0 0 0
 0 0 0 0 0 0 0 0 0 0 0 0 0 0 0 0 0 0 0 0 0 0 0 0 0 0 0 0 0 0 0 0 0 0 0 0
 0 0 0 0 0 0 0 0 0 0 0 0 0 0 0 0 0 0 0 0 0 0 0 0 0 0 0 0 0 0 0 0 0 0 0 0
 0 0 0 0 0 0 0 0 0 0 0 0 0 0 0 0 0 0 0 0 0 0 0 0 0 0 0 0 0 0 0 0 0 0 0 0
 0 0 0 0 0 0 0 0 1.78061e-05 0.00172719 0.00360574 0.0105946 0.0120993 0.0124554 0.0147524 0.0171206 0.0266825 0.0428682 0.0675386 0.121331 0.153587 0.119568 0.100827 0.0573624 0.0630603 0.0341343 0.0324427 0.0444173 0.0211091 0.0280891 0.0125444 0.00206551 0 0 0 0
 0 0 0 0 0 0 0 0 0 0 0 0 0 0 0 0 0 0 0 0 0 0 0 0 0 0 0 0 0 0 0 0 0 0 0 0
 0 0 0 0 0 0 0.0133647 0.0140871 0.0187388 0.0205184 0.03894 0.0496705 0.03968 0.0493445 0.0407372 0.0367815 0.0215668 0.0243155 0.0234873 0.0199281 0.019796 0.0243948 0.0301388 0.0376714 0.0412746 0.0863199 0.0771752 0.113111 0.0741005 0.0525337 0.0229764 0.00759418 0.00175318 0 0 0
 0 0 0 0 0 0 0 0 0 0 0.00219441 0.00772107 0.0458388 0.0604681 0.0671733 0.0775358 0.0609151 0.0617685 0.073594 0.0568108 0.0755445 0.0548602 0.0670107 0.0636378 0.0643287 0.046367 0.0373049 0.0286899 0.0247887 0.0153202 0.00654259 0.00121912 0.000365735 0 0 0
 0 0 0 0 0 0 0 0 0 0 0 0 0.000112435 0.00938835 0.0111873 0.0202946 0.0414886 0.0713402 0.111592 0.104902 0.108894 0.110636 0.117776 0.105296 0.107544 0.0401394 0.0192827 0.0124803 0.00416011 0.0028671 0.000618394 0 0 0 0 0
 0 0 0 0 0 0 0 0 0 0 0.00291406 0.0102884 0.027416 0.0768956 0.0749926 0.110853 0.0956884 0.0897413 0.0766577 0.0534642 0.0500743 0.0551293 0.0594112 0.0620874 0.0668451 0.0424026 0.0208742 0.0120726 0.0048766 0.00582813 0.00118941 0.000297354 0 0 0 0
 0 0.00264628 0.0354308 0.0461629 0.0458689 0.0383711 0.0214643 0.0164657 0.0346957 0.0420465 0.0363128 0.0245516 0.0311673 0.0291091 0.0169068 0.0133784 0.00837989 0.0085269 0.0148486 0.0160247 0.0276389 0.0546898 0.0760071 0.122758 0.109233 0.0665981 0.0333725 0.0166128 0.00676272 0.00308733 0.000882094 0 0 0 0 0
 0 0 0 0 0 0 0 0.000805153 0.000690131 0.00759144 0.0133425 0.0154129 0.00931677 0.000345066 0.00356568 0.00563607 0.00851162 0.0253048 0.0502646 0.0516448 0.0657925 0.0565908 0.0611916 0.0827007 0.0866115 0.110766 0.145733 0.0935128 0.0569358 0.0249597 0.0138026 0.00621118 0.00161031 0.00115022 0 0
 0 0 0 0 0 0 0 0 0 0 0 0 0 0 0 0 0 0 0 0 0 0 0 0 0 0 0 0 0 0 0 0 0 0 0 0
 0.00147267 0.00158595 0.00478618 0.00569244 0.00954404 0.0108468 0.00647125 0.017049 0.0510054 0.094081 0.124002 0.0959785 0.0687766 0.0820023 0.061753 0.0591476 0.0492212 0.0479892 0.0443925 0.0268479 0.0217502 0.0140895 0.0121071 0.0120363 0.00920419 0.00665534 0.0049561 0.00860946 0.00930331 0.0156896 0.0114698 0.00855282 0.00243557 0.00046729 0 2.83206e-05
 0 0 0 0 0.000772559 0.00158375 0.000888443 0.00281984 0.00712685 0.0440552 0.0773331 0.111326 0.0921469 0.0852325 0.0710754 0.0886704 0.0786465 0.0553345 0.0373146 0.0185414 0.00753245 0.00457741 0.012979 0.0271748 0.0457355 0.0583668 0.034881 0.0177882 0.00938659 0.00492506 0.0015258 0.00185414 0.000309023 5.79419e-05 3.86279e-05 0
 0 0.00173294 0.00326652 0 0.00397197 0.00683976 0.00946217 0.0152591 0.00757587 0.0136028 0.0228656 0.0392903 0.0559909 0.0764795 0.0681675 0.0726916 0.0566044 0.0477403 0.0527397 0.0444891 0.0609904 0.0582453 0.0661739 0.0445044 0.0529084 0.0360697 0.0280645 0.0235558 0.0158879 0.00826598 0.00280645 0.00217768 0.000904811 0.00058276 9.20147e-05 0
 0 0 0 0 0 0 0 0 0 0 0 0 0 0 0 0 0 0 0 0 0 0 0 0 0 0 0 0 0 0 0 0 0 0 0 0
 0 0 0 0 0 0 0 0 0 0 0 0 0 0 0 0 0 0 0 0 0 0 0 0 0 0 0 0 0 0 0 0 0 0 0 0
 0 0 0 0 0 0 0 0 0 0 0 0 0 0 0 0 0 0 0 0 0 0 0 0 0 0 0 0 0 0 0 0 0 0 0 0
 0 0 0 0 0 0 0 0 0 0 0 0 0 0 0 0 0 0 0 0 0 0 0 0 0 0 0 0 0 0 0 0 0 0 0 0
 0 0 0 0 0 0 0 0 0 0 0 0 0 0 0 0 0 0 0 0 0 0 0 0 0 0 0 0 0 0 0 0 0 0 0 0
ppred_pel_tallas
 1.02395e-16 1.99989e-05 0.000117335 0.000557665 0.00214689 0.00669475 0.0169107 0.034604 0.0573693 0.0770732 0.0839445 0.0742201 0.053511 0.0320003 0.0169723 0.00993598 0.00884949 0.0112457 0.0155656 0.0210006 0.0269943 0.0329609 0.038247 0.0422245 0.0444224 0.0446307 0.042941 0.0397059 0.0354383 0.030685 0.0259169 0.0214647 0.0175074 0.0140995 0.0112176 0.00880438
 1.01984e-16 2.97677e-05 0.000174704 0.000830444 0.00319722 0.00997022 0.025184 0.0515304 0.0854192 0.114721 0.124854 0.110166 0.0789378 0.046225 0.0227269 0.0105129 0.00636482 0.00648087 0.00852183 0.0114329 0.0147301 0.0180613 0.0210734 0.0234301 0.0248745 0.0252828 0.024686 0.02325 0.0212243 0.0188782 0.0164451 0.0140917 0.0119125 0.0099448 0.00819161 0.00664266
 1.01771e-16 1.34893e-05 7.90988e-05 0.000375847 0.00144677 0.00451141 0.0113961 0.0233222 0.0386753 0.0519891 0.056704 0.0503251 0.0366964 0.0227718 0.0135836 0.0102936 0.0116662 0.0161308 0.0226278 0.0304555 0.0389129 0.047132 0.0541261 0.0589644 0.0609819 0.0599381 0.0560741 0.0500389 0.042721 0.0350387 0.0277582 0.0213873 0.0161556 0.0120644 0.00897073 0.0066718
 1.03125e-16 2.58311e-05 0.000151592 0.000720565 0.00277416 0.0086509 0.0218516 0.044712 0.0741181 0.0995474 0.108351 0.095629 0.0685765 0.0402694 0.0200099 0.00961763 0.00632853 0.00687183 0.00924016 0.0125285 0.0163093 0.0202484 0.0239908 0.0271803 0.0295215 0.0308345 0.0310809 0.0303516 0.0288265 0.0267208 0.0242403 0.0215543 0.0187915 0.0160485 0.0134032 0.0109234
 1.01585e-16 3.22056e-05 0.000189019 0.000898504 0.00345928 0.0107874 0.0272482 0.0557537 0.0924187 0.124118 0.135071 0.119156 0.0853259 0.0498574 0.0243097 0.0109009 0.00612639 0.00585367 0.00754207 0.0100564 0.0128989 0.0157342 0.0182406 0.0201191 0.0211495 0.0212389 0.0204394 0.0189271 0.0169518 0.0147745 0.0126142 0.0106179 0.00885688 0.0073419 0.00604889 0.0049418
 1.01313e-16 2.08874e-05 0.000122546 0.000582432 0.00224223 0.00699205 0.0176617 0.0361411 0.0599183 0.0805004 0.0876842 0.0775428 0.0559418 0.0335235 0.0179045 0.0106691 0.00968947 0.0123842 0.0171058 0.0229718 0.0293451 0.035546 0.0408258 0.0444821 0.0460122 0.045234 0.0423275 0.0377806 0.0322621 0.0264638 0.0209639 0.0161464 0.0121862 0.00908634 0.00674089 0.00499823
 1.00845e-16 3.59808e-05 0.000211188 0.00100392 0.00386517 0.0120532 0.0304453 0.0622947 0.103258 0.138667 0.150882 0.133051 0.0951604 0.0553709 0.0265634 0.0111745 0.00524784 0.00413703 0.00500089 0.00660792 0.0084844 0.0103783 0.0120742 0.0133741 0.014129 0.0142693 0.0138174 0.0128762 0.0115986 0.0101493 0.00867149 0.00726776 0.00599622 0.00487862 0.00391387 0.00309058
 1.00474e-16 2.96708e-05 0.000174127 0.000827688 0.00318658 0.00993702 0.0251003 0.0513596 0.0851384 0.114351 0.12447 0.109869 0.0788188 0.0463428 0.0231316 0.0112767 0.00759588 0.00830963 0.0110679 0.0147618 0.0188094 0.0227271 0.02602 0.0282323 0.029043 0.0283431 0.0262628 0.0231344 0.0194078 0.0155462 0.0119342 0.00882469 0.00632857 0.00443922 0.00307521 0.0021234
 1.00547e-16 3.25995e-05 0.000191329 0.000909481 0.00350154 0.0109192 0.0275811 0.056435 0.0935486 0.125637 0.136729 0.120631 0.0864079 0.0505416 0.0247394 0.0112543 0.00654558 0.00643174 0.00833444 0.0110863 0.0141527 0.0171534 0.0197188 0.0215084 0.0222783 0.0219371 0.0205669 0.0183977 0.0157472 0.0129459 0.0102719 0.0079127 0.00595687 0.00441169 0.00323218 0.00235046
 1.00539e-16 3.19584e-05 0.000187563 0.000891577 0.00343259 0.0107042 0.027038 0.055324 0.0917076 0.123167 0.134046 0.118275 0.0847468 0.0496227 0.0243878 0.0112599 0.00677643 0.00684411 0.00893443 0.0118927 0.0151739 0.018375 0.0210987 0.0229796 0.0237567 0.0233351 0.0218079 0.0194277 0.0165416 0.0135091 0.0106319 0.00811134 0.00604054 0.00442331 0.00320624 0.00231121
 1.00835e-16 2.47638e-05 0.000145311 0.000690673 0.00265901 0.00829178 0.0209447 0.0428576 0.0710489 0.0954398 0.103918 0.0918081 0.0660349 0.0391748 0.0202003 0.0109191 0.00873754 0.0105458 0.0143872 0.0192816 0.0246189 0.0298097 0.0342205 0.0372592 0.0385029 0.0377984 0.035298 0.0314136 0.0267106 0.0217745 0.0170961 0.013003 0.00964639 0.00703168 0.00507089 0.00363565
 1.01415e-16 2.50956e-05 0.000147263 0.00069996 0.00269478 0.00840334 0.0212264 0.0434338 0.0720026 0.0967168 0.105298 0.0930008 0.0668362 0.039537 0.0201802 0.0105797 0.00809089 0.00955464 0.012997 0.0174562 0.022371 0.0272201 0.0314449 0.0345168 0.0360473 0.0358764 0.0341052 0.03106 0.0272029 0.0230206 0.0189278 0.0152098 0.0120122 0.00936499 0.00722457 0.005515
 1.00551e-16 3.47948e-05 0.000204221 0.000970784 0.00373758 0.0116553 0.0294404 0.0602389 0.0998522 0.134097 0.145921 0.128705 0.0921134 0.0537217 0.0260033 0.0113351 0.00591058 0.00524775 0.00659411 0.00873049 0.0111447 0.0135172 0.0155547 0.0169898 0.0176307 0.0174044 0.0163733 0.0147151 0.0126757 0.0105111 0.00843657 0.00659694 0.00506082 0.00383418 0.00288322 0.00215713
 1.00108e-16 3.73505e-05 0.000219228 0.00104214 0.00401232 0.0125121 0.0316045 0.0646665 0.10719 0.143947 0.156628 0.13812 0.0987909 0.0574927 0.0275973 0.0116338 0.00549232 0.00434382 0.00522827 0.00685148 0.00870167 0.010496 0.0119928 0.0129784 0.0133043 0.0129223 0.0118966 0.0103864 0.00860612 0.00677555 0.00507701 0.00362977 0.00248503 0.00163763 0.00104622 0.000653927
 1.0008e-16 3.72116e-05 0.000218413 0.00103826 0.00399739 0.0124655 0.0314869 0.0644259 0.106791 0.143412 0.156047 0.137611 0.0984329 0.057297 0.0275269 0.0116445 0.00555726 0.00445527 0.0053891 0.00706665 0.00897274 0.010818 0.0123531 0.0133573 0.0136778 0.0132653 0.0121877 0.0106109 0.00875795 0.00685728 0.00509825 0.0036044 0.00242839 0.00156408 0.000967507 0.000578525
 1.0019e-16 3.31594e-05 0.000194615 0.000925101 0.00356167 0.0111067 0.0280548 0.0574042 0.0951554 0.127796 0.139079 0.122706 0.0878989 0.0514225 0.0251864 0.0114826 0.00670897 0.00660977 0.00855698 0.0113545 0.0144469 0.0174344 0.0199295 0.0215794 0.0221373 0.021522 0.0198386 0.0173493 0.0144077 0.011377 0.00855907 0.00615167 0.00424067 0.00281897 0.0018198 0.00115062
 1.00483e-16 2.9208e-05 0.00017141 0.000814768 0.00313684 0.00978188 0.0247084 0.0505579 0.0838097 0.112567 0.12253 0.108163 0.0776071 0.0456553 0.0228347 0.0112091 0.00765085 0.0084435 0.0112753 0.0150526 0.0191953 0.0232161 0.0266129 0.0289213 0.0298122 0.0291695 0.0271186 0.02399 0.0202342 0.016317 0.0126278 0.00942543 0.00682731 0.00483385 0.00337022 0.00232887
 1.0064e-16 3.17524e-05 0.000186354 0.000885827 0.00341046 0.0106352 0.0268637 0.0549672 0.0911161 0.122372 0.133181 0.117512 0.0841989 0.0493003 0.0242267 0.0111815 0.00672527 0.006792 0.00887147 0.0118193 0.0150973 0.0183089 0.0210624 0.0229958 0.0238485 0.0235215 0.0220996 0.0198243 0.0170307 0.0140677 0.0112294 0.00871445 0.00661798 0.00494947 0.00366365 0.00269123
 1.00886e-16 2.65327e-05 0.000155699 0.00074007 0.00284922 0.00888494 0.0224429 0.0459227 0.0761281 0.102256 0.111324 0.0983103 0.0706245 0.0417224 0.0211923 0.0109403 0.00815738 0.00949098 0.0128454 0.0172022 0.0219752 0.0266311 0.030606 0.0333729 0.0345539 0.0340087 0.0318671 0.0284887 0.0243689 0.0200223 0.0158811 0.0122347 0.00921894 0.00684223 0.00503194 0.00368033
 1.01034e-16 3.00069e-05 0.000176105 0.000837098 0.00322283 0.0100501 0.0253858 0.0519434 0.0861048 0.115645 0.125867 0.111078 0.0796301 0.0467087 0.0231093 0.0109298 0.006936 0.00729876 0.00965062 0.012902 0.0165205 0.0200926 0.0231997 0.0254505 0.0265585 0.0264069 0.025073 0.0228005 0.0199336 0.0168343 0.0138099 0.0110713 0.00872487 0.00679049 0.00523344 0.00399501
 1.01041e-16 2.89578e-05 0.000169943 0.000807797 0.00311001 0.00969822 0.0244971 0.0501253 0.083092 0.111602 0.121475 0.107222 0.0769112 0.0452042 0.0225326 0.0109365 0.00731019 0.00796816 0.0106247 0.0142112 0.0181782 0.0220753 0.0254395 0.0278382 0.0289582 0.0286769 0.0270895 0.0244769 0.021231 0.0177607 0.0144113 0.011416 0.00888779 0.00684051 0.0052253 0.00396656
 1.01412e-16 2.56782e-05 0.000150684 0.000716225 0.00275741 0.00859865 0.0217197 0.0444431 0.0736753 0.0989622 0.107739 0.0951474 0.0683588 0.0403974 0.0205449 0.0106498 0.00799825 0.00935173 0.0126885 0.017029 0.0218113 0.0265218 0.0306135 0.0335705 0.0350157 0.0347966 0.0330181 0.030005 0.0262143 0.0221255 0.0181448 0.0145495 0.0114773 0.00895121 0.00692209 0.00530949
 1.01325e-16 2.97927e-05 0.000174848 0.000831123 0.00319983 0.00997834 0.0252046 0.0515727 0.0854901 0.114819 0.124967 0.110281 0.0790532 0.0463593 0.0229163 0.0108056 0.00681534 0.00714408 0.00944392 0.0126385 0.0162077 0.0197513 0.0228645 0.0251667 0.0263769 0.0263754 0.0252281 0.0231605 0.020495 0.0175721 0.014682 0.0120255 0.00970593 0.00774759 0.00612498 0.00479153
 1.00994e-16 2.99043e-05 0.000175501 0.000834227 0.00321177 0.0100156 0.0252987 0.0517653 0.0858099 0.11525 0.12544 0.110706 0.0793771 0.0465867 0.0230977 0.0110048 0.00708882 0.00753496 0.00998161 0.0133352 0.0170517 0.0207012 0.0238475 0.0260848 0.0271196 0.0268383 0.0253322 0.0228673 0.0198133 0.0165555 0.0134182 0.0106199 0.00826502 0.00636433 0.00486958 0.00370764
 1.02159e-16 1.38337e-05 8.11245e-05 0.000385486 0.0014839 0.0046272 0.0116885 0.0239202 0.0396653 0.0533148 0.0581365 0.0515648 0.0375318 0.023155 0.0135758 0.00996344 0.0110304 0.0151556 0.0212619 0.028666 0.0367151 0.0446093 0.0514353 0.0563235 0.0586402 0.0581345 0.0549931 0.0497764 0.0432688 0.0362906 0.0295355 0.0234744 0.0183377 0.0141579 0.0108422 0.00824389
 1.0398e-16 2.34439e-05 0.000137575 0.000653923 0.00251756 0.00785072 0.0198304 0.0405767 0.0672643 0.090346 0.0983458 0.086823 0.0623147 0.0366995 0.0184362 0.00919727 0.00649678 0.00738623 0.0100547 0.0136767 0.0178412 0.0222033 0.026385 0.0300033 0.0327361 0.0343816 0.034886 0.0343315 0.0328938 0.0307874 0.028219 0.0253614 0.0223502 0.0192932 0.0162842 0.0134114
 1.03527e-16 1.50523e-05 8.82842e-05 0.000419536 0.00161502 0.00503611 0.0127213 0.0260329 0.0431656 0.0580101 0.0632314 0.0560243 0.0406487 0.024822 0.0141012 0.00971297 0.0102114 0.0138029 0.019317 0.0260594 0.0334231 0.0406889 0.0470402 0.0516991 0.0540967 0.0540042 0.0515799 0.0473114 0.0418804 0.0359953 0.0302482 0.0250322 0.020531 0.0167601 0.0136358 0.0110385
pSPR Fmed_Fpbrs
0.538378   0.6 0.325
Fs Fmed_Fpbrs
0.64   0.488137 1.75724
SSBpbr Bo_Bmed_Bpbrs
496912  242681  273302 136651
Ro
24343
SPR SPRFo_SPRFmed_SPRFpbrs
502786 270689 163406
log_Ro
9.92
likeval ReclasPelacesDesembMPH_pf_preclas_ppelaces_ptallas_desvR_qrecl_qpela
 79.2064 12.1049 0.122566 0.000505819 340.505 211.52 56.5862 0 23.6728 4.67894e-05 0.00025503 1.23555e-13 0 0 0
q_reclas_q_pelaces
2.63609 9.69878
M
0.7
N
 23262.5 14763.5 4511.93 565.243 0.159923
 43159.8 10855.4 4461.62 1021.42 124.861
 7556.28 19782.2 2842.37 805.098 200.3
 11780.9 3175.9 2592.38 171.621 56.7565
 38213.6 5482.77 939.336 567.225 48.6763
 19102.5 18714.2 2436.42 391.303 255.143
 63545 8398.83 3514.9 259.946 65.6324
 59999.4 28695.3 1952.63 525.535 46.849
 75409.8 26083.6 4924.27 180.606 50.1935
 114817 32368.3 4043.39 387.812 17.1381
 66279 51896.2 7580.99 611.649 58.9953
 46178.6 28540.9 8254.66 621.864 51.9573
 53675.6 20224.8 5196.9 838.557 65.0913
 29119.7 21526.4 1822.43 173.526 27.6981
 12898.2 9894.95 516.308 7.50036 0.711022
 10119.8 4382.84 237.329 2.1249 0.0290269
 7369.31 4199.41 518.713 12.1968 0.103038
 9408.04 3124.37 589.897 34.9563 0.778204
 8583.55 4128.65 578.028 61.4526 3.54329
 11282.3 3892.14 992.014 91.0476 9.87212
 17372.8 5030.13 817.084 126.212 12.2966
 20148.8 8179.39 1632.02 206.963 34.3421
 33405 9416.3 2501.18 376.416 54.3138
 51557.1 15358.9 2527.76 469.477 78.3862
 19141.4 23765.5 4208.01 490.028 103.076
 28775.3 8988.92 7553.88 1031.79 142.192
 9020.49 13448.5 2749.97 1743.51 264.446
pred_Ctot
 1012.17 4275.61 1845.74 236.296 0.0669316
 2401.18 3827.19 2161.72 504.636 61.7519
 842.879 11268.7 2004.75 574.579 143.038
 534.189 951.364 1092.26 73.8691 24.4568
 379.848 417.206 109.953 68.3302 5.87275
 1585.58 8837.02 1495.66 243.908 159.164
 4164.97 3353.26 1888.22 142.16 35.9274
 5416.15 14330.4 1250.98 341.538 30.4695
 7417.75 13764.3 3286.95 122.167 33.976
 7455.34 12833.7 2159.84 210.909 9.3293
 6384.23 27025 5011.1 409.814 39.556
 3948.61 13750.3 5146.05 393.507 32.9038
 7518.63 13050 3989 649.565 50.4453
 6757.21 17067.5 1583.65 151.468 24.1829
 2993.02 7845.36 448.658 6.54694 0.620785
 1208.55 2596.66 172.04 1.55735 0.0212863
 782.08 2322.21 358.211 8.5278 0.0720889
 792.379 1490 364.889 21.9517 0.489083
 539.138 1596.88 302.542 32.7585 1.89065
 834.291 1696.08 571.85 53.3614 5.79096
 650.338 1284.91 299.106 47.2694 4.61095
 856.433 2323.58 656.426 85.0842 14.1347
 1788.56 3221.94 1181.57 181.387 26.2003
 2671.86 5122 1168.3 221.406 37.0066
 750.288 6310.72 1594.55 189.912 39.9951
 1221.99 2551.63 3036.29 423.899 58.4859
 737.096 6283.07 1674.26 1078.02 163.642
F
 0.0621788 0.496646 0.785529 0.810337 0.811686
 0.0801292 0.640023 1.0123 1.04427 1.04601
 0.166789 1.3322 2.1071 2.17365 2.17727
 0.0648739 0.518173 0.819577 0.84546 0.846867
 0.0139069 0.11108 0.175691 0.18124 0.181542
 0.121726 0.972273 1.53781 1.58638 1.58902
 0.0950141 0.758914 1.20035 1.23826 1.24032
 0.13303 1.06256 1.68061 1.73369 1.73658
 0.145757 1.16422 1.84141 1.89956 1.90273
 0.0940905 0.751537 1.18868 1.22622 1.22826
 0.142533 1.13847 1.80068 1.85754 1.86064
 0.125608 1.00328 1.58685 1.63696 1.63969
 0.213679 1.70674 2.69949 2.78474 2.78938
 0.37939 3.03033 4.79298 4.94434 4.95257
 0.37939 3.03033 4.79298 4.94434 4.95257
 0.179546 1.4341 2.26827 2.3399 2.3438
 0.158093 1.26275 1.99725 2.06033 2.06376
 0.123616 0.987365 1.56168 1.611 1.61368
 0.0908892 0.725967 1.14824 1.1845 1.18647
 0.107791 0.860972 1.36177 1.40478 1.40712
 0.0532873 0.425627 0.6732 0.69446 0.695616
 0.0607026 0.484855 0.76688 0.791098 0.792415
 0.0770101 0.615109 0.972898 1.00362 1.00529
 0.0744555 0.594705 0.940625 0.97033 0.971946
 0.0558597 0.446173 0.705697 0.727983 0.729195
 0.0606459 0.484402 0.766163 0.790359 0.791675
 0.11973 0.956331 1.5126 1.56037 1.56296
Np
 15349.2 7342.48 1463.92 794.673 119.763
YTP_r0W_actual
 1956.47 54870 24018.8 19941.1 3360.91
YTP_p0W_proyectada
 3329.13 16213.8 22416.2 3441.38 2551.91
 3329.13 29957.3 12786.2 9088.93 1522.1
CTP_r0_actual
 238.594 2540.28 764.929 497.283 75.5261
CTP_p0_proyectada
 405.991 750.641 713.892 85.8201 57.3462
 405.991 1386.91 407.203 226.657 34.2046
Wmedp
 8.2 21.6 31.4 40.1 44.5
nmprior
 10.8 10.6 4.6 0
nm_flota  nm_reclas  nm_pelaces    nm_pelaL
inf 20.4308 14.8164 43.555
cv_recla  cv_pelaces  cv_mph
0.770745 0.381129 0.601082
 ------------------------------------------------
Talla a la edad & desviaci?n 
 7.2 14.2025 17.0495 18.207 18.6776
 1.08 2.13037 2.55742 2.73105 2.80164
