years
 1997 1998 1999 2000 2001 2002 2003 2004 2005 2006 2007 2008 2009 2010 2011 2012 2013 2014 2015 2016 2017 2018 2019 2020 2021 2022 2023
reclasobs
 0 0 0 370054 412103 1.49427e+06 250295 1.28982e+06 931140 785840 897777 1.04006e+06 184774 17550 25797 100020 73551 82996 120727 218422 84188 347160 605670 569463 516374 1.08416e+06 1.01767e+06
reclaspred
 450423 131347 437994 313514 424586 504159 1.08339e+06 695994 733983 624165 479221 317562 193616 88927.1 63445.6 66587.5 84746.6 120387 131000 185964 262628 238434 416293 575585 721813 735336 765418
pelacesobs
 0 0 0 0 0 0 0 0 0 2.06254e+06 1.5e+06 0 1.87456e+06 323000 250000 174000 83755 137374 0 501740 490994 745055 786931 1.00524e+06 1.33801e+06 1.41789e+06 0
pelacespred
 1.79691e+06 455582 924189 1.00986e+06 1.16359e+06 1.15654e+06 2.76168e+06 2.27003e+06 2.08755e+06 1.80167e+06 1.23621e+06 841181 507730 192626 136767 154065 205161 295715 329979 458176 719095 637195 908412 1.40765e+06 1.75913e+06 1.96387e+06 1.94875e+06
mphobs
 0 0 0 0 0 112323 0 153150 637223 0 255016 313432 73983 77613 109348 50772 17779 17303 59886 28197 0 207744 136588 643089 65757 70829 0
mphpred
 119366 80173.7 104914 139275 136566 198816 299165 343811 283031 269188 235533 161737 98678.8 51573.9 24776.2 22042.5 27589.1 38809.4 50178.4 58846.4 86400.2 100066 125671 181850 274579 303464 281610
desembarqueobs
 350755 77701 442110 56441 14545 235359 269955 359681 431902 328805 639364 411747 362871 311530 167758 66681 60226 58785 57116 73181 50977 67692 138656 160484 209506 203330 245020
desembarquepred
 350767 77705.3 442162 56443.2 14545.1 235401 269987 359716 431983 328868 639736 412083 363334 312094 167832 66697.5 60248.9 58789.3 57114.5 73184.3 50978.5 67689.2 138662 160492 209504 203327 245015
Reclutas
 66927.1 83417.3 52920 76761 126943 96478.9 144149 127824 143307 131404 66342.4 40680.4 42700.4 23720.1 18555.4 22701.6 18405.4 22425.5 25480.7 42696.9 52651.9 68369.7 113803 162739 76579.1 113072 169872
log_desv_Rt
 0.0513593 0.271611 -0.183464 0.188452 0.691491 0.41708 0.818603 0.698413 0.812742 0.726033 0.0425843 -0.446499 -0.398037 -0.985921 -1.23148 -1.02981 -1.2396 -1.04205 -0.914324 -0.398117 -0.188542 0.0726854 0.582227 0.9399 0.18608 0.575782 0.982803
SSB
 796946 535278 700454 929870 911778 1.32739e+06 1.99737e+06 2.29545e+06 1.88965e+06 1.79723e+06 1.57253e+06 1.07984e+06 658827 344332 165418 147166 184198 259111 335015 392887 576849 668086 839042 1.21412e+06 1.83322e+06 2.02607e+06 1.88017e+06
BT
 2.76165e+06 755990 1.50905e+06 1.44543e+06 1.60748e+06 1.77366e+06 3.9719e+06 3.52603e+06 3.26119e+06 2.79257e+06 2.28179e+06 1.53682e+06 1.05425e+06 564178 329986 266366 330733 452761 501693 688253 1.02847e+06 938121 1.34283e+06 2.06181e+06 2.57479e+06 2.87093e+06 2.8816e+06
Ftot
 0.378726 0.279304 0.381818 0.0710421 0.015175 0.15765 0.0985873 0.199891 0.232989 0.198677 0.439476 0.416925 0.665446 1.18532 1.11586 0.428556 0.298951 0.199856 0.162258 0.166182 0.0791226 0.106001 0.12636 0.117436 0.0974732 0.0964614 0.121899
BD_Bspro_t
 0.955066 0.794137 0.769657 0.672973 0.772272 0.866923 0.841616 0.84465 0.793857 0.751535 0.705352 0.55136 0.435345 0.321198 0.203687 0.220348 0.33526 0.500618 0.619381 0.705051 0.793309 0.853315 0.858894 0.865144 0.87783 0.855917 0.845634
BD_Bspro
 0.606908 0.407637 0.533425 0.708136 0.694357 1.01086 1.52108 1.74808 1.43905 1.36867 1.19755 0.82234 0.501725 0.262224 0.125973 0.112073 0.140275 0.197324 0.255128 0.2992 0.439295 0.508776 0.638966 0.924605 1.39608 1.54294 1.43183
BD_Bo
 0.310019 0.208228 0.272483 0.361728 0.354689 0.516366 0.776994 0.89295 0.735092 0.699138 0.611728 0.420065 0.256289 0.133948 0.064349 0.0572489 0.0716548 0.100796 0.130324 0.152836 0.224399 0.259891 0.326395 0.472304 0.713139 0.78816 0.731401
BD_Brms
 0.563671 0.378596 0.495423 0.657687 0.64489 0.938848 1.41272 1.62355 1.33653 1.27116 1.11223 0.763755 0.465981 0.243542 0.116998 0.104089 0.130281 0.183266 0.236952 0.277884 0.407999 0.47253 0.593445 0.858734 1.29662 1.43302 1.32982
S_f
 0.18984 1 1 1 1
 0.18984 1 1 1 1
 0.18984 1 1 1 1
 0.18984 1 1 1 1
 0.18984 1 1 1 1
 0.18984 1 1 1 1
 0.18984 1 1 1 1
 0.18984 1 1 1 1
 0.18984 1 1 1 1
 0.18984 1 1 1 1
 0.18984 1 1 1 1
 0.18984 1 1 1 1
 0.18984 1 1 1 1
 0.18984 1 1 1 1
 0.18984 1 1 1 1
 0.18984 1 1 1 1
 0.18984 1 1 1 1
 0.18984 1 1 1 1
 0.18984 1 1 1 1
 0.18984 1 1 1 1
 0.18984 1 1 1 1
 0.18984 1 1 1 1
 0.18984 1 1 1 1
 0.18984 1 1 1 1
 0.18984 1 1 1 1
 0.18984 1 1 1 1
 0.18984 1 1 1 1
Scru_reclas
 0.979693 1 1 1 1
 0.979693 1 1 1 1
 0.979693 1 1 1 1
 0.979693 1 1 1 1
 0.979693 1 1 1 1
 0.979693 1 1 1 1
 0.979693 1 1 1 1
 0.979693 1 1 1 1
 0.979693 1 1 1 1
 0.979693 1 1 1 1
 0.979693 1 1 1 1
 0.979693 1 1 1 1
 0.979693 1 1 1 1
 0.979693 1 1 1 1
 0.979693 1 1 1 1
 0.979693 1 1 1 1
 0.979693 1 1 1 1
 0.979693 1 1 1 1
 0.979693 1 1 1 1
 0.979693 1 1 1 1
 0.979693 1 1 1 1
 0.979693 1 1 1 1
 0.979693 1 1 1 1
 0.979693 1 1 1 1
 0.979693 1 1 1 1
 0.979693 1 1 1 1
 0.979693 1 1 1 1
Scru_pelaces
 1 1 1 1 1
 1 1 1 1 1
 1 1 1 1 1
 1 1 1 1 1
 1 1 1 1 1
 1 1 1 1 1
 1 1 1 1 1
 1 1 1 1 1
 1 1 1 1 1
 1 1 1 1 1
 1 1 1 1 1
 1 1 1 1 1
 1 1 1 1 1
 1 1 1 1 1
 1 1 1 1 1
 1 1 1 1 1
 1 1 1 1 1
 1 1 1 1 1
 1 1 1 1 1
 1 1 1 1 1
 1 1 1 1 1
 1 1 1 1 1
 1 1 1 1 1
 1 1 1 1 1
 1 1 1 1 1
 1 1 1 1 1
 1 1 1 1 1
pf_obs 
 0.256992 0.487395 0.22802 0.0275931 0
 0.321318 0.546541 0.124235 0.00734118 0.000564706
 0.182869 0.594174 0.210203 0.0122559 0.00049798
 0.330522 0.361315 0.267642 0.0388342 0.00168674
 0.649043 0.306663 0.0425973 0.00169635 0
 0.582887 0.30429 0.105238 0.00758474 0
 0.465427 0.430635 0.0974691 0.00646863 0
 0.296916 0.608066 0.0921331 0.00288517 0
 0.311714 0.524322 0.152257 0.0117073 0
 0.15457 0.633149 0.183074 0.0267441 0.00246327
 0.131901 0.49318 0.331252 0.0422183 0.00144891
 0.196976 0.569456 0.194076 0.0375587 0.00193317
 0.518974 0.381816 0.0799577 0.0180837 0.00116848
 0.0928022 0.601141 0.25162 0.0475244 0.00691264
 0.122501 0.610282 0.24278 0.0234846 0.000952079
 0.383417 0.481906 0.127806 0.00687128 0
 0.0376549 0.599619 0.316969 0.0457579 0
 0.0361596 0.667082 0.258105 0.0386534 0
 0.158088 0.579412 0.248529 0.0139706 0
 0.0477256 0.309471 0.559284 0.082774 0.000745712
 0.0406174 0.521527 0.379366 0.0568643 0.0016247
 0.151134 0.462217 0.34131 0.0453401 0
 0.294876 0.26143 0.354403 0.0886775 0.000613685
 0.281977 0.475581 0.204845 0.0348837 0.00271318
 0.0841818 0.532909 0.334909 0.0458182 0.00218182
 0.115287 0.27431 0.454777 0.147771 0.00785563
 0 0 0 0 0
pf_pred 
 0.376748 0.440355 0.163619 0.019267 1.08709e-05
 0.308734 0.547245 0.101757 0.0378092 0.00445475
 0.175102 0.600575 0.177586 0.0330213 0.0137151
 0.259112 0.423768 0.230882 0.0682704 0.0179671
 0.296925 0.460864 0.138538 0.0754799 0.0281927
 0.175562 0.569979 0.166797 0.0501402 0.0375215
 0.249897 0.410033 0.235109 0.0688016 0.0361593
 0.193427 0.522124 0.15549 0.0891564 0.0398026
 0.218999 0.453514 0.211994 0.0631324 0.0523601
 0.19632 0.499783 0.176468 0.0824894 0.0449396
 0.119891 0.514889 0.227118 0.080193 0.057908
 0.121038 0.411879 0.273257 0.120534 0.0732917
 0.202507 0.37368 0.198597 0.131758 0.0934578
 0.18453 0.528127 0.13464 0.0715563 0.0811471
 0.266628 0.500372 0.150899 0.03847 0.043631
 0.339689 0.507605 0.10419 0.0314209 0.0170955
 0.222663 0.597085 0.138567 0.0284419 0.0132441
 0.251101 0.474895 0.210467 0.0488435 0.0146939
 0.239538 0.501464 0.164237 0.0727876 0.0219737
 0.309923 0.442501 0.163257 0.053469 0.0308505
 0.264468 0.528517 0.132745 0.0489751 0.0252949
 0.257415 0.492004 0.180055 0.0452236 0.0253023
 0.308495 0.4544 0.157095 0.0574909 0.0225186
 0.293998 0.503689 0.132943 0.0459611 0.0234083
 0.117358 0.616335 0.189993 0.0501466 0.0261664
 0.200967 0.337754 0.322104 0.0992927 0.0398821
 0.261761 0.428628 0.130874 0.12481 0.0539278
pobs_RECLAS
 0 0 0 0 0
 0 0 0 0 0
 0 0 0 0 0
 0 0 0 0 0
 0.835266 0.146461 0.0176864 0.000547809 3.91292e-05
 0.385257 0.428462 0.181853 0.0044286 0
 0.867414 0.0963971 0.0333333 0.00285562 0
 0.441836 0.489002 0.0689373 0.000224442 0
 0.779404 0.147425 0.0564933 0.0165055 0.000172143
 0.814271 0.122319 0.05973 0.00367925 0
 0.40263 0.566651 0.0304383 0.000280538 0
 0.475488 0.404961 0.113038 0.00651328 0
 0.955842 0.0263864 0.0167828 0.000988607 0
 0.975058 0.0227948 0.00214734 0 0
 0.738997 0.206755 0.0527124 0.00153531 0
 0.850938 0.134255 0.0134407 0.00136685 0
 0.542534 0.407297 0.0501686 0 0
 0.764087 0.199537 0.0359546 0.000420521 0
 0.470689 0.182191 0.310203 0.0369168 0
 0.84361 0.089868 0.0606195 0.00523954 0.000663233
 0.607945 0.314616 0.071237 0.00620181 0
 0.523733 0.453247 0.0230204 0 0
 0.530135 0.295979 0.169645 0.0042399 0
 0.562478 0.366248 0.0663022 0.0049721 0
 0.250443 0.683176 0.0655157 0.000865301 0
 0.195077 0.31981 0.436473 0.0351445 0.0134964
 0.565238 0.351407 0.0832357 0.000118908 0
ppred_RECLAS
 0.761515 0.1685 0.0626082 0.00737245 4.15971e-06
 0.700807 0.236858 0.0440425 0.0163645 0.0019281
 0.52865 0.343171 0.101474 0.0188685 0.00783684
 0.644282 0.203461 0.110852 0.0327782 0.00862642
 0.685636 0.206065 0.0619442 0.0337491 0.0126057
 0.525655 0.32794 0.0959677 0.0288484 0.0215882
 0.633416 0.200388 0.1149 0.0336242 0.0176715
 0.55579 0.287553 0.0856343 0.0491018 0.0219208
 0.594498 0.235469 0.110069 0.0327789 0.0271858
 0.560319 0.273423 0.0965428 0.0451287 0.0245857
 0.419624 0.339537 0.14977 0.0528822 0.0381867
 0.421823 0.270932 0.179747 0.0792868 0.0482109
 0.578979 0.197278 0.104846 0.0695589 0.0493393
 0.565533 0.281376 0.0717338 0.0381238 0.0432336
 0.67451 0.222078 0.0669727 0.017074 0.0193646
 0.731763 0.206204 0.042325 0.0127641 0.00694468
 0.600688 0.306717 0.0711805 0.0146104 0.00680336
 0.636276 0.230646 0.102219 0.0237222 0.00713653
 0.621161 0.249814 0.0818177 0.0362605 0.0109466
 0.700452 0.192081 0.0708663 0.0232098 0.0133916
 0.650705 0.250986 0.0630391 0.0232577 0.0120122
 0.642681 0.236744 0.0866392 0.0217608 0.012175
 0.698558 0.198083 0.0684811 0.0250615 0.00981635
 0.68375 0.225625 0.0595513 0.0205881 0.0104856
 0.408134 0.413291 0.127402 0.0336264 0.0175462
 0.566032 0.18344 0.17494 0.0539274 0.0216606
 0.648059 0.20434 0.0623916 0.0595007 0.025709
pobs_PELACES
 0 0 0 0 0
 0 0 0 0 0
 0 0 0 0 0
 0 0 0 0 0
 0 0 0 0 0
 0 0 0 0 0
 0 0 0 0 0
 0 0 0 0 0
 0 0 0 0 0
 0 0 0 0 0
 0.450072 0.473896 0.0757376 0.000293798 0
 0 0 0 0 0
 0.463077 0.371075 0.160297 0.00555027 0
 0.529543 0.364841 0.0842815 0.0213345 0
 0.631943 0.363953 0.00410389 0 0
 0.735681 0.248677 0.0153453 0.000297389 0
 0.695825 0.281241 0.0229344 0 0
 0.275771 0.60734 0.115278 0.00161068 0
 0 0 0 0 0
 0.896147 0.0623911 0.0374545 0.00400742 0
 0.803859 0.145111 0.0509908 3.86294e-05 0
 0.739449 0.233085 0.0266225 0.000797448 4.60066e-05
 0.878498 0.100942 0.0204185 0.000141795 0
 0.694673 0.275183 0.0284847 0.00165964 0
 0.469039 0.446079 0.0841089 0.000773354 0
 0.822795 0.102175 0.0682046 0.00682512 0
 0 0 0 0 0
ppred_PELACES
 0.782922 0.153375 0.0569885 0.0067107 3.78633e-06
 0.720377 0.221365 0.0411617 0.0152941 0.00180198
 0.559054 0.321035 0.0949282 0.0176514 0.00733134
 0.653285 0.198312 0.108046 0.0319487 0.0084081
 0.690908 0.202609 0.0609054 0.0331831 0.0123943
 0.54125 0.317159 0.0928126 0.0279 0.0208785
 0.64423 0.194477 0.111511 0.0326322 0.0171501
 0.573966 0.275788 0.0821304 0.0470926 0.0210238
 0.614294 0.223973 0.104696 0.0311787 0.0258587
 0.578371 0.262197 0.0925791 0.0432758 0.0235763
 0.453558 0.319685 0.141013 0.0497903 0.035954
 0.4543 0.255713 0.169651 0.0748332 0.0455029
 0.626448 0.175035 0.0930246 0.0617164 0.0437764
 0.6459 0.229327 0.0584646 0.0310718 0.0352363
 0.740295 0.177194 0.0534369 0.0136232 0.0154508
 0.757436 0.186467 0.0382739 0.0115424 0.00627998
 0.624519 0.288413 0.0669325 0.0137384 0.00639734
 0.653211 0.219907 0.0974599 0.0226177 0.00680424
 0.636077 0.239978 0.0785964 0.0348329 0.0105156
 0.713899 0.183458 0.0676851 0.0221679 0.0127904
 0.660115 0.244224 0.0613407 0.0226311 0.0116886
 0.653821 0.229363 0.0839382 0.0210824 0.0117954
 0.709868 0.190651 0.0659119 0.0241213 0.00944807
 0.694867 0.217694 0.057458 0.0198644 0.010117
 0.419431 0.405403 0.12497 0.0329846 0.0172113
 0.57737 0.178647 0.17037 0.0525186 0.0210947
 0.660074 0.197364 0.0602615 0.0574693 0.0248313
pobs_pel_tallas
 0 0 0 0 0 0 0 0 0 0 0 0 0 0 0 0 0 0 0 0 0 0 0 0 0 0 0 0 0 0 0 0 0 0 0 0
 0 0 0 0 0 0 0 0 0 0 0 0 0 0 0 0 0 0 0 0 0 0 0 0 0 0 0 0 0 0 0 0 0 0 0 0
 0 0 0 0 0 0 0 0 0 0 0 0 0 0 0 0 0 0 0 0 0 0 0 0 0 0 0 0 0 0 0 0 0 0 0 0
 0 0 0 0 0 0 0 0 0 0 0 0 0 0 0 0 0 0 0 0 0 0 0 0 0 0 0 0 0 0 0 0 0 0 0 0
 0 0 0 0 0 0 0 0 0 0 0 0 0 0 0 0 0 0 0 0 0 0 0 0 0 0 0 0 0 0 0 0 0 0 0 0
 0 0 0 0 0 0 0 0 0 0 0 0 0 0 0 0 0 0 0 0 0 0 0 0 0 0 0 0 0 0 0 0 0 0 0 0
 0 0 0 0 0 0 0 0 0 0 0 0 0 0 0 0 0 0 0 0 0 0 0 0 0 0 0 0 0 0 0 0 0 0 0 0
 0 0 0 0 0 0 0 0 0 0 0 0 0 0 0 0 0 0 0 0 0 0 0 0 0 0 0 0 0 0 0 0 0 0 0 0
 0 0 0 0 0 0 0 0 0 0 0 0 0 0 0 0 0 0 0 0 0 0 0 0 0 0 0 0 0 0 0 0 0 0 0 0
 0 0 0 0 0 0 0 0 0 0 0 0 0 0 0 0 0 0 0 0 0 0 0 0 0 0 0 0 0 0 0 0 0 0 0 0
 0 0 0 0 0 0 0 0 1.78061e-05 0.00172719 0.00360574 0.0105946 0.0120993 0.0124554 0.0147524 0.0171206 0.0266825 0.0428682 0.0675386 0.121331 0.153587 0.119568 0.100827 0.0573624 0.0630603 0.0341343 0.0324427 0.0444173 0.0211091 0.0280891 0.0125444 0.00206551 0 0 0 0
 0 0 0 0 0 0 0 0 0 0 0 0 0 0 0 0 0 0 0 0 0 0 0 0 0 0 0 0 0 0 0 0 0 0 0 0
 0 0 0 0 0 0 0.0133647 0.0140871 0.0187388 0.0205184 0.03894 0.0496705 0.03968 0.0493445 0.0407372 0.0367815 0.0215668 0.0243155 0.0234873 0.0199281 0.019796 0.0243948 0.0301388 0.0376714 0.0412746 0.0863199 0.0771752 0.113111 0.0741005 0.0525337 0.0229764 0.00759418 0.00175318 0 0 0
 0 0 0 0 0 0 0 0 0 0 0.00219441 0.00772107 0.0458388 0.0604681 0.0671733 0.0775358 0.0609151 0.0617685 0.073594 0.0568108 0.0755445 0.0548602 0.0670107 0.0636378 0.0643287 0.046367 0.0373049 0.0286899 0.0247887 0.0153202 0.00654259 0.00121912 0.000365735 0 0 0
 0 0 0 0 0 0 0 0 0 0 0 0 0.000112435 0.00938835 0.0111873 0.0202946 0.0414886 0.0713402 0.111592 0.104902 0.108894 0.110636 0.117776 0.105296 0.107544 0.0401394 0.0192827 0.0124803 0.00416011 0.0028671 0.000618394 0 0 0 0 0
 0 0 0 0 0 0 0 0 0 0 0.00291406 0.0102884 0.027416 0.0768956 0.0749926 0.110853 0.0956884 0.0897413 0.0766577 0.0534642 0.0500743 0.0551293 0.0594112 0.0620874 0.0668451 0.0424026 0.0208742 0.0120726 0.0048766 0.00582813 0.00118941 0.000297354 0 0 0 0
 0 0.00264628 0.0354308 0.0461629 0.0458689 0.0383711 0.0214643 0.0164657 0.0346957 0.0420465 0.0363128 0.0245516 0.0311673 0.0291091 0.0169068 0.0133784 0.00837989 0.0085269 0.0148486 0.0160247 0.0276389 0.0546898 0.0760071 0.122758 0.109233 0.0665981 0.0333725 0.0166128 0.00676272 0.00308733 0.000882094 0 0 0 0 0
 0 0 0 0 0 0 0 0.000805153 0.000690131 0.00759144 0.0133425 0.0154129 0.00931677 0.000345066 0.00356568 0.00563607 0.00851162 0.0253048 0.0502646 0.0516448 0.0657925 0.0565908 0.0611916 0.0827007 0.0866115 0.110766 0.145733 0.0935128 0.0569358 0.0249597 0.0138026 0.00621118 0.00161031 0.00115022 0 0
 0 0 0 0 0 0 0 0 0 0 0 0 0 0 0 0 0 0 0 0 0 0 0 0 0 0 0 0 0 0 0 0 0 0 0 0
 0.00147267 0.00158595 0.00478618 0.00569244 0.00954404 0.0108468 0.00647125 0.017049 0.0510054 0.094081 0.124002 0.0959785 0.0687766 0.0820023 0.061753 0.0591476 0.0492212 0.0479892 0.0443925 0.0268479 0.0217502 0.0140895 0.0121071 0.0120363 0.00920419 0.00665534 0.0049561 0.00860946 0.00930331 0.0156896 0.0114698 0.00855282 0.00243557 0.00046729 0 2.83206e-05
 0 0 0 0 0.000772559 0.00158375 0.000888443 0.00281984 0.00712685 0.0440552 0.0773331 0.111326 0.0921469 0.0852325 0.0710754 0.0886704 0.0786465 0.0553345 0.0373146 0.0185414 0.00753245 0.00457741 0.012979 0.0271748 0.0457355 0.0583668 0.034881 0.0177882 0.00938659 0.00492506 0.0015258 0.00185414 0.000309023 5.79419e-05 3.86279e-05 0
 0 0.00173294 0.00326652 0 0.00397197 0.00683976 0.00946217 0.0152591 0.00757587 0.0136028 0.0228656 0.0392903 0.0559909 0.0764795 0.0681675 0.0726916 0.0566044 0.0477403 0.0527397 0.0444891 0.0609904 0.0582453 0.0661739 0.0445044 0.0529084 0.0360697 0.0280645 0.0235558 0.0158879 0.00826598 0.00280645 0.00217768 0.000904811 0.00058276 9.20147e-05 0
 0 0 0 0 0 0 0 0 0 0 0 0 0 0 0 0 0 0 0 0 0 0 0 0 0 0 0 0 0 0 0 0 0 0 0 0
 0 0 0 0 0 0 0 0 0 0 0 0 0 0 0 0 0 0 0 0 0 0 0 0 0 0 0 0 0 0 0 0 0 0 0 0
 0 0 0 0 0 0 0 0 0 0 0 0 0 0 0 0 0 0 0 0 0 0 0 0 0 0 0 0 0 0 0 0 0 0 0 0
 0 0 0 0 0 0 0 0 0 0 0 0 0 0 0 0 0 0 0 0 0 0 0 0 0 0 0 0 0 0 0 0 0 0 0 0
 0 0 0 0 0 0 0 0 0 0 0 0 0 0 0 0 0 0 0 0 0 0 0 0 0 0 0 0 0 0 0 0 0 0 0 0
ppred_pel_tallas
 1.0109e-16 3.4158e-05 0.000200485 0.000953023 0.00366921 0.0114421 0.0289018 0.0591367 0.0980248 0.131642 0.143246 0.126338 0.0904038 0.0526929 0.0254472 0.010996 0.00560016 0.00486145 0.00608579 0.00809265 0.0104036 0.0127348 0.0148275 0.0164406 0.0173912 0.0175929 0.0170714 0.01595 0.014413 0.0126594 0.0108625 0.00914665 0.00758293 0.00619898 0.00499528 0.00396025
 1.01267e-16 3.14335e-05 0.000184483 0.000876936 0.00337623 0.0105284 0.0265941 0.0544154 0.0902013 0.121143 0.13184 0.116323 0.0833348 0.0487695 0.02392 0.0109641 0.00649409 0.00648449 0.00845435 0.0112807 0.014447 0.0175817 0.0203194 0.0223203 0.0233365 0.023267 0.0221792 0.0202835 0.0178763 0.0152671 0.0127166 0.0104009 0.0084053 0.0067419 0.00537787 0.00426271
 1.02402e-16 2.44032e-05 0.0001432 0.000680649 0.00262044 0.00817151 0.0206408 0.0422354 0.0700158 0.0940472 0.102389 0.0904273 0.0649765 0.0384167 0.0195722 0.0102046 0.00774185 0.00911458 0.012411 0.0167099 0.0214858 0.0262559 0.030501 0.0337245 0.035554 0.0358223 0.0345994 0.0321602 0.0289044 0.0252566 0.0215809 0.0181305 0.0150399 0.0123479 0.010035 0.00805836
 1.0309e-16 2.85072e-05 0.000167305 0.000795272 0.00306181 0.00954794 0.0241174 0.0493478 0.0818012 0.109862 0.119565 0.105497 0.075589 0.0442574 0.0217485 0.0100448 0.00606713 0.00618052 0.00815477 0.0109944 0.0142546 0.0176183 0.020765 0.0233823 0.0252212 0.0261445 0.0261472 0.0253417 0.0239146 0.0220745 0.0200068 0.017849 0.0156893 0.013579 0.0115508 0.00963334
 1.0265e-16 3.01478e-05 0.000176936 0.000841062 0.00323811 0.0100977 0.0255061 0.0521893 0.0865109 0.116186 0.126445 0.11156 0.0799159 0.0467563 0.0229107 0.0104673 0.00615929 0.00613044 0.00801064 0.0107378 0.0138367 0.0169742 0.0198216 0.0220683 0.0234789 0.0239428 0.0234934 0.0222875 0.0205557 0.018542 0.016452 0.0144251 0.0125321 0.010792 0.00919672 0.00773208
 1.03356e-16 2.36267e-05 0.000138641 0.000658978 0.002537 0.00791132 0.0199836 0.0408906 0.0677868 0.0910538 0.0991323 0.0875553 0.0629225 0.037222 0.0190001 0.00996664 0.00763609 0.00904147 0.0123355 0.0166283 0.0214101 0.0262105 0.0305213 0.0338556 0.0358467 0.0363272 0.0353602 0.0332062 0.0302452 0.0268791 0.0234486 0.0201865 0.0172123 0.014557 0.0122008 0.0101083
 1.03569e-16 2.81122e-05 0.000164986 0.00078425 0.00301937 0.00941561 0.0237831 0.0486639 0.0806674 0.108339 0.117908 0.104035 0.0745415 0.0436445 0.0214482 0.00990836 0.00598943 0.00610847 0.0080687 0.0108919 0.0141435 0.0175154 0.0206954 0.0233779 0.0253174 0.0263749 0.0265389 0.0259099 0.0246601 0.0229825 0.0210484 0.0189849 0.0168742 0.0147663 0.0126974 0.0107027
 1.03857e-16 2.50515e-05 0.00014701 0.000698774 0.00269024 0.0083892 0.0211906 0.04336 0.0718785 0.0965445 0.105096 0.0927876 0.0666075 0.0392506 0.0197568 0.00991251 0.00705554 0.00802175 0.0108521 0.0146292 0.01887 0.0231603 0.0270611 0.0301516 0.0321121 0.032792 0.0322356 0.0306542 0.0283585 0.0256766 0.0228837 0.0201652 0.0176137 0.0152528 0.0130706 0.0110489
 1.03839e-16 2.6808e-05 0.000157327 0.00074783 0.00287914 0.00897828 0.0226785 0.0464039 0.0769224 0.103313 0.112447 0.0992386 0.0711524 0.0417561 0.0206989 0.00986242 0.00636891 0.00681322 0.00910101 0.0122834 0.0159112 0.0196388 0.0231086 0.0259732 0.0279591 0.0289219 0.0288678 0.027935 0.026343 0.0243313 0.0221067 0.0198163 0.0175454 0.0153349 0.0132048 0.0111727
 1.03989e-16 2.52431e-05 0.000148136 0.00070413 0.00271087 0.00845352 0.0213531 0.0436923 0.0724289 0.0972825 0.105896 0.0934856 0.0670906 0.0394994 0.019816 0.0098344 0.00686685 0.00772208 0.0104281 0.0140697 0.0181765 0.0223543 0.0261859 0.0292693 0.0312954 0.0321122 0.0317501 0.0303963 0.0283328 0.02586 0.0232322 0.0206231 0.0181241 0.0157658 0.0135481 0.0114669
 1.05497e-16 1.98031e-05 0.000116193 0.000552255 0.00212609 0.0066299 0.0167468 0.0342681 0.0568101 0.0763153 0.0831014 0.0734327 0.0528524 0.031425 0.0163382 0.00905727 0.00753447 0.00931553 0.0128725 0.017459 0.0226205 0.0279079 0.0328193 0.0368617 0.0396481 0.0409763 0.0408604 0.0395023 0.0372196 0.034356 0.0312069 0.0279796 0.0247917 0.0216957 0.0187141 0.0158668
 1.0719e-16 1.98328e-05 0.000116374 0.000553127 0.00212947 0.00664046 0.0167734 0.034322 0.0568977 0.0764277 0.0832099 0.0734956 0.0528259 0.0312658 0.015994 0.00845507 0.00657793 0.00789566 0.0108904 0.0148569 0.0194148 0.0242154 0.0288673 0.0329736 0.0362039 0.0383545 0.0393746 0.0393479 0.0384443 0.0368589 0.0347642 0.032288 0.0295176 0.0265201 0.0233659 0.0201416
 1.05544e-16 2.73358e-05 0.000160431 0.000762597 0.00293601 0.00915565 0.0231265 0.0473201 0.0784397 0.105346 0.114648 0.101151 0.0724598 0.0423948 0.0207771 0.00950376 0.00561956 0.00563992 0.00743385 0.0100631 0.0131269 0.0163551 0.0194776 0.0222285 0.0243912 0.0258376 0.0265445 0.0265785 0.0260605 0.0251223 0.0238729 0.0223838 0.0206947 0.0188304 0.0168202 0.0147102
 1.03619e-16 2.81862e-05 0.000165418 0.000786297 0.00302725 0.00944015 0.0238451 0.048791 0.080879 0.108626 0.118227 0.104333 0.0747895 0.0438594 0.0216823 0.0102289 0.00646369 0.00679563 0.00901185 0.0121059 0.0156009 0.0191354 0.022343 0.0248769 0.0264762 0.0270222 0.0265585 0.0252666 0.0234088 0.0212579 0.019039 0.0168982 0.0149016 0.0130565 0.0113414 0.00973194
 1.02007e-16 3.23002e-05 0.000189576 0.000901155 0.00346949 0.0108193 0.0273287 0.0559182 0.0926908 0.124482 0.135463 0.119492 0.085546 0.0499444 0.024275 0.0107556 0.00586568 0.00545771 0.00698694 0.0093266 0.0119984 0.0146943 0.0171224 0.0190097 0.0201508 0.0204515 0.0199454 0.0187764 0.0171545 0.0153019 0.0134069 0.0115978 0.00994049 0.00845194 0.00712172 0.0059312
 1.01295e-16 3.3048e-05 0.000193965 0.000922022 0.00354983 0.0110698 0.0279615 0.057213 0.0948373 0.127365 0.138601 0.122262 0.0875315 0.0511093 0.0248513 0.0110264 0.00603151 0.00562027 0.00718351 0.00955995 0.0122492 0.0149237 0.0172737 0.0190127 0.0199307 0.0199404 0.0190952 0.0175679 0.0156031 0.0134567 0.0113441 0.00941054 0.00772688 0.0063038 0.0051159 0.00412417
 1.01816e-16 2.72564e-05 0.000159954 0.000760306 0.00292715 0.00912799 0.0230567 0.0471783 0.0782077 0.105044 0.114344 0.100943 0.0724397 0.0426427 0.0213801 0.0105852 0.00734879 0.00821447 0.0110376 0.0148099 0.0190001 0.0231585 0.0268152 0.0295265 0.0309645 0.0309907 0.0296835 0.0273073 0.0242386 0.0208737 0.0175485 0.0144928 0.0118224 0.00956075 0.00767461 0.00610799
 1.02551e-16 2.85048e-05 0.000167289 0.000795193 0.0030615 0.00954696 0.0241149 0.049343 0.0817937 0.109854 0.119561 0.105504 0.0756181 0.0443226 0.0218696 0.0102491 0.00638886 0.00665704 0.00881929 0.0118659 0.0153269 0.0188512 0.0220812 0.0246724 0.0263573 0.0269996 0.0266171 0.0253625 0.023473 0.0212073 0.018792 0.0163911 0.0141018 0.0119694 0.0100095 0.00822714
 1.02883e-16 2.77584e-05 0.000162905 0.000774349 0.00298124 0.00929666 0.0234827 0.0480496 0.0796505 0.106977 0.116436 0.102761 0.0736824 0.0432493 0.0214537 0.0102437 0.00663778 0.00710522 0.00946878 0.0127328 0.016415 0.0201388 0.023517 0.0261801 0.0278465 0.0283825 0.0278251 0.0263584 0.024256 0.021809 0.0192651 0.0167954 0.0144905 0.0123793 0.0104571 0.00871009
 1.02381e-16 3.11495e-05 0.000182819 0.000869033 0.00334582 0.0104336 0.0263545 0.0539249 0.0893872 0.120047 0.13064 0.115246 0.0825249 0.0482182 0.0235068 0.010537 0.00592194 0.00566944 0.00733006 0.00981683 0.0126617 0.0155544 0.0181949 0.020299 0.0216491 0.0221389 0.021791 0.0207402 0.0191893 0.0173558 0.0154258 0.013529 0.011736 0.0100727 0.00854049 0.00713428
 1.02275e-16 2.88068e-05 0.00016906 0.000803606 0.00309388 0.00964795 0.0243701 0.0498651 0.0826598 0.111018 0.120833 0.106637 0.0764511 0.0448538 0.0222104 0.0105379 0.00673572 0.00713331 0.00946455 0.0126909 0.0163092 0.0199292 0.023154 0.0256091 0.0270153 0.02725 0.0263705 0.0245875 0.0222042 0.0195393 0.0168618 0.014354 0.0121069 0.0101394 0.00842843 0.00693739
 1.02542e-16 2.85317e-05 0.000167446 0.000795939 0.00306437 0.00955591 0.0241375 0.0493893 0.0818707 0.109958 0.119676 0.10561 0.0757035 0.0443915 0.0219383 0.0103384 0.00651891 0.00684491 0.00907717 0.0121982 0.0157262 0.0192958 0.0225343 0.0250859 0.0266786 0.0271813 0.0266264 0.0251884 0.0231289 0.0207287 0.0182292 0.0158003 0.0135357 0.0114696 0.00960246 0.00792341
 1.02269e-16 3.0974e-05 0.000181788 0.000864131 0.00332694 0.0103747 0.0262058 0.0536207 0.0888832 0.11937 0.129906 0.114603 0.0820743 0.0479748 0.023425 0.0105626 0.00602312 0.00583877 0.0075734 0.010142 0.0130709 0.0160395 0.0187361 0.0208656 0.0222032 0.0226411 0.0222069 0.0210456 0.0193732 0.0174208 0.0153858 0.0134053 0.0115533 0.00985514 0.0083092 0.00690603
 1.02042e-16 3.0321e-05 0.000177952 0.000845887 0.00325668 0.0101556 0.0256524 0.0524887 0.0870076 0.116854 0.127175 0.112211 0.0803976 0.0470686 0.0231202 0.0106572 0.006398 0.0064656 0.00847279 0.0113412 0.0145756 0.0178173 0.0207104 0.0229203 0.024197 0.0244297 0.0236673 0.0220955 0.0199827 0.0176113 0.0152206 0.0129734 0.010952 0.00917519 0.00762489 0.00627059
 1.03844e-16 1.83185e-05 0.000107469 0.000510764 0.00196631 0.00613161 0.0154883 0.0316936 0.0525453 0.0705959 0.0768988 0.0680121 0.0490822 0.0294464 0.0157908 0.00951604 0.0087712 0.011313 0.0157213 0.0212499 0.0273672 0.0334988 0.0389978 0.0432401 0.0457537 0.046322 0.0450236 0.0421916 0.0383139 0.0339087 0.0294189 0.0251507 0.0212664 0.0178134 0.0147727 0.0121011
 1.05267e-16 2.51962e-05 0.000147868 0.000702872 0.00270605 0.00843852 0.0213151 0.043614 0.072297 0.0970987 0.105678 0.0932527 0.0668345 0.0391704 0.0193235 0.00905733 0.00566586 0.00595578 0.00797854 0.0108781 0.0142829 0.0179282 0.0215348 0.024815 0.0275174 0.0294687 0.0305945 0.0309116 0.0305003 0.0294688 0.0279254 0.0259652 0.0236733 0.0211339 0.0184408 0.015699
 1.04055e-16 2.8803e-05 0.000169042 0.000803532 0.00309361 0.00964712 0.0243679 0.0498604 0.0826506 0.111002 0.120805 0.106587 0.0763618 0.0446932 0.0219308 0.0100736 0.00600554 0.00604848 0.00794424 0.0106841 0.0138191 0.0170345 0.0200177 0.0224709 0.024165 0.0249864 0.0249546 0.0242015 0.0229255 0.0213337 0.0195961 0.0178218 0.0160615 0.0143258 0.0126109 0.0109183
pSPR Fmed_Fpbrs
0.444171   0.6 0.325
Fs Fmed_Fpbrs
0.64   0.346009 1.05887
SSBpbr Bo_Bmed_Bpbrs
2.57064e+06  1.01327e+06  1.41385e+06 706925
Ro
63576.6
SPR SPRFo_SPRFmed_SPRFpbrs
1.31312e+06 583252 426766
log_Ro
10.88
likeval ReclasPelacesDesembMPH_pf_preclas_ppelaces_ptallas_desvR_qrecl_qpela
 63.1645 23.8407 0.0323307 0.00064735 338.482 220.62 54.8146 0 18.4225 8.01619e-05 3.49978e-06 1.33811e-15 0 0 0
q_reclas_q_pelaces
0.281191 1.30494
M
0.7
N
 66927.1 16913.8 6284.51 740.035 0.417545
 83417.3 30929.4 5751.17 2136.91 251.775
 52920 39284.6 11616.2 2159.98 897.125
 76761 24441.8 13316.6 3937.65 1036.29
 126943 37607.7 11305.1 6159.36 2300.6
 96478.9 62856.6 18394.2 5529.4 4137.82
 144149 46497.4 26661.1 7802.04 4100.43
 127824 70255.1 20922.2 11996.5 5355.68
 143307 61112.1 28566.7 8507.25 7055.66
 131404 68084.9 24040.1 11237.5 6122.07
 66342.4 62838 27717.9 9786.89 7067.2
 40680.4 30307.6 20107.3 8869.36 5393.09
 42700.4 18664 9919.22 6580.82 4667.88
 23720.1 18688 4764.3 2532.05 2871.42
 18555.4 9405.58 2836.46 723.127 820.14
 22701.6 7455.31 1530.26 461.485 251.085
 18405.4 10392.4 2411.79 495.04 230.517
 22425.5 8635.58 3827.17 888.18 267.197
 25480.7 10721.6 3511.47 1556.24 469.809
 42696.9 12269.5 4526.72 1482.57 855.412
 52651.9 20544.2 5160 1903.73 983.248
 68369.7 25756.4 9425.86 2367.45 1324.57
 113803 33275 11503.8 4209.97 1649.01
 162739 55173.5 14562.5 5034.53 2564.12
 76579.1 79031.8 24362.6 6430.23 3355.28
 113072 37330.9 35601.1 10974.5 4408.04
 169872 55131.2 16833.3 16053.3 6936.32
pred_Ctot
 3352.95 3919.04 1456.16 171.471 0.096748
 3107.54 5508.25 1024.23 380.565 44.8389
 2672.17 9165.15 2710.08 503.926 209.3
 740.09 1210.39 659.456 194.997 51.3185
 262.663 407.685 122.552 66.7702 24.9396
 2049.32 6653.3 1947.01 585.281 437.984
 1924.24 3157.32 1810.37 529.783 278.432
 3430.52 9260.14 2757.7 1581.23 705.919
 4470.53 9257.77 4327.52 1288.75 1068.85
 3505.53 8924.23 3151.05 1472.95 802.451
 3837.46 16480.5 7269.56 2566.8 1853.51
 2236.5 7610.56 5049.16 2227.19 1354.26
 3670.99 6773.98 3600.12 2388.47 1694.18
 3482.17 9966.01 2540.73 1350.3 1531.29
 2578.75 4839.45 1459.44 372.07 421.986
 1281.66 1915.22 393.114 118.552 64.5022
 732.689 1964.75 455.964 93.5903 43.5806
 601.746 1138.05 504.37 117.05 35.213
 556.845 1165.73 381.795 169.207 51.0814
 955.332 1364 503.235 164.817 95.096
 565.001 1129.11 283.593 104.629 54.0392
 980.69 1874.42 685.966 172.291 96.3956
 1942.61 2861.37 989.234 362.022 141.801
 2583.66 4426.43 1168.31 403.907 205.713
 1010.8 5308.43 1636.39 431.907 225.368
 1477.11 2482.51 2367.48 729.806 293.135
 2798.36 4582.26 1399.11 1334.28 576.517
F
 0.0718972 0.378726 0.378726 0.378726 0.378726
 0.0530231 0.279304 0.279304 0.279304 0.279304
 0.0724841 0.381818 0.381818 0.381818 0.381818
 0.0134866 0.0710421 0.0710421 0.0710421 0.0710421
 0.00288082 0.015175 0.015175 0.015175 0.015175
 0.0299282 0.15765 0.15765 0.15765 0.15765
 0.0187158 0.0985873 0.0985873 0.0985873 0.0985873
 0.0379472 0.199891 0.199891 0.199891 0.199891
 0.0442306 0.232989 0.232989 0.232989 0.232989
 0.0377168 0.198677 0.198677 0.198677 0.198677
 0.08343 0.439476 0.439476 0.439476 0.439476
 0.0791488 0.416925 0.416925 0.416925 0.416925
 0.126328 0.665446 0.665446 0.665446 0.665446
 0.225021 1.18532 1.18532 1.18532 1.18532
 0.211835 1.11586 1.11586 1.11586 1.11586
 0.081357 0.428556 0.428556 0.428556 0.428556
 0.0567528 0.298951 0.298951 0.298951 0.298951
 0.0379406 0.199856 0.199856 0.199856 0.199856
 0.0308031 0.162258 0.162258 0.162258 0.162258
 0.0315479 0.166182 0.166182 0.166182 0.166182
 0.0150206 0.0791226 0.0791226 0.0791226 0.0791226
 0.0201232 0.106001 0.106001 0.106001 0.106001
 0.0239882 0.12636 0.12636 0.12636 0.12636
 0.022294 0.117436 0.117436 0.117436 0.117436
 0.0185043 0.0974732 0.0974732 0.0974732 0.0974732
 0.0183122 0.0964614 0.0964614 0.0964614 0.0964614
 0.0231413 0.121899 0.121899 0.121899 0.121899
Np
 51635.5 24011.3 28959.5 8514.81 3513.26
YTP_r0W_actual
 63929.6 255518 113415 138128 66230.8
YTP_p0W_proyectada
 19432.5 382024 163287 63670.5 97004.2
 19432.5 111286 195115 73263.9 33546.1
CTP_r0_actual
 7796.29 11829.5 3611.94 3444.58 1488.33
CTP_p0_proyectada
 2369.81 17686.3 5200.22 1587.79 2179.87
 2369.81 5152.12 6213.86 1827.03 753.844
Wmedp
 8.2 21.6 31.4 40.1 44.5
nmprior
 10.8 10.6 4.6 0
nm_flota  nm_reclas  nm_pelaces    nm_pelaL
inf 12.2863 19.433 63.6733
cv_recla  cv_pelaces  cv_mph
0.688283 0.534872 0.679995
 ------------------------------------------------
Talla a la edad & desviaci?n 
 7.2 14.2025 17.0495 18.207 18.6776
 1.08 2.13037 2.55742 2.73105 2.80164
