years
 1997 1998 1999 2000 2001 2002 2003 2004 2005 2006 2007 2008 2009 2010 2011 2012 2013 2014 2015 2016 2017 2018 2019 2020 2021 2022 2023
reclasobs
 0 0 0 370054 412103 1.49427e+06 250295 1.28982e+06 931140 785840 897777 1.04006e+06 184774 17550 25797 100020 73551 82996 120727 218422 84188 347160 605670 569463 516374 1.08416e+06 1.01767e+06
reclaspred
 467313 130152 405389 281900 399870 488588 1.05369e+06 697987 758499 691761 550636 365159 221170 95148.1 62663.3 64554.9 81293.3 114182 125974 176697 255993 236260 409940 560144 716440 715282 726826
pelacesobs
 0 0 0 0 0 0 0 0 0 2.06254e+06 1.5e+06 0 1.87456e+06 323000 250000 174000 83755 137374 0 501740 490994 745055 786931 1.00524e+06 1.33801e+06 1.41789e+06 0
pelacespred
 1.93195e+06 446916 857273 911326 1.12442e+06 1.08584e+06 2.7789e+06 2.24399e+06 2.18076e+06 1.989e+06 1.3736e+06 937002 570532 194637 134468 148014 195613 282333 311541 437244 712348 624553 891416 1.3835e+06 1.71341e+06 1.88389e+06 1.83932e+06
mphobs
 0 0 0 0 0 112323 0 153150 637223 0 255016 313432 73983 77613 109348 50772 17779 17303 59886 28197 0 207744 136588 643089 65757 70829 0
mphpred
 132497 82481.5 102078 122843 125481 192012 284902 337531 283443 281542 262210 178960 108221 55825.7 24685.7 21521.2 26628 36818.9 47559.7 55974.3 83229.2 98560 123578 178138 269115 292461 267737
desembarqueobs
 350755 77701 442110 56441 14545 235359 269955 359681 431902 328805 639364 411747 362871 311530 167758 66681 60226 58785 57116 73181 50977 67692 138656 160484 209506 203330 245020
desembarquepred
 350766 77704.8 442157 56443.8 14545.2 235416 269998 359711 431979 328854 639605 411995 363210 311933 167747 66692.7 60252.9 58787.3 57111.4 73183.5 50978.8 67687 138662 160493 209500 203323 245012
Reclutas
 51007.8 62510.6 36949.7 53380.3 91857.4 68226.2 110478 101587 122057 123516 64500.9 41359.2 44631.6 24073.8 16831.1 17817.3 13700.5 16619 18826.2 30791.4 38845.4 49957.7 82520.1 117628 54866.1 80465.3 119126
log_desv_Rt
 0.0197345 0.223092 -0.302687 0.0651965 0.607992 0.310584 0.792569 0.708671 0.89224 0.904129 0.254435 -0.189951 -0.113802 -0.731119 -1.08902 -1.03208 -1.29481 -1.1017 -0.976994 -0.48501 -0.252656 -0.00106836 0.500797 0.855281 0.0926502 0.475582 0.867937
SSB
 620048 385989 477697 574869 587215 898559 1.33325e+06 1.57955e+06 1.32643e+06 1.31753e+06 1.22707e+06 837480 506440 261248 115522 100713 124611 172302 222565 261943 389488 461232 578311 833631 1.25938e+06 1.36863e+06 1.25293e+06
BT
 2.13112e+06 557485 1.05723e+06 928450 1.08265e+06 1.22113e+06 2.83083e+06 2.54623e+06 2.47341e+06 2.21285e+06 1.88685e+06 1.27153e+06 897461 479376 266829 195353 234874 316006 345373 475676 720443 658859 945306 1.44819e+06 1.79354e+06 1.97152e+06 1.95998e+06
Ftot
 0.507238 0.401704 0.590475 0.116402 0.0236283 0.237107 0.150445 0.295184 0.339578 0.273491 0.572767 0.547487 0.894549 1.65007 1.70018 0.650677 0.452611 0.309248 0.247499 0.253279 0.118333 0.155316 0.185723 0.173556 0.143392 0.144628 0.185842
BD_Bspro_t
 0.940144 0.735583 0.693913 0.562129 0.687187 0.814708 0.779855 0.787996 0.728645 0.687538 0.647508 0.483763 0.36672 0.256914 0.146974 0.156245 0.245115 0.388329 0.509414 0.607482 0.717921 0.798214 0.806206 0.814398 0.831269 0.800288 0.784771
BD_Bspro
 0.600275 0.37368 0.462463 0.556536 0.568488 0.869903 1.29074 1.52917 1.28413 1.27552 1.18794 0.810773 0.49029 0.252917 0.111838 0.0975009 0.120637 0.166807 0.215468 0.25359 0.377067 0.446523 0.559868 0.807047 1.21922 1.32499 1.21297
BD_Bo
 0.350151 0.217974 0.269763 0.324637 0.331609 0.50743 0.75291 0.891994 0.749056 0.744031 0.692944 0.472938 0.285995 0.147531 0.0652369 0.056874 0.0703699 0.0973014 0.125686 0.147923 0.21995 0.260465 0.326581 0.470765 0.711191 0.772887 0.707549
BD_Brms
 0.636638 0.396316 0.490478 0.59025 0.602926 0.9226 1.36893 1.62181 1.36192 1.35278 1.2599 0.859887 0.519991 0.268238 0.118613 0.103407 0.127945 0.176912 0.22852 0.268952 0.399909 0.473572 0.593784 0.855936 1.29307 1.40525 1.28645
S_f
 0.171709 1 1 1 1
 0.171709 1 1 1 1
 0.171709 1 1 1 1
 0.171709 1 1 1 1
 0.171709 1 1 1 1
 0.171709 1 1 1 1
 0.171709 1 1 1 1
 0.171709 1 1 1 1
 0.171709 1 1 1 1
 0.171709 1 1 1 1
 0.171709 1 1 1 1
 0.171709 1 1 1 1
 0.171709 1 1 1 1
 0.171709 1 1 1 1
 0.171709 1 1 1 1
 0.171709 1 1 1 1
 0.171709 1 1 1 1
 0.171709 1 1 1 1
 0.171709 1 1 1 1
 0.171709 1 1 1 1
 0.171709 1 1 1 1
 0.171709 1 1 1 1
 0.171709 1 1 1 1
 0.171709 1 1 1 1
 0.171709 1 1 1 1
 0.171709 1 1 1 1
 0.171709 1 1 1 1
Scru_reclas
 0.838195 1 1 1 1
 0.838195 1 1 1 1
 0.838195 1 1 1 1
 0.838195 1 1 1 1
 0.838195 1 1 1 1
 0.838195 1 1 1 1
 0.838195 1 1 1 1
 0.838195 1 1 1 1
 0.838195 1 1 1 1
 0.838195 1 1 1 1
 0.838195 1 1 1 1
 0.838195 1 1 1 1
 0.838195 1 1 1 1
 0.838195 1 1 1 1
 0.838195 1 1 1 1
 0.838195 1 1 1 1
 0.838195 1 1 1 1
 0.838195 1 1 1 1
 0.838195 1 1 1 1
 0.838195 1 1 1 1
 0.838195 1 1 1 1
 0.838195 1 1 1 1
 0.838195 1 1 1 1
 0.838195 1 1 1 1
 0.838195 1 1 1 1
 0.838195 1 1 1 1
 0.838195 1 1 1 1
Scru_pelaces
 1 1 1 1 1
 1 1 1 1 1
 1 1 1 1 1
 1 1 1 1 1
 1 1 1 1 1
 1 1 1 1 1
 1 1 1 1 1
 1 1 1 1 1
 1 1 1 1 1
 1 1 1 1 1
 1 1 1 1 1
 1 1 1 1 1
 1 1 1 1 1
 1 1 1 1 1
 1 1 1 1 1
 1 1 1 1 1
 1 1 1 1 1
 1 1 1 1 1
 1 1 1 1 1
 1 1 1 1 1
 1 1 1 1 1
 1 1 1 1 1
 1 1 1 1 1
 1 1 1 1 1
 1 1 1 1 1
 1 1 1 1 1
 1 1 1 1 1
pf_obs 
 0.256992 0.487395 0.22802 0.0275931 0
 0.321318 0.546541 0.124235 0.00734118 0.000564706
 0.182869 0.594174 0.210203 0.0122559 0.00049798
 0.330522 0.361315 0.267642 0.0388342 0.00168674
 0.649043 0.306663 0.0425973 0.00169635 0
 0.582887 0.30429 0.105238 0.00758474 0
 0.465427 0.430635 0.0974691 0.00646863 0
 0.296916 0.608066 0.0921331 0.00288517 0
 0.311714 0.524322 0.152257 0.0117073 0
 0.15457 0.633149 0.183074 0.0267441 0.00246327
 0.131901 0.49318 0.331252 0.0422183 0.00144891
 0.196976 0.569456 0.194076 0.0375587 0.00193317
 0.518974 0.381816 0.0799577 0.0180837 0.00116848
 0.0928022 0.601141 0.25162 0.0475244 0.00691264
 0.122501 0.610282 0.24278 0.0234846 0.000952079
 0.383417 0.481906 0.127806 0.00687128 0
 0.0376549 0.599619 0.316969 0.0457579 0
 0.0361596 0.667082 0.258105 0.0386534 0
 0.158088 0.579412 0.248529 0.0139706 0
 0.0477256 0.309471 0.559284 0.082774 0.000745712
 0.0406174 0.521527 0.379366 0.0568643 0.0016247
 0.151134 0.462217 0.34131 0.0453401 0
 0.294876 0.26143 0.354403 0.0886775 0.000613685
 0.281977 0.475581 0.204845 0.0348837 0.00271318
 0.0841818 0.532909 0.334909 0.0458182 0.00218182
 0.115287 0.27431 0.454777 0.147771 0.00785563
 0 0 0 0 0
pf_pred 
 0.352293 0.457457 0.170183 0.0200561 1.10821e-05
 0.299092 0.561965 0.0981319 0.036507 0.00430472
 0.167587 0.624876 0.166396 0.0290565 0.0120842
 0.260074 0.451037 0.216863 0.0577478 0.0142779
 0.295084 0.48193 0.135926 0.0653546 0.0217059
 0.166418 0.59299 0.164486 0.0463924 0.0297143
 0.258162 0.419322 0.22943 0.06364 0.0294459
 0.198822 0.548802 0.142655 0.0780528 0.0316682
 0.235253 0.477476 0.196779 0.0511504 0.0393416
 0.217011 0.530849 0.157426 0.0648788 0.0298356
 0.129848 0.563427 0.207952 0.0616693 0.037103
 0.136331 0.461381 0.260484 0.0961406 0.0456644
 0.231137 0.419028 0.186886 0.105511 0.0574391
 0.208358 0.579379 0.115683 0.0515943 0.0449862
 0.29647 0.551775 0.111065 0.0221761 0.0185142
 0.344007 0.562195 0.0735651 0.0148077 0.005425
 0.219416 0.630282 0.12881 0.0168552 0.00463572
 0.253224 0.500641 0.198742 0.0406167 0.00677657
 0.238905 0.529526 0.155245 0.0616281 0.0146963
 0.302839 0.46892 0.158797 0.0465556 0.0228886
 0.260382 0.547562 0.12918 0.043746 0.0191307
 0.2472 0.515076 0.175995 0.0415204 0.0202096
 0.296712 0.473202 0.157428 0.0537912 0.0188672
 0.282881 0.522293 0.131087 0.043611 0.0201279
 0.111011 0.634416 0.185411 0.0465352 0.0226269
 0.193253 0.352927 0.323863 0.0946505 0.0353065
 0.25146 0.448249 0.131368 0.12055 0.0483731
pobs_RECLAS
 0 0 0 0 0
 0 0 0 0 0
 0 0 0 0 0
 0 0 0 0 0
 0.835266 0.146461 0.0176864 0.000547809 3.91292e-05
 0.385257 0.428462 0.181853 0.0044286 0
 0.867414 0.0963971 0.0333333 0.00285562 0
 0.441836 0.489002 0.0689373 0.000224442 0
 0.779404 0.147425 0.0564933 0.0165055 0.000172143
 0.814271 0.122319 0.05973 0.00367925 0
 0.40263 0.566651 0.0304383 0.000280538 0
 0.475488 0.404961 0.113038 0.00651328 0
 0.955842 0.0263864 0.0167828 0.000988607 0
 0.975058 0.0227948 0.00214734 0 0
 0.738997 0.206755 0.0527124 0.00153531 0
 0.850938 0.134255 0.0134407 0.00136685 0
 0.542534 0.407297 0.0501686 0 0
 0.764087 0.199537 0.0359546 0.000420521 0
 0.470689 0.182191 0.310203 0.0369168 0
 0.84361 0.089868 0.0606195 0.00523954 0.000663233
 0.607945 0.314616 0.071237 0.00620181 0
 0.523733 0.453247 0.0230204 0 0
 0.530135 0.295979 0.169645 0.0042399 0
 0.562478 0.366248 0.0663022 0.0049721 0
 0.250443 0.683176 0.0655157 0.000865301 0
 0.195077 0.31981 0.436473 0.0351445 0.0134964
 0.565238 0.351407 0.0832357 0.000118908 0
ppred_RECLAS
 0.733176 0.18845 0.0701072 0.00826213 4.5653e-06
 0.681218 0.255589 0.0446316 0.0166038 0.00195784
 0.506115 0.37075 0.0987258 0.0172398 0.00716979
 0.633201 0.22359 0.107504 0.0286269 0.00707789
 0.671678 0.224464 0.0633089 0.0304396 0.0101097
 0.496947 0.35786 0.0992644 0.027997 0.0179321
 0.631349 0.208379 0.114014 0.0316255 0.0146329
 0.552143 0.306779 0.0797438 0.0436313 0.0177024
 0.605241 0.246471 0.101576 0.0264036 0.020308
 0.578914 0.285487 0.0846624 0.0348914 0.0160454
 0.431273 0.368253 0.135917 0.0403067 0.0242503
 0.444537 0.296734 0.167528 0.0618321 0.0293687
 0.612338 0.211275 0.094228 0.0531986 0.0289609
 0.606112 0.288275 0.057559 0.0256712 0.0223833
 0.713017 0.225079 0.0453055 0.00904603 0.00755228
 0.728603 0.232591 0.0304353 0.00612623 0.00224443
 0.585661 0.334558 0.0683734 0.00894687 0.00246067
 0.627738 0.249566 0.0990712 0.0202471 0.00337807
 0.608503 0.272381 0.0798558 0.0317007 0.00755956
 0.682717 0.213409 0.0722696 0.0211878 0.0104168
 0.633599 0.271258 0.0639946 0.0216714 0.00947721
 0.617804 0.261503 0.0893524 0.0210798 0.0102604
 0.675398 0.218406 0.0726608 0.0248273 0.00870813
 0.660323 0.247394 0.0620918 0.0206571 0.00953397
 0.380523 0.442082 0.129201 0.0324272 0.0157672
 0.540957 0.200817 0.18428 0.0538566 0.0200896
 0.623604 0.225398 0.0660571 0.0606172 0.024324
pobs_PELACES
 0 0 0 0 0
 0 0 0 0 0
 0 0 0 0 0
 0 0 0 0 0
 0 0 0 0 0
 0 0 0 0 0
 0 0 0 0 0
 0 0 0 0 0
 0 0 0 0 0
 0 0 0 0 0
 0.450072 0.473896 0.0757376 0.000293798 0
 0 0 0 0 0
 0.463077 0.371075 0.160297 0.00555027 0
 0.529543 0.364841 0.0842815 0.0213345 0
 0.631943 0.363953 0.00410389 0 0
 0.735681 0.248677 0.0153453 0.000297389 0
 0.695825 0.281241 0.0229344 0 0
 0.275771 0.60734 0.115278 0.00161068 0
 0 0 0 0 0
 0.896147 0.0623911 0.0374545 0.00400742 0
 0.803859 0.145111 0.0509908 3.86294e-05 0
 0.739449 0.233085 0.0266225 0.000797448 4.60066e-05
 0.878498 0.100942 0.0204185 0.000141795 0
 0.694673 0.275183 0.0284847 0.00165964 0
 0.469039 0.446079 0.0841089 0.000773354 0
 0.822795 0.102175 0.0682046 0.00682512 0
 0 0 0 0 0
ppred_PELACES
 0.790169 0.148197 0.0551323 0.00649734 3.59015e-06
 0.739945 0.208504 0.0364095 0.013545 0.00159717
 0.589612 0.30807 0.0820349 0.0143252 0.00595764
 0.680114 0.194993 0.0937546 0.0249656 0.00617264
 0.710692 0.197791 0.055786 0.0268225 0.00890842
 0.557026 0.315121 0.0874093 0.0246534 0.0157905
 0.680405 0.18065 0.0988417 0.0274171 0.0126857
 0.614561 0.264024 0.06863 0.0375505 0.0152353
 0.667451 0.20763 0.0855691 0.0222427 0.0171077
 0.638666 0.244977 0.072649 0.0299403 0.0137686
 0.514097 0.314624 0.116123 0.0344368 0.0207188
 0.525823 0.25331 0.143012 0.0527837 0.0250709
 0.706442 0.159988 0.0713542 0.0402847 0.0219307
 0.742409 0.188523 0.0376419 0.0167882 0.014638
 0.825102 0.137171 0.0276108 0.00551297 0.00460262
 0.792803 0.177571 0.0232357 0.00467705 0.0017135
 0.656171 0.277625 0.056738 0.00742434 0.00204193
 0.686447 0.210207 0.0834469 0.017054 0.00284532
 0.664894 0.233148 0.0683535 0.0271346 0.00647069
 0.733416 0.179308 0.0607217 0.0178022 0.00875226
 0.680602 0.23646 0.0557853 0.0188914 0.00826146
 0.66801 0.227152 0.077615 0.0183108 0.00891256
 0.723116 0.186299 0.0619793 0.0211775 0.00742799
 0.708617 0.21222 0.0532638 0.0177202 0.00817846
 0.432507 0.404984 0.118359 0.0297061 0.0144441
 0.593929 0.177643 0.163014 0.0476417 0.0177713
 0.675283 0.194451 0.0569875 0.0522945 0.0209843
pobs_pel_tallas
 0 0 0 0 0 0 0 0 0 0 0 0 0 0 0 0 0 0 0 0 0 0 0 0 0 0 0 0 0 0 0 0 0 0 0 0
 0 0 0 0 0 0 0 0 0 0 0 0 0 0 0 0 0 0 0 0 0 0 0 0 0 0 0 0 0 0 0 0 0 0 0 0
 0 0 0 0 0 0 0 0 0 0 0 0 0 0 0 0 0 0 0 0 0 0 0 0 0 0 0 0 0 0 0 0 0 0 0 0
 0 0 0 0 0 0 0 0 0 0 0 0 0 0 0 0 0 0 0 0 0 0 0 0 0 0 0 0 0 0 0 0 0 0 0 0
 0 0 0 0 0 0 0 0 0 0 0 0 0 0 0 0 0 0 0 0 0 0 0 0 0 0 0 0 0 0 0 0 0 0 0 0
 0 0 0 0 0 0 0 0 0 0 0 0 0 0 0 0 0 0 0 0 0 0 0 0 0 0 0 0 0 0 0 0 0 0 0 0
 0 0 0 0 0 0 0 0 0 0 0 0 0 0 0 0 0 0 0 0 0 0 0 0 0 0 0 0 0 0 0 0 0 0 0 0
 0 0 0 0 0 0 0 0 0 0 0 0 0 0 0 0 0 0 0 0 0 0 0 0 0 0 0 0 0 0 0 0 0 0 0 0
 0 0 0 0 0 0 0 0 0 0 0 0 0 0 0 0 0 0 0 0 0 0 0 0 0 0 0 0 0 0 0 0 0 0 0 0
 0 0 0 0 0 0 0 0 0 0 0 0 0 0 0 0 0 0 0 0 0 0 0 0 0 0 0 0 0 0 0 0 0 0 0 0
 0 0 0 0 0 0 0 0 1.78061e-05 0.00172719 0.00360574 0.0105946 0.0120993 0.0124554 0.0147524 0.0171206 0.0266825 0.0428682 0.0675386 0.121331 0.153587 0.119568 0.100827 0.0573624 0.0630603 0.0341343 0.0324427 0.0444173 0.0211091 0.0280891 0.0125444 0.00206551 0 0 0 0
 0 0 0 0 0 0 0 0 0 0 0 0 0 0 0 0 0 0 0 0 0 0 0 0 0 0 0 0 0 0 0 0 0 0 0 0
 0 0 0 0 0 0 0.0133647 0.0140871 0.0187388 0.0205184 0.03894 0.0496705 0.03968 0.0493445 0.0407372 0.0367815 0.0215668 0.0243155 0.0234873 0.0199281 0.019796 0.0243948 0.0301388 0.0376714 0.0412746 0.0863199 0.0771752 0.113111 0.0741005 0.0525337 0.0229764 0.00759418 0.00175318 0 0 0
 0 0 0 0 0 0 0 0 0 0 0.00219441 0.00772107 0.0458388 0.0604681 0.0671733 0.0775358 0.0609151 0.0617685 0.073594 0.0568108 0.0755445 0.0548602 0.0670107 0.0636378 0.0643287 0.046367 0.0373049 0.0286899 0.0247887 0.0153202 0.00654259 0.00121912 0.000365735 0 0 0
 0 0 0 0 0 0 0 0 0 0 0 0 0.000112435 0.00938835 0.0111873 0.0202946 0.0414886 0.0713402 0.111592 0.104902 0.108894 0.110636 0.117776 0.105296 0.107544 0.0401394 0.0192827 0.0124803 0.00416011 0.0028671 0.000618394 0 0 0 0 0
 0 0 0 0 0 0 0 0 0 0 0.00291406 0.0102884 0.027416 0.0768956 0.0749926 0.110853 0.0956884 0.0897413 0.0766577 0.0534642 0.0500743 0.0551293 0.0594112 0.0620874 0.0668451 0.0424026 0.0208742 0.0120726 0.0048766 0.00582813 0.00118941 0.000297354 0 0 0 0
 0 0.00264628 0.0354308 0.0461629 0.0458689 0.0383711 0.0214643 0.0164657 0.0346957 0.0420465 0.0363128 0.0245516 0.0311673 0.0291091 0.0169068 0.0133784 0.00837989 0.0085269 0.0148486 0.0160247 0.0276389 0.0546898 0.0760071 0.122758 0.109233 0.0665981 0.0333725 0.0166128 0.00676272 0.00308733 0.000882094 0 0 0 0 0
 0 0 0 0 0 0 0 0.000805153 0.000690131 0.00759144 0.0133425 0.0154129 0.00931677 0.000345066 0.00356568 0.00563607 0.00851162 0.0253048 0.0502646 0.0516448 0.0657925 0.0565908 0.0611916 0.0827007 0.0866115 0.110766 0.145733 0.0935128 0.0569358 0.0249597 0.0138026 0.00621118 0.00161031 0.00115022 0 0
 0 0 0 0 0 0 0 0 0 0 0 0 0 0 0 0 0 0 0 0 0 0 0 0 0 0 0 0 0 0 0 0 0 0 0 0
 0.00147267 0.00158595 0.00478618 0.00569244 0.00954404 0.0108468 0.00647125 0.017049 0.0510054 0.094081 0.124002 0.0959785 0.0687766 0.0820023 0.061753 0.0591476 0.0492212 0.0479892 0.0443925 0.0268479 0.0217502 0.0140895 0.0121071 0.0120363 0.00920419 0.00665534 0.0049561 0.00860946 0.00930331 0.0156896 0.0114698 0.00855282 0.00243557 0.00046729 0 2.83206e-05
 0 0 0 0 0.000772559 0.00158375 0.000888443 0.00281984 0.00712685 0.0440552 0.0773331 0.111326 0.0921469 0.0852325 0.0710754 0.0886704 0.0786465 0.0553345 0.0373146 0.0185414 0.00753245 0.00457741 0.012979 0.0271748 0.0457355 0.0583668 0.034881 0.0177882 0.00938659 0.00492506 0.0015258 0.00185414 0.000309023 5.79419e-05 3.86279e-05 0
 0 0.00173294 0.00326652 0 0.00397197 0.00683976 0.00946217 0.0152591 0.00757587 0.0136028 0.0228656 0.0392903 0.0559909 0.0764795 0.0681675 0.0726916 0.0566044 0.0477403 0.0527397 0.0444891 0.0609904 0.0582453 0.0661739 0.0445044 0.0529084 0.0360697 0.0280645 0.0235558 0.0158879 0.00826598 0.00280645 0.00217768 0.000904811 0.00058276 9.20147e-05 0
 0 0 0 0 0 0 0 0 0 0 0 0 0 0 0 0 0 0 0 0 0 0 0 0 0 0 0 0 0 0 0 0 0 0 0 0
 0 0 0 0 0 0 0 0 0 0 0 0 0 0 0 0 0 0 0 0 0 0 0 0 0 0 0 0 0 0 0 0 0 0 0 0
 0 0 0 0 0 0 0 0 0 0 0 0 0 0 0 0 0 0 0 0 0 0 0 0 0 0 0 0 0 0 0 0 0 0 0 0
 0 0 0 0 0 0 0 0 0 0 0 0 0 0 0 0 0 0 0 0 0 0 0 0 0 0 0 0 0 0 0 0 0 0 0 0
 0 0 0 0 0 0 0 0 0 0 0 0 0 0 0 0 0 0 0 0 0 0 0 0 0 0 0 0 0 0 0 0 0 0 0 0
ppred_pel_tallas
 1.01055e-16 3.44739e-05 0.000202339 0.000961841 0.00370316 0.011548 0.0291692 0.0596839 0.0989316 0.132859 0.144569 0.127501 0.0912274 0.0531558 0.0256386 0.0110236 0.00553387 0.00472817 0.005887 0.00782122 0.0100536 0.0123065 0.0143292 0.0158885 0.0168078 0.0170035 0.0165004 0.0154176 0.0139332 0.0122391 0.010503 0.00884492 0.00733361 0.00599579 0.004832 0.0038311
 1.01125e-16 3.22862e-05 0.00018949 0.000900744 0.0034679 0.0108143 0.0273161 0.0558928 0.0926495 0.124429 0.135412 0.119464 0.0855604 0.050023 0.0244435 0.0110498 0.0063328 0.00615096 0.00795457 0.0105967 0.013563 0.0164963 0.0190511 0.0209074 0.0218325 0.0217331 0.0206746 0.0188581 0.0165653 0.0140902 0.01168 0.00950133 0.00763422 0.00608867 0.00483162 0.00381299
 1.02036e-16 2.57352e-05 0.000151021 0.000717833 0.00276361 0.00861799 0.0217686 0.0445428 0.0738399 0.0991809 0.107971 0.0953378 0.0684643 0.040397 0.0204296 0.0104048 0.00759386 0.00874718 0.0118439 0.0159208 0.020447 0.0249516 0.0289342 0.0319192 0.0335525 0.0336797 0.0323766 0.0299168 0.0266941 0.0231255 0.0195665 0.0162632 0.0133434 0.0108394 0.00872445 0.00694784
 1.02541e-16 2.96769e-05 0.000174172 0.000827923 0.00318752 0.00993998 0.0251076 0.0513739 0.0851593 0.114371 0.124469 0.109816 0.0786654 0.0460225 0.0225478 0.0102979 0.0060587 0.00603795 0.0079082 0.0106317 0.0137496 0.0169423 0.019892 0.0222924 0.0239034 0.0245986 0.0243864 0.0233926 0.0218175 0.0198816 0.0177788 0.0156508 0.0135842 0.0116231 0.00978829 0.00809321
 1.02195e-16 3.10102e-05 0.000182 0.000865137 0.00333081 0.0103868 0.0262363 0.0536832 0.0889869 0.11951 0.130059 0.114742 0.0821807 0.0480511 0.0234885 0.0106348 0.00612342 0.00598222 0.00777014 0.0103957 0.0133764 0.0163805 0.0190848 0.0211853 0.0224534 0.0227847 0.0222176 0.0209126 0.0191043 0.0170402 0.0149293 0.012914 0.0110665 0.00940532 0.00791854 0.00658582
 1.02929e-16 2.43145e-05 0.00014268 0.000678178 0.00261093 0.00814185 0.0205659 0.042082 0.0697614 0.0937051 0.102016 0.0900947 0.0647317 0.0382604 0.0194711 0.0101174 0.00763444 0.00896321 0.0121995 0.0164287 0.0211332 0.0258411 0.0300452 0.0332614 0.0351268 0.0354789 0.0343864 0.0321163 0.0290556 0.0256129 0.0221349 0.0188592 0.0159073 0.0133091 0.0110412 0.00906139
 1.02997e-16 2.9689e-05 0.000174245 0.00082827 0.00318887 0.00994416 0.0251182 0.0513954 0.0851945 0.114417 0.124516 0.10985 0.0786735 0.0459945 0.0224736 0.0101626 0.0058417 0.00571485 0.00745621 0.0100369 0.0130145 0.016092 0.0189767 0.0213844 0.0230883 0.0239633 0.0240041 0.0233112 0.0220529 0.0204162 0.0185673 0.0166287 0.0146784 0.0127617 0.0109077 0.00914323
 1.03063e-16 2.68211e-05 0.000157401 0.000748174 0.00288045 0.00898235 0.0226888 0.0464254 0.076959 0.103365 0.112512 0.0993161 0.0712511 0.0419005 0.02093 0.0102354 0.00694889 0.007668 0.0102882 0.0138329 0.0178058 0.0217994 0.0253895 0.0281729 0.029847 0.0302755 0.0295126 0.0277758 0.0253797 0.0226547 0.0198785 0.0172374 0.0148232 0.0126549 0.0107121 0.00896362
 1.02847e-16 2.91252e-05 0.000170932 0.000812516 0.0031282 0.00975498 0.0246403 0.0504179 0.0835751 0.112244 0.122158 0.107786 0.0772312 0.0452227 0.022229 0.0102751 0.0062133 0.00632614 0.0083289 0.0111957 0.0144612 0.0177901 0.0208459 0.0233062 0.0249215 0.0255663 0.0252599 0.024147 0.02245 0.0204094 0.0182321 0.0160645 0.0139893 0.0120406 0.0102267 0.00854904
 1.02784e-16 2.78715e-05 0.000163569 0.000777502 0.00299337 0.00933451 0.0235783 0.0482452 0.0799749 0.107413 0.116911 0.103182 0.0739882 0.0434362 0.02156 0.0103167 0.00671282 0.00720323 0.00959993 0.0128995 0.0166119 0.0203521 0.0237246 0.0263529 0.0279531 0.028394 0.0277208 0.0261303 0.0239103 0.0213656 0.0187542 0.0162523 0.0139503 0.0118726 0.0100066 0.00832927
 1.03903e-16 2.24426e-05 0.00013169 0.000625932 0.00240977 0.00751453 0.0189813 0.03884 0.0643877 0.0864897 0.0941674 0.0831799 0.0597995 0.035418 0.0181601 0.00965919 0.00756471 0.00906859 0.0124237 0.0167872 0.0216704 0.0266145 0.0311175 0.0346938 0.0369701 0.0377647 0.0371183 0.0352643 0.0325541 0.029364 0.0260173 0.0227395 0.0196543 0.0168068 0.0141989 0.0118202
 1.05098e-16 2.29515e-05 0.000134683 0.000640173 0.00246462 0.00768561 0.0194134 0.0397235 0.0658506 0.0884489 0.0962853 0.0850147 0.0610403 0.0359959 0.0181689 0.00920372 0.00667299 0.00769257 0.0104853 0.0142298 0.0185013 0.0229337 0.0271288 0.0306916 0.0333029 0.0347813 0.035109 0.0344119 0.0329071 0.0308372 0.028416 0.0258003 0.0230902 0.0203469 0.0176172 0.0149507
 1.03475e-16 3.08234e-05 0.000180907 0.000859947 0.00331084 0.0103245 0.0260789 0.053361 0.0884519 0.118789 0.129266 0.114024 0.0816259 0.0476455 0.0231398 0.0102251 0.0055441 0.00514408 0.0066067 0.0088722 0.0115047 0.0142337 0.0168024 0.018965 0.0205274 0.0213849 0.0215374 0.0210746 0.0201414 0.0188939 0.0174645 0.0159436 0.0143813 0.0128008 0.0112164 0.00964676
 1.01857e-16 3.23928e-05 0.000190118 0.000903733 0.00347942 0.0108502 0.0274068 0.0560782 0.0929563 0.124839 0.135854 0.119842 0.0858075 0.0501191 0.0244006 0.0108792 0.00602693 0.00568464 0.00729693 0.00972553 0.0124774 0.0152267 0.0176631 0.0194993 0.0205238 0.0206478 0.019922 0.0185159 0.0166689 0.0146302 0.0126072 0.0107374 0.0090844 0.0076544 0.00642086 0.0053475
 1.00842e-16 3.59966e-05 0.00021128 0.00100435 0.00386683 0.0120584 0.0304585 0.0623217 0.103303 0.138729 0.150951 0.133117 0.0952197 0.0554292 0.0266354 0.0112796 0.00540635 0.00436777 0.00531811 0.00701684 0.00897622 0.0109266 0.0126342 0.0138875 0.014532 0.0145045 0.0138457 0.0126849 0.0112049 0.00959642 0.00802067 0.00658655 0.00534716 0.00431049 0.00345681 0.00275553
 1.00629e-16 3.45898e-05 0.000203017 0.00096506 0.00371554 0.0115866 0.0292668 0.0598837 0.0992636 0.133307 0.145063 0.12795 0.0915791 0.0534218 0.0258799 0.0113185 0.00595546 0.00533657 0.00672558 0.00890855 0.011372 0.0137922 0.0158703 0.0173339 0.0179878 0.0177584 0.0167102 0.0150251 0.0129545 0.0107592 0.00865832 0.00679805 0.00524675 0.00400875 0.00304806 0.00231187
 1.01247e-16 2.86361e-05 0.000168055 0.000798823 0.00307545 0.00959047 0.0242249 0.0495684 0.0821689 0.110362 0.120126 0.106032 0.0760574 0.0447035 0.0222854 0.0108212 0.00724099 0.0079021 0.0105469 0.0141218 0.0180873 0.0220014 0.0254085 0.0278813 0.0291067 0.0289576 0.0275184 0.0250557 0.0219453 0.0185813 0.0152983 0.0123247 0.00977457 0.00766786 0.00596554 0.00460324
 1.01973e-16 2.99536e-05 0.000175796 0.000835637 0.00321722 0.0100326 0.0253415 0.0518526 0.0859532 0.115438 0.125633 0.110849 0.0794195 0.0464913 0.0228284 0.0105105 0.00629671 0.00635974 0.00834597 0.0111971 0.0144324 0.0177065 0.0206744 0.0230071 0.0244524 0.0248868 0.0243378 0.0229639 0.0210059 0.0187242 0.0163456 0.0140333 0.0118811 0.00992816 0.00818082 0.00663226
 1.02282e-16 2.90147e-05 0.000170281 0.000809416 0.00311626 0.00971772 0.0245463 0.0502256 0.083257 0.111819 0.121702 0.107397 0.0769814 0.0451353 0.0222951 0.0104874 0.00658479 0.00688773 0.00911539 0.0122291 0.0157353 0.0192598 0.0224234 0.0248666 0.0263189 0.0266565 0.0259253 0.0243165 0.02211 0.0196022 0.0170455 0.0146134 0.0123967 0.0104207 0.00867334 0.00712999
 1.01942e-16 3.20004e-05 0.000187815 0.000892784 0.00343726 0.0107188 0.0270748 0.0553987 0.0918299 0.123326 0.134206 0.118387 0.0847601 0.0494972 0.0240796 0.0107069 0.00589376 0.00553363 0.0071069 0.00949715 0.0122283 0.0149908 0.0174891 0.0194452 0.0206481 0.0209981 0.0205242 0.0193665 0.0177331 0.015846 0.0138955 0.0120139 0.0102725 0.00869508 0.00727812 0.00600927
 1.01905e-16 2.96997e-05 0.000174303 0.000828535 0.00318987 0.00994728 0.0251261 0.051412 0.0852235 0.11446 0.124575 0.10993 0.0787914 0.0461852 0.0227921 0.0106838 0.00665528 0.00691547 0.00912532 0.0122177 0.0156847 0.0191427 0.0222049 0.0245085 0.0257843 0.0259167 0.0249656 0.0231413 0.0207446 0.0180911 0.0154477 0.0129952 0.0108237 0.00895094 0.00735138 0.00598418
 1.02222e-16 2.91503e-05 0.000171078 0.000813206 0.00313085 0.00976323 0.0246612 0.0504608 0.0836466 0.112342 0.122269 0.107894 0.0773298 0.0453238 0.022359 0.0104689 0.00650936 0.00676221 0.00893704 0.0119943 0.0154455 0.0189245 0.0220607 0.0245017 0.0259801 0.0263699 0.0257093 0.0241787 0.0220454 0.0195953 0.0170741 0.0146539 0.0124286 0.0104301 0.00865386 0.00708253
 1.02016e-16 3.15515e-05 0.000185179 0.000880253 0.00338901 0.0105683 0.0266947 0.0546211 0.0905412 0.121596 0.132326 0.116734 0.0835889 0.048838 0.023805 0.0106633 0.00598098 0.00571251 0.00737438 0.0098626 0.0126998 0.0155684 0.0181622 0.0201927 0.021441 0.0218038 0.0213114 0.0201095 0.0184143 0.0164566 0.0144334 0.0124818 0.0106756 0.00903884 0.00756779 0.00624953
 1.01817e-16 3.09204e-05 0.000181471 0.00086262 0.00332111 0.0103566 0.0261599 0.053527 0.0887285 0.119164 0.129686 0.114421 0.0819679 0.0479614 0.0235089 0.0107522 0.00633928 0.00631228 0.00823499 0.01101 0.0141392 0.0172686 0.0200501 0.022157 0.0233469 0.0235136 0.022708 0.0211154 0.0190017 0.016647 0.0142881 0.0120863 0.0101227 0.00841466 0.00694216 0.00567188
 1.03508e-16 1.88886e-05 0.000110816 0.000526677 0.00202758 0.00632268 0.0159709 0.0326811 0.054182 0.0727936 0.0792892 0.0701179 0.0505838 0.0303108 0.0161878 0.00965172 0.00878654 0.0112725 0.015642 0.0211274 0.027189 0.0332491 0.0386601 0.0427984 0.045195 0.0456382 0.0442135 0.0412624 0.0372818 0.0327987 0.0282627 0.0239843 0.0201265 0.0167341 0.0137822 0.0112201
 1.0484e-16 2.59183e-05 0.000152107 0.000723025 0.00278365 0.0086805 0.0219263 0.0448645 0.0743697 0.0998818 0.108705 0.0959192 0.0687354 0.0402637 0.0198238 0.00922519 0.00567913 0.00589553 0.00786577 0.0107071 0.0140383 0.0175912 0.0210861 0.0242369 0.0267958 0.0285954 0.0295693 0.0297438 0.0292095 0.0280845 0.0264852 0.0245119 0.022251 0.0197842 0.0171988 0.0145907
 1.0365e-16 2.9466e-05 0.000172935 0.000822041 0.00316488 0.00986935 0.0249292 0.0510089 0.0845542 0.113558 0.123584 0.109035 0.0781045 0.0456915 0.02238 0.0102108 0.00599132 0.00595451 0.00778761 0.0104589 0.0135127 0.0166343 0.0195137 0.0218567 0.0234382 0.0241489 0.0240121 0.023164 0.0218072 0.0201536 0.0183776 0.0165926 0.0148516 0.0131656 0.0115283 0.0099364
pSPR Fmed_Fpbrs
0.448953   0.6 0.325
Fs Fmed_Fpbrs
0.64   0.351073 1.08697
SSBpbr Bo_Bmed_Bpbrs
1.7708e+06  706468  973941 486971
Ro
50011.1
SPR SPRFo_SPRFmed_SPRFpbrs
1.03294e+06 463742 335706
log_Ro
10.64
likeval ReclasPelacesDesembMPH_pf_preclas_ppelaces_ptallas_desvR_qrecl_qpela
 61.7739 20.9882 0.0173351 0.000627768 335.255 215.319 54.6911 0 17.1802 3.7399e-05 1.96794e-05 1.48722e-16 0 0 0
q_reclas_q_pelaces
0.420384 1.87973
M
0.7
N
 51007.8 13558.2 5043.92 594.426 0.328455
 62510.6 23216.9 4054.21 1508.24 177.845
 36949.7 28972.9 7715.09 1347.23 560.295
 53380.3 16579.5 7971.6 2122.73 524.837
 91857.4 25983.3 7328.46 3523.6 1170.27
 68226.2 45430.3 12601.6 3554.22 2276.48
 110478 32528.5 17797.8 4936.81 2284.23
 101587 53462.5 13897 7603.65 3085.01
 122057 47953.4 19762.7 5137.09 3951.12
 123516 57178.4 16956.5 6988.17 3213.63
 64500.9 58522.6 21599.8 6405.53 3853.85
 41359.2 29030 16389.6 6049.15 2873.2
 44631.6 18695.6 8338.17 4707.51 2562.73
 24073.8 19007.6 3795.2 1692.65 1475.86
 16831.1 9005.13 1812.61 361.92 302.157
 17817.3 6241.95 816.779 164.407 60.2328
 13700.5 7912.49 1617.07 211.599 58.1963
 16619 6294.74 2498.85 510.689 85.2043
 18826.2 7825.96 2294.39 910.814 217.199
 30791.4 8959.84 3034.2 889.556 437.341
 38845.4 14639.8 3453.8 1169.61 511.486
 49957.7 18902.1 6458.59 1523.7 741.643
 82520.1 24155.4 8036.18 2745.86 963.107
 117628 39692.1 9962.06 3314.25 1529.64
 54866.1 56697.2 16570 4158.8 2022.15
 80465.3 26583 24393.9 7129.23 2659.35
 119126 38977.8 11423.2 10482.5 4206.32
pred_Ctot
 3075.24 3993.25 1485.57 175.074 0.0967384
 3008.29 5652.29 987.018 367.19 43.2973
 2577.19 9609.44 2558.86 446.836 185.833
 760.559 1319.01 634.195 168.878 41.7543
 267.539 436.945 123.238 59.2542 19.6798
 1962.13 6991.59 1939.35 546.985 350.343
 2029.2 3295.94 1803.35 500.22 231.449
 3621.29 9995.77 2598.29 1421.64 576.797
 4988.67 10125.1 4172.8 1084.67 834.259
 4086.11 9995.39 2964.18 1221.61 561.776
 4369.69 18960.6 6998.07 2075.31 1248.6
 2683.31 9081.07 5126.93 1892.27 898.784
 4610.93 8359.17 3728.17 2104.82 1145.85
 4341.81 12073.2 2410.63 1075.13 937.434
 3116.49 5800.26 1167.52 233.115 194.621
 1363.31 2228 291.54 58.6833 21.4994
 740.058 2125.85 434.458 56.8502 15.6356
 619.992 1225.76 486.597 99.4455 16.5917
 564.714 1251.67 366.961 145.674 34.7384
 944.78 1462.91 495.407 145.242 71.4067
 562.562 1183.02 279.096 94.5142 41.3324
 946.96 1973.12 674.192 159.054 77.4177
 1866.13 2976.14 990.122 338.312 118.662
 2488.08 4593.84 1152.98 383.581 177.035
 961.02 5492.15 1605.11 402.856 195.882
 1421.43 2595.87 2382.09 696.178 259.688
 2695.64 4805.2 1408.25 1292.28 518.557
F
 0.0870973 0.507238 0.507238 0.507238 0.507238
 0.0689761 0.401704 0.401704 0.401704 0.401704
 0.10139 0.590475 0.590475 0.590475 0.590475
 0.0199873 0.116402 0.116402 0.116402 0.116402
 0.00405718 0.0236283 0.0236283 0.0236283 0.0236283
 0.0407134 0.237107 0.237107 0.237107 0.237107
 0.0258327 0.150445 0.150445 0.150445 0.150445
 0.0506856 0.295184 0.295184 0.295184 0.295184
 0.0583085 0.339578 0.339578 0.339578 0.339578
 0.0469608 0.273491 0.273491 0.273491 0.273491
 0.0983492 0.572767 0.572767 0.572767 0.572767
 0.0940084 0.547487 0.547487 0.547487 0.547487
 0.153602 0.894549 0.894549 0.894549 0.894549
 0.283332 1.65007 1.65007 1.65007 1.65007
 0.291936 1.70018 1.70018 1.70018 1.70018
 0.111727 0.650677 0.650677 0.650677 0.650677
 0.0777174 0.452611 0.452611 0.452611 0.452611
 0.0531006 0.309248 0.309248 0.309248 0.309248
 0.0424978 0.247499 0.247499 0.247499 0.247499
 0.0434902 0.253279 0.253279 0.253279 0.253279
 0.0203188 0.118333 0.118333 0.118333 0.118333
 0.0266692 0.155316 0.155316 0.155316 0.155316
 0.0318904 0.185723 0.185723 0.185723 0.185723
 0.0298011 0.173556 0.173556 0.173556 0.173556
 0.0246217 0.143392 0.143392 0.143392 0.143392
 0.0248339 0.144628 0.144628 0.144628 0.144628
 0.0319107 0.185842 0.185842 0.185842 0.185842
Np
 38380.4 17944.1 20029.3 5618.57 2222.23
YTP_r0W_actual
 41240.8 182912 77926.8 91322.6 40666.1
YTP_p0W_proyectada
 13287.1 268884 109648 41037.9 59023.5
 13287.1 84206.7 136636 48948.6 21484.2
CTP_r0_actual
 5029.37 8468.13 2481.75 2277.37 913.845
CTP_p0_proyectada
 1620.38 12448.3 3491.98 1023.39 1326.37
 1620.38 3898.46 4351.48 1220.66 482.791
Wmedp
 8.2 21.6 31.4 40.1 44.5
nmprior
 10.8 10.6 4.6 0
nm_flota  nm_reclas  nm_pelaces    nm_pelaL
inf 15.4917 17.2774 54.0094
cv_recla  cv_pelaces  cv_mph
0.680664 0.501855 0.669631
 ------------------------------------------------
Talla a la edad & desviaci?n 
 7.2 14.2025 17.0495 18.207 18.6776
 1.08 2.13037 2.55742 2.73105 2.80164
