years
 1997 1998 1999 2000 2001 2002 2003 2004 2005 2006 2007 2008 2009 2010 2011 2012 2013 2014 2015 2016 2017 2018 2019 2020 2021 2022 2023
reclasobs
 0 0 0 370054 412103 1.49427e+06 250295 1.28982e+06 931140 785840 897777 1.04006e+06 184774 17550 25797 100020 73551 82996 120727 218422 84188 347160 605670 569463 516374 1.08416e+06 1.01767e+06
reclaspred
 515463 131729 327100 212390 340910 432765 945555 662803 754065 797094 690664 475150 283670 113870 68404.1 68344.1 80173.9 108074 120841 161333 245455 236382 401046 532484 715535 700639 633433
pelacesobs
 0 0 0 0 0 0 0 0 0 2.06254e+06 1.5e+06 0 1.87456e+06 323000 250000 174000 83755 137374 0 501740 490994 745055 786931 1.00524e+06 1.33801e+06 1.41789e+06 0
pelacespred
 2.09479e+06 420349 647021 656898 957942 856494 2.53088e+06 1.97918e+06 2.13972e+06 2.24627e+06 1.60482e+06 1.13927e+06 716404 230900 151516 152052 183693 258893 276781 376853 669671 584746 810856 1.25545e+06 1.57948e+06 1.6659e+06 1.44789e+06
mphobs
 0 0 0 0 0 112323 0 153150 637223 0 255016 313432 73983 77613 109348 50772 17779 17303 59886 28197 0 207744 136588 643089 65757 70829 0
mphpred
 157947 86018.1 93781.9 85427.1 96987.1 164893 232557 299915 262457 287742 305029 209376 128140 67625.8 29578 24757.8 27130.5 34432.3 43778.2 50096.8 75320.8 93277.6 115124 163539 249413 261245 227796
desembarqueobs
 350755 77701 442110 56441 14545 235359 269955 359681 431902 328805 639364 411747 362871 311530 167758 66681 60226 58785 57116 73181 50977 67692 138656 160484 209506 203330 245020
desembarquepred
 350759 77698.3 442078 56444.7 14545.4 235455 270032 359663 431937 328801 639266 411767 362912 311617 167569 66672.7 60251.6 58777 57098.5 73175.9 50979.4 67680.5 138658 160495 209489 203307 245000
Reclutas
 35376.4 42882.7 20423.1 29160.2 53466.6 38230.1 74566.2 72161.6 96115.8 113907 63856.3 44577.2 48338.8 25866.7 14772 12809.4 9232.32 11223 12054.2 18698 24811.5 30908 50259 72035.9 33561.6 47688.4 59216.9
log_desv_Rt
 0.0138001 0.206223 -0.53558 -0.179439 0.426813 0.0913797 0.759443 0.726663 1.01331 1.18314 0.60439 0.244978 0.325989 -0.299288 -0.859512 -1.00207 -1.32953 -1.13428 -1.06283 -0.623829 -0.340938 -0.12123 0.364945 0.72492 -0.0388629 0.312443 0.528962
SSB
 429610 233967 255084 232359 263802 448505 632548 815761 713874 782651 829670 569497 348536 183940 80451.3 67340.6 73794.3 93654.9 119075 136262 204870 253712 313135 444821 678396 710580 619598
BT
 1.49763e+06 360760 606877 421789 543928 643591 1.62462e+06 1.49776e+06 1.60183e+06 1.56474e+06 1.44967e+06 997905 752079 415376 222388 139573 151423 192041 199248 269097 414268 377943 541060 825452 1.00861e+06 1.0726e+06 995725
Ftot
 1.07235 0.98922 1.74566 0.393423 0.0694514 0.662782 0.424195 0.804613 0.898161 0.644278 1.17716 1.06044 1.77669 3.51446 3.91564 1.57112 1.16825 0.827264 0.651957 0.679168 0.313417 0.378242 0.461186 0.449022 0.359123 0.341982 0.491486
BD_Bspro_t
 0.90457 0.626474 0.54093 0.348401 0.503162 0.686562 0.628796 0.655741 0.589317 0.565783 0.547902 0.385136 0.279579 0.188791 0.10337 0.105994 0.155012 0.249051 0.350747 0.441041 0.571343 0.683939 0.692051 0.701593 0.728791 0.67839 0.644929
BD_Bspro
 0.596136 0.324657 0.35396 0.322427 0.366057 0.622354 0.877737 1.13197 0.990587 1.08602 1.15127 0.790245 0.483635 0.255239 0.111636 0.0934431 0.102398 0.129957 0.165232 0.18908 0.284282 0.352056 0.434512 0.617242 0.941356 0.986015 0.859767
BD_Bo
 0.523068 0.284864 0.310576 0.282907 0.32119 0.546073 0.770154 0.993223 0.869172 0.95291 1.01016 0.693386 0.424357 0.223955 0.0979528 0.08199 0.0898476 0.114029 0.144979 0.165905 0.249438 0.308905 0.381255 0.541588 0.825975 0.865161 0.754387
BD_Brms
 0.951033 0.517935 0.564683 0.514377 0.583982 0.99286 1.40028 1.80586 1.58031 1.73256 1.83665 1.2607 0.771558 0.40719 0.178096 0.149073 0.163359 0.207325 0.263599 0.301645 0.453524 0.561646 0.693191 0.984705 1.50177 1.57302 1.37161
S_f
 0.091968 0.658046 0.973378 0.998563 0.999924
 0.091968 0.658046 0.973378 0.998563 0.999924
 0.091968 0.658046 0.973378 0.998563 0.999924
 0.091968 0.658046 0.973378 0.998563 0.999924
 0.091968 0.658046 0.973378 0.998563 0.999924
 0.091968 0.658046 0.973378 0.998563 0.999924
 0.091968 0.658046 0.973378 0.998563 0.999924
 0.091968 0.658046 0.973378 0.998563 0.999924
 0.091968 0.658046 0.973378 0.998563 0.999924
 0.091968 0.658046 0.973378 0.998563 0.999924
 0.091968 0.658046 0.973378 0.998563 0.999924
 0.091968 0.658046 0.973378 0.998563 0.999924
 0.091968 0.658046 0.973378 0.998563 0.999924
 0.091968 0.658046 0.973378 0.998563 0.999924
 0.091968 0.658046 0.973378 0.998563 0.999924
 0.091968 0.658046 0.973378 0.998563 0.999924
 0.091968 0.658046 0.973378 0.998563 0.999924
 0.091968 0.658046 0.973378 0.998563 0.999924
 0.091968 0.658046 0.973378 0.998563 0.999924
 0.091968 0.658046 0.973378 0.998563 0.999924
 0.091968 0.658046 0.973378 0.998563 0.999924
 0.091968 0.658046 0.973378 0.998563 0.999924
 0.091968 0.658046 0.973378 0.998563 0.999924
 0.091968 0.658046 0.973378 0.998563 0.999924
 0.091968 0.658046 0.973378 0.998563 0.999924
 0.091968 0.658046 0.973378 0.998563 0.999924
 0.091968 0.658046 0.973378 0.998563 0.999924
Scru_reclas
 0.530097 0.850239 0.966184 0.993093 0.99862
 0.530097 0.850239 0.966184 0.993093 0.99862
 0.530097 0.850239 0.966184 0.993093 0.99862
 0.530097 0.850239 0.966184 0.993093 0.99862
 0.530097 0.850239 0.966184 0.993093 0.99862
 0.530097 0.850239 0.966184 0.993093 0.99862
 0.530097 0.850239 0.966184 0.993093 0.99862
 0.530097 0.850239 0.966184 0.993093 0.99862
 0.530097 0.850239 0.966184 0.993093 0.99862
 0.530097 0.850239 0.966184 0.993093 0.99862
 0.530097 0.850239 0.966184 0.993093 0.99862
 0.530097 0.850239 0.966184 0.993093 0.99862
 0.530097 0.850239 0.966184 0.993093 0.99862
 0.530097 0.850239 0.966184 0.993093 0.99862
 0.530097 0.850239 0.966184 0.993093 0.99862
 0.530097 0.850239 0.966184 0.993093 0.99862
 0.530097 0.850239 0.966184 0.993093 0.99862
 0.530097 0.850239 0.966184 0.993093 0.99862
 0.530097 0.850239 0.966184 0.993093 0.99862
 0.530097 0.850239 0.966184 0.993093 0.99862
 0.530097 0.850239 0.966184 0.993093 0.99862
 0.530097 0.850239 0.966184 0.993093 0.99862
 0.530097 0.850239 0.966184 0.993093 0.99862
 0.530097 0.850239 0.966184 0.993093 0.99862
 0.530097 0.850239 0.966184 0.993093 0.99862
 0.530097 0.850239 0.966184 0.993093 0.99862
 0.530097 0.850239 0.966184 0.993093 0.99862
Scru_pelaces
 0.858669 1 1 1 1
 0.858669 1 1 1 1
 0.858669 1 1 1 1
 0.858669 1 1 1 1
 0.858669 1 1 1 1
 0.858669 1 1 1 1
 0.858669 1 1 1 1
 0.858669 1 1 1 1
 0.858669 1 1 1 1
 0.858669 1 1 1 1
 0.858669 1 1 1 1
 0.858669 1 1 1 1
 0.858669 1 1 1 1
 0.858669 1 1 1 1
 0.858669 1 1 1 1
 0.858669 1 1 1 1
 0.858669 1 1 1 1
 0.858669 1 1 1 1
 0.858669 1 1 1 1
 0.858669 1 1 1 1
 0.858669 1 1 1 1
 0.858669 1 1 1 1
 0.858669 1 1 1 1
 0.858669 1 1 1 1
 0.858669 1 1 1 1
 0.858669 1 1 1 1
 0.858669 1 1 1 1
pf_obs 
 0.256992 0.487395 0.22802 0.0275931 0
 0.321318 0.546541 0.124235 0.00734118 0.000564706
 0.182869 0.594174 0.210203 0.0122559 0.00049798
 0.330522 0.361315 0.267642 0.0388342 0.00168674
 0.649043 0.306663 0.0425973 0.00169635 0
 0.582887 0.30429 0.105238 0.00758474 0
 0.465427 0.430635 0.0974691 0.00646863 0
 0.296916 0.608066 0.0921331 0.00288517 0
 0.311714 0.524322 0.152257 0.0117073 0
 0.15457 0.633149 0.183074 0.0267441 0.00246327
 0.131901 0.49318 0.331252 0.0422183 0.00144891
 0.196976 0.569456 0.194076 0.0375587 0.00193317
 0.518974 0.381816 0.0799577 0.0180837 0.00116848
 0.0928022 0.601141 0.25162 0.0475244 0.00691264
 0.122501 0.610282 0.24278 0.0234846 0.000952079
 0.383417 0.481906 0.127806 0.00687128 0
 0.0376549 0.599619 0.316969 0.0457579 0
 0.0361596 0.667082 0.258105 0.0386534 0
 0.158088 0.579412 0.248529 0.0139706 0
 0.0477256 0.309471 0.559284 0.082774 0.000745712
 0.0406174 0.521527 0.379366 0.0568643 0.0016247
 0.151134 0.462217 0.34131 0.0453401 0
 0.294876 0.26143 0.354403 0.0886775 0.000613685
 0.281977 0.475581 0.204845 0.0348837 0.00271318
 0.0841818 0.532909 0.334909 0.0458182 0.00218182
 0.115287 0.27431 0.454777 0.147771 0.00785563
 0 0 0 0 0
pf_pred 
 0.291072 0.483054 0.201687 0.0241728 1.39397e-05
 0.272214 0.573854 0.122276 0.0283916 0.00326491
 0.142492 0.659678 0.172039 0.0206576 0.0051336
 0.248678 0.478902 0.238409 0.0297842 0.00422578
 0.269684 0.495393 0.172065 0.0552155 0.00764187
 0.140523 0.592212 0.202388 0.0478426 0.0170342
 0.259624 0.401403 0.266372 0.0554414 0.0171593
 0.198055 0.578118 0.145926 0.0616234 0.0162778
 0.248376 0.498218 0.206834 0.0307582 0.0158136
 0.236162 0.558778 0.158672 0.0381337 0.00825443
 0.133738 0.609096 0.210577 0.0363316 0.0102568
 0.142405 0.508403 0.284468 0.0534193 0.0113053
 0.238252 0.478395 0.205604 0.0638289 0.0139202
 0.224307 0.63769 0.108404 0.0218056 0.00779281
 0.292698 0.627868 0.0747319 0.00376732 0.000935142
 0.313669 0.630589 0.0539326 0.00171266 9.71213e-05
 0.200789 0.654392 0.138744 0.00588722 0.00018763
 0.240713 0.519741 0.213796 0.0247139 0.00103583
 0.214337 0.562246 0.175957 0.0425271 0.00493316
 0.266671 0.489198 0.196843 0.0375142 0.00977319
 0.237386 0.553031 0.161067 0.0393825 0.00913354
 0.206978 0.523063 0.216729 0.0411823 0.0120467
 0.251206 0.474073 0.206499 0.0550962 0.0131264
 0.24677 0.525827 0.166666 0.0460103 0.014727
 0.0925637 0.620515 0.225444 0.0454338 0.0160436
 0.150793 0.335567 0.395937 0.0930754 0.0246284
 0.186824 0.459967 0.177892 0.136058 0.0392586
pobs_RECLAS
 0 0 0 0 0
 0 0 0 0 0
 0 0 0 0 0
 0 0 0 0 0
 0.835266 0.146461 0.0176864 0.000547809 3.91292e-05
 0.385257 0.428462 0.181853 0.0044286 0
 0.867414 0.0963971 0.0333333 0.00285562 0
 0.441836 0.489002 0.0689373 0.000224442 0
 0.779404 0.147425 0.0564933 0.0165055 0.000172143
 0.814271 0.122319 0.05973 0.00367925 0
 0.40263 0.566651 0.0304383 0.000280538 0
 0.475488 0.404961 0.113038 0.00651328 0
 0.955842 0.0263864 0.0167828 0.000988607 0
 0.975058 0.0227948 0.00214734 0 0
 0.738997 0.206755 0.0527124 0.00153531 0
 0.850938 0.134255 0.0134407 0.00136685 0
 0.542534 0.407297 0.0501686 0 0
 0.764087 0.199537 0.0359546 0.000420521 0
 0.470689 0.182191 0.310203 0.0369168 0
 0.84361 0.089868 0.0606195 0.00523954 0.000663233
 0.607945 0.314616 0.071237 0.00620181 0
 0.523733 0.453247 0.0230204 0 0
 0.530135 0.295979 0.169645 0.0042399 0
 0.562478 0.366248 0.0663022 0.0049721 0
 0.250443 0.683176 0.0655157 0.000865301 0
 0.195077 0.31981 0.436473 0.0351445 0.0134964
 0.565238 0.351407 0.0832357 0.000118908 0
ppred_RECLAS
 0.678661 0.239062 0.0734813 0.00879074 5.08959e-06
 0.64967 0.292332 0.0460803 0.0106845 0.00123361
 0.470029 0.4379 0.080124 0.00956163 0.00238506
 0.621544 0.264179 0.0999911 0.0125048 0.00178155
 0.64088 0.263277 0.0701546 0.0225534 0.00313449
 0.448617 0.411612 0.105813 0.0250156 0.00894319
 0.641282 0.218513 0.11013 0.0229438 0.00713058
 0.551667 0.347732 0.0655796 0.0276797 0.00734132
 0.627527 0.27026 0.0834215 0.0123939 0.00639776
 0.603086 0.31098 0.0664808 0.0159801 0.00347324
 0.44329 0.425385 0.107565 0.0185136 0.00524727
 0.466836 0.354051 0.145943 0.0273575 0.00581287
 0.637063 0.256702 0.0772067 0.0238152 0.00521317
 0.655201 0.306295 0.0303863 0.00597639 0.00214193
 0.737119 0.245656 0.0162294 0.00079651 0.000198233
 0.696103 0.28592 0.0173967 0.000549724 3.12929e-05
 0.556049 0.382078 0.0592837 0.00250958 8.02991e-05
 0.615094 0.2864 0.0879214 0.0101571 0.000427442
 0.573938 0.32797 0.0772445 0.018672 0.00217483
 0.645692 0.257646 0.0779256 0.0148514 0.00388493
 0.60054 0.309892 0.0688011 0.016844 0.00392268
 0.56263 0.314031 0.0989802 0.0188285 0.00553056
 0.625884 0.259856 0.0858504 0.0229249 0.00548433
 0.616118 0.288997 0.0695071 0.019205 0.0061726
 0.332925 0.493349 0.136437 0.0275277 0.00976094
 0.483915 0.238231 0.214081 0.0503855 0.0133877
 0.538866 0.291443 0.0853935 0.06536 0.018937
pobs_PELACES
 0 0 0 0 0
 0 0 0 0 0
 0 0 0 0 0
 0 0 0 0 0
 0 0 0 0 0
 0 0 0 0 0
 0 0 0 0 0
 0 0 0 0 0
 0 0 0 0 0
 0 0 0 0 0
 0.450072 0.473896 0.0757376 0.000293798 0
 0 0 0 0 0
 0.463077 0.371075 0.160297 0.00555027 0
 0.529543 0.364841 0.0842815 0.0213345 0
 0.631943 0.363953 0.00410389 0 0
 0.735681 0.248677 0.0153453 0.000297389 0
 0.695825 0.281241 0.0229344 0 0
 0.275771 0.60734 0.115278 0.00161068 0
 0 0 0 0 0
 0.896147 0.0623911 0.0374545 0.00400742 0
 0.803859 0.145111 0.0509908 3.86294e-05 0
 0.739449 0.233085 0.0266225 0.000797448 4.60066e-05
 0.878498 0.100942 0.0204185 0.000141795 0
 0.694673 0.275183 0.0284847 0.00165964 0
 0.469039 0.446079 0.0841089 0.000773354 0
 0.822795 0.102175 0.0682046 0.00682512 0
 0 0 0 0 0
ppred_PELACES
 0.789997 0.165376 0.040009 0.00461536 2.6561e-06
 0.761001 0.206682 0.0258653 0.00578705 0.000664164
 0.639741 0.312334 0.041937 0.00479884 0.00118947
 0.718848 0.206126 0.065902 0.00799217 0.00113213
 0.720789 0.212226 0.0494065 0.015444 0.00213447
 0.570963 0.336076 0.0709604 0.0162318 0.00576911
 0.740084 0.169154 0.0717831 0.0144984 0.00448009
 0.67345 0.265207 0.0404787 0.0165115 0.00435342
 0.744037 0.196728 0.0486691 0.00698249 0.00358299
 0.710799 0.23595 0.0415095 0.00965552 0.00208638
 0.590769 0.330369 0.0650383 0.0107848 0.00303819
 0.613283 0.277024 0.0899894 0.0162678 0.00343578
 0.785698 0.164949 0.0362881 0.0107305 0.00233406
 0.840763 0.148014 0.00896386 0.00166587 0.000592805
 0.891897 0.103854 0.00401718 0.000185672 4.58728e-05
 0.811151 0.180384 0.00820162 0.000248872 1.40786e-05
 0.688879 0.276307 0.0334087 0.00136263 4.33361e-05
 0.730023 0.211466 0.0524153 0.00585084 0.000244767
 0.686321 0.252111 0.0488251 0.0114204 0.00132245
 0.750077 0.191422 0.0474719 0.00875273 0.00227623
 0.694567 0.245439 0.0464137 0.0110264 0.0025533
 0.665639 0.251356 0.0670276 0.0123659 0.00361156
 0.725811 0.200741 0.0556268 0.0143964 0.00342429
 0.714904 0.223891 0.0452232 0.0121115 0.00387036
 0.43394 0.436607 0.102357 0.0200323 0.00706274
 0.600564 0.201387 0.153687 0.0350914 0.00927098
 0.653656 0.234173 0.057369 0.0425461 0.0122561
pobs_pel_tallas
 0 0 0 0 0 0 0 0 0 0 0 0 0 0 0 0 0 0 0 0 0 0 0 0 0 0 0 0 0 0 0 0 0 0 0 0
 0 0 0 0 0 0 0 0 0 0 0 0 0 0 0 0 0 0 0 0 0 0 0 0 0 0 0 0 0 0 0 0 0 0 0 0
 0 0 0 0 0 0 0 0 0 0 0 0 0 0 0 0 0 0 0 0 0 0 0 0 0 0 0 0 0 0 0 0 0 0 0 0
 0 0 0 0 0 0 0 0 0 0 0 0 0 0 0 0 0 0 0 0 0 0 0 0 0 0 0 0 0 0 0 0 0 0 0 0
 0 0 0 0 0 0 0 0 0 0 0 0 0 0 0 0 0 0 0 0 0 0 0 0 0 0 0 0 0 0 0 0 0 0 0 0
 0 0 0 0 0 0 0 0 0 0 0 0 0 0 0 0 0 0 0 0 0 0 0 0 0 0 0 0 0 0 0 0 0 0 0 0
 0 0 0 0 0 0 0 0 0 0 0 0 0 0 0 0 0 0 0 0 0 0 0 0 0 0 0 0 0 0 0 0 0 0 0 0
 0 0 0 0 0 0 0 0 0 0 0 0 0 0 0 0 0 0 0 0 0 0 0 0 0 0 0 0 0 0 0 0 0 0 0 0
 0 0 0 0 0 0 0 0 0 0 0 0 0 0 0 0 0 0 0 0 0 0 0 0 0 0 0 0 0 0 0 0 0 0 0 0
 0 0 0 0 0 0 0 0 0 0 0 0 0 0 0 0 0 0 0 0 0 0 0 0 0 0 0 0 0 0 0 0 0 0 0 0
 0 0 0 0 0 0 0 0 1.78061e-05 0.00172719 0.00360574 0.0105946 0.0120993 0.0124554 0.0147524 0.0171206 0.0266825 0.0428682 0.0675386 0.121331 0.153587 0.119568 0.100827 0.0573624 0.0630603 0.0341343 0.0324427 0.0444173 0.0211091 0.0280891 0.0125444 0.00206551 0 0 0 0
 0 0 0 0 0 0 0 0 0 0 0 0 0 0 0 0 0 0 0 0 0 0 0 0 0 0 0 0 0 0 0 0 0 0 0 0
 0 0 0 0 0 0 0.0133647 0.0140871 0.0187388 0.0205184 0.03894 0.0496705 0.03968 0.0493445 0.0407372 0.0367815 0.0215668 0.0243155 0.0234873 0.0199281 0.019796 0.0243948 0.0301388 0.0376714 0.0412746 0.0863199 0.0771752 0.113111 0.0741005 0.0525337 0.0229764 0.00759418 0.00175318 0 0 0
 0 0 0 0 0 0 0 0 0 0 0.00219441 0.00772107 0.0458388 0.0604681 0.0671733 0.0775358 0.0609151 0.0617685 0.073594 0.0568108 0.0755445 0.0548602 0.0670107 0.0636378 0.0643287 0.046367 0.0373049 0.0286899 0.0247887 0.0153202 0.00654259 0.00121912 0.000365735 0 0 0
 0 0 0 0 0 0 0 0 0 0 0 0 0.000112435 0.00938835 0.0111873 0.0202946 0.0414886 0.0713402 0.111592 0.104902 0.108894 0.110636 0.117776 0.105296 0.107544 0.0401394 0.0192827 0.0124803 0.00416011 0.0028671 0.000618394 0 0 0 0 0
 0 0 0 0 0 0 0 0 0 0 0.00291406 0.0102884 0.027416 0.0768956 0.0749926 0.110853 0.0956884 0.0897413 0.0766577 0.0534642 0.0500743 0.0551293 0.0594112 0.0620874 0.0668451 0.0424026 0.0208742 0.0120726 0.0048766 0.00582813 0.00118941 0.000297354 0 0 0 0
 0 0.00264628 0.0354308 0.0461629 0.0458689 0.0383711 0.0214643 0.0164657 0.0346957 0.0420465 0.0363128 0.0245516 0.0311673 0.0291091 0.0169068 0.0133784 0.00837989 0.0085269 0.0148486 0.0160247 0.0276389 0.0546898 0.0760071 0.122758 0.109233 0.0665981 0.0333725 0.0166128 0.00676272 0.00308733 0.000882094 0 0 0 0 0
 0 0 0 0 0 0 0 0.000805153 0.000690131 0.00759144 0.0133425 0.0154129 0.00931677 0.000345066 0.00356568 0.00563607 0.00851162 0.0253048 0.0502646 0.0516448 0.0657925 0.0565908 0.0611916 0.0827007 0.0866115 0.110766 0.145733 0.0935128 0.0569358 0.0249597 0.0138026 0.00621118 0.00161031 0.00115022 0 0
 0 0 0 0 0 0 0 0 0 0 0 0 0 0 0 0 0 0 0 0 0 0 0 0 0 0 0 0 0 0 0 0 0 0 0 0
 0.00147267 0.00158595 0.00478618 0.00569244 0.00954404 0.0108468 0.00647125 0.017049 0.0510054 0.094081 0.124002 0.0959785 0.0687766 0.0820023 0.061753 0.0591476 0.0492212 0.0479892 0.0443925 0.0268479 0.0217502 0.0140895 0.0121071 0.0120363 0.00920419 0.00665534 0.0049561 0.00860946 0.00930331 0.0156896 0.0114698 0.00855282 0.00243557 0.00046729 0 2.83206e-05
 0 0 0 0 0.000772559 0.00158375 0.000888443 0.00281984 0.00712685 0.0440552 0.0773331 0.111326 0.0921469 0.0852325 0.0710754 0.0886704 0.0786465 0.0553345 0.0373146 0.0185414 0.00753245 0.00457741 0.012979 0.0271748 0.0457355 0.0583668 0.034881 0.0177882 0.00938659 0.00492506 0.0015258 0.00185414 0.000309023 5.79419e-05 3.86279e-05 0
 0 0.00173294 0.00326652 0 0.00397197 0.00683976 0.00946217 0.0152591 0.00757587 0.0136028 0.0228656 0.0392903 0.0559909 0.0764795 0.0681675 0.0726916 0.0566044 0.0477403 0.0527397 0.0444891 0.0609904 0.0582453 0.0661739 0.0445044 0.0529084 0.0360697 0.0280645 0.0235558 0.0158879 0.00826598 0.00280645 0.00217768 0.000904811 0.00058276 9.20147e-05 0
 0 0 0 0 0 0 0 0 0 0 0 0 0 0 0 0 0 0 0 0 0 0 0 0 0 0 0 0 0 0 0 0 0 0 0 0
 0 0 0 0 0 0 0 0 0 0 0 0 0 0 0 0 0 0 0 0 0 0 0 0 0 0 0 0 0 0 0 0 0 0 0 0
 0 0 0 0 0 0 0 0 0 0 0 0 0 0 0 0 0 0 0 0 0 0 0 0 0 0 0 0 0 0 0 0 0 0 0 0
 0 0 0 0 0 0 0 0 0 0 0 0 0 0 0 0 0 0 0 0 0 0 0 0 0 0 0 0 0 0 0 0 0 0 0 0
 0 0 0 0 0 0 0 0 0 0 0 0 0 0 0 0 0 0 0 0 0 0 0 0 0 0 0 0 0 0 0 0 0 0 0 0
ppred_pel_tallas
 1.00781e-16 3.4467e-05 0.000202297 0.000961639 0.00370238 0.0115455 0.0291631 0.0596714 0.0989114 0.132834 0.144545 0.127488 0.0912366 0.0531986 0.0257286 0.0111799 0.00578115 0.00509383 0.00639504 0.00848415 0.0108639 0.0132301 0.0153035 0.0168273 0.0176126 0.0175797 0.0167743 0.0153501 0.0135261 0.0115335 0.00957013 0.00777245 0.00621117 0.00490267 0.00382903 0.00295734
 1.00665e-16 3.32043e-05 0.000194881 0.00092637 0.00356657 0.011122 0.0280933 0.0574829 0.0952852 0.127968 0.139261 0.122854 0.0879763 0.051411 0.0250757 0.0112566 0.00633889 0.00605801 0.00778768 0.0103474 0.0132107 0.0160173 0.0184223 0.0201091 0.0208508 0.0205626 0.0193207 0.017338 0.0149089 0.0123385 0.00988291 0.00771325 0.00590937 0.00447603 0.00337058 0.00253038
 1.00918e-16 2.79211e-05 0.000163854 0.000778843 0.00299851 0.00935052 0.0236189 0.0483286 0.080115 0.107607 0.117137 0.103415 0.0742295 0.0437269 0.0219795 0.0109712 0.00772413 0.00869558 0.0116802 0.0156284 0.0199708 0.0242161 0.027852 0.0304007 0.0315187 0.0310766 0.0291887 0.0261767 0.0224854 0.0185772 0.0148408 0.0115372 0.00878966 0.00660759 0.00492815 0.00365742
 1.01331e-16 3.13663e-05 0.00018409 0.000875068 0.00336904 0.010506 0.0265374 0.0542995 0.0900086 0.120883 0.131555 0.116064 0.0831345 0.0486225 0.0237931 0.0108151 0.00628479 0.0061849 0.0080443 0.0107536 0.0138153 0.0168811 0.0196095 0.021679 0.0228481 0.0230073 0.0221999 0.0206011 0.018468 0.0160751 0.0136597 0.0113891 0.00935509 0.00758753 0.00607785 0.00480065
 1.01401e-16 3.14511e-05 0.000184587 0.000877433 0.00337815 0.0105344 0.0266091 0.0544462 0.090252 0.12121 0.131912 0.116382 0.0833667 0.048768 0.023882 0.0108846 0.0063634 0.00628974 0.00818327 0.0109266 0.0140138 0.0170871 0.0197962 0.021814 0.0228989 0.0229479 0.0220173 0.0202994 0.018069 0.0156151 0.0131825 0.010939 0.00896914 0.00729049 0.00588004 0.00469876
 1.01945e-16 2.49231e-05 0.00014625 0.000695149 0.00267626 0.0083456 0.0210805 0.0431352 0.0715076 0.0960516 0.104573 0.0923582 0.0663697 0.0392516 0.0200174 0.0104669 0.00797264 0.00939683 0.0127805 0.0171722 0.0220206 0.0268169 0.0310157 0.0341014 0.0356946 0.0356381 0.0340291 0.0311828 0.0275446 0.0235822 0.0196911 0.0161404 0.0130638 0.0104846 0.00835857 0.00661379
 1.01782e-16 3.22908e-05 0.000189521 0.000900895 0.0034685 0.0108162 0.0273208 0.055902 0.0926639 0.124445 0.135421 0.119452 0.0855097 0.0499081 0.0242295 0.0106891 0.00576589 0.00531389 0.00679194 0.00907993 0.0117094 0.0143842 0.0168238 0.0187626 0.0199961 0.0204218 0.0200573 0.0190247 0.0175119 0.015723 0.0138363 0.0119808 0.0102317 0.00862266 0.00716244 0.00585055
 1.01432e-16 2.9389e-05 0.000172476 0.000819845 0.0031564 0.0098429 0.0248625 0.0508728 0.0843306 0.113264 0.123279 0.108803 0.0780193 0.0458041 0.0227363 0.0108775 0.00706696 0.00755865 0.0100334 0.0134167 0.0171718 0.020872 0.0240831 0.0264001 0.0275295 0.0273561 0.0259675 0.0236241 0.0206884 0.0175372 0.014486 0.0117457 0.00941481 0.00750165 0.00595887 0.00471765
 1.01163e-16 3.24642e-05 0.000190537 0.00090572 0.00348706 0.0108741 0.0274671 0.0562015 0.0931609 0.125115 0.136156 0.120113 0.086011 0.0502575 0.0245045 0.0109875 0.00617383 0.00589722 0.00759598 0.0101247 0.0129799 0.0158215 0.0183223 0.0201777 0.021163 0.0211822 0.0202876 0.0186586 0.0165514 0.0142369 0.0119454 0.00983587 0.00798972 0.00642554 0.0051228 0.00404471
 1.01096e-16 3.10164e-05 0.000182033 0.000865286 0.00333137 0.0103885 0.0262407 0.0536925 0.0890035 0.119536 0.130095 0.114793 0.08226 0.0481832 0.0237119 0.0110023 0.00669889 0.00683431 0.00895964 0.0119582 0.0153028 0.0186016 0.0214648 0.0235303 0.0245346 0.024373 0.0231213 0.02101 0.0183615 0.0155127 0.0127474 0.0102577 0.00813656 0.00639611 0.00499812 0.00388354
 1.01544e-16 2.57865e-05 0.00015132 0.000719252 0.00276907 0.008635 0.0218115 0.0446309 0.0739865 0.0993795 0.108191 0.0955436 0.0686355 0.0405448 0.0205902 0.0106252 0.00792189 0.00922623 0.0125083 0.0167879 0.0215072 0.0261603 0.0302091 0.0331463 0.0346006 0.0344215 0.0327109 0.0297866 0.0260961 0.0221085 0.0182205 0.0147024 0.0116879 0.00919859 0.00718633 0.0055733
 1.02088e-16 2.67661e-05 0.000157076 0.000746626 0.00287448 0.00896375 0.0226419 0.0463294 0.0768003 0.103153 0.112285 0.0991234 0.0711303 0.0418646 0.0209771 0.0103663 0.00717617 0.00801546 0.0107837 0.0144995 0.0186525 0.0228136 0.0265318 0.0293769 0.0310239 0.0313238 0.0303309 0.0282756 0.025497 0.0223573 0.0191689 0.0161513 0.0134249 0.0110293 0.00895488 0.00717185
 1.01047e-16 3.42795e-05 0.000201197 0.000956407 0.00368223 0.0114827 0.0290044 0.0593467 0.0983732 0.132111 0.143759 0.126795 0.0907413 0.0529112 0.0255923 0.0111253 0.0057599 0.00508207 0.00638425 0.00847284 0.0108539 0.0132254 0.0153105 0.0168546 0.0176708 0.0176806 0.0169296 0.0155698 0.0138168 0.0118973 0.0100032 0.0082649 0.00674768 0.0054638 0.00439326 0.00350334
 1.00261e-16 3.66799e-05 0.000215291 0.00102341 0.00394023 0.0122873 0.0310367 0.0635047 0.105265 0.141363 0.153818 0.135649 0.0970372 0.0565002 0.0271736 0.0115462 0.00558758 0.00455947 0.00555646 0.00730465 0.00929321 0.0112312 0.012865 0.0139684 0.0143826 0.014053 0.0130426 0.011514 0.00968763 0.00779076 0.00601237 0.00447696 0.00323951 0.00229759 0.00161217 0.00112868
 1.001e-16 3.89078e-05 0.000228375 0.00108563 0.00417978 0.0130343 0.0329235 0.067365 0.111662 0.149949 0.163148 0.143847 0.102835 0.0597422 0.0284823 0.0116717 0.00501179 0.00345994 0.00393335 0.00510276 0.00647504 0.00781374 0.00893486 0.00967898 0.00993538 0.00966736 0.00892142 0.00781431 0.0065037 0.00515158 0.00389256 0.00281503 0.00195744 0.00131693 0.000864054 0.00055796
 1.00185e-16 3.539e-05 0.000207715 0.000987391 0.00380153 0.0118547 0.0299441 0.0612695 0.101561 0.136392 0.148418 0.130908 0.0936915 0.0546447 0.0264545 0.0115379 0.00602208 0.00534575 0.00670486 0.00885302 0.0112612 0.0135963 0.0155528 0.0168556 0.0173122 0.0168582 0.0155734 0.0136596 0.0113897 0.00904425 0.00685674 0.0049807 0.00348345 0.00236079 0.00156264 0.00101906
 1.00614e-16 3.00623e-05 0.000176428 0.000838628 0.00322872 0.0100684 0.0254321 0.0520384 0.0862629 0.115859 0.126105 0.111298 0.079812 0.0468631 0.0232735 0.0111523 0.00726563 0.0077792 0.0103158 0.0137683 0.017577 0.0212927 0.0244592 0.0266535 0.0275729 0.027106 0.025358 0.0226189 0.019288 0.0157801 0.0124435 0.00951199 0.00709519 0.00519989 0.00376698 0.00270849
 1.01026e-16 3.18537e-05 0.000186951 0.000888671 0.00342141 0.0106693 0.02695 0.0551436 0.0914079 0.122762 0.1336 0.117869 0.0844271 0.0493785 0.0241627 0.0109813 0.00637625 0.00626536 0.00813529 0.0108543 0.0139112 0.0169464 0.0196086 0.0215698 0.0225881 0.0225609 0.0215457 0.0197376 0.0174156 0.0148744 0.0123661 0.0100651 0.00806219 0.00637891 0.00499343 0.00386477
 1.0123e-16 2.99498e-05 0.000175769 0.000835503 0.00321669 0.0100309 0.0253374 0.0518445 0.0859407 0.115425 0.125627 0.110865 0.0794763 0.0466157 0.0230581 0.0108969 0.00690372 0.00725633 0.00959203 0.0128241 0.0164227 0.0199775 0.0230738 0.025324 0.0264448 0.0263214 0.0250312 0.0228162 0.0200167 0.0169894 0.0140357 0.0113605 0.00906485 0.00716473 0.00562336 0.00438198
 1.01144e-16 3.27274e-05 0.000192082 0.000913068 0.00351536 0.0109623 0.0276899 0.0566575 0.0939166 0.126129 0.137258 0.121081 0.0866956 0.0506401 0.0246584 0.0110012 0.00610403 0.00576466 0.00740041 0.00985941 0.0126405 0.01541 0.0178492 0.0196618 0.0206289 0.0206567 0.0197956 0.0182193 0.0161765 0.0139299 0.0117031 0.00965021 0.00785055 0.00632245 0.00504655 0.00398785
 1.01238e-16 3.03091e-05 0.000177879 0.000845536 0.00325532 0.0101514 0.0256417 0.052467 0.0869725 0.116809 0.127132 0.112187 0.0804119 0.0471396 0.0232711 0.0109202 0.00681552 0.00708561 0.00933895 0.0124795 0.0159797 0.0194375 0.0224486 0.0246362 0.025725 0.0256038 0.0243486 0.0221955 0.019476 0.0165374 0.0136726 0.0110802 0.00885731 0.00701847 0.0055267 0.004324
 1.01628e-16 2.90479e-05 0.000170475 0.000810332 0.00311978 0.0097287 0.024574 0.0502825 0.0833518 0.111948 0.121846 0.107533 0.0770997 0.0452455 0.0224252 0.0106742 0.00686741 0.00730377 0.00969661 0.0129943 0.0166818 0.0203554 0.0236032 0.0260365 0.0273661 0.0274661 0.0263981 0.0243855 0.0217497 0.0188313 0.0159208 0.0132195 0.0108321 0.00878555 0.00705828 0.00560913
 1.0151e-16 3.16697e-05 0.000185871 0.00088354 0.00340166 0.0106078 0.0267944 0.0548252 0.0908798 0.122052 0.132825 0.117181 0.083924 0.0490639 0.0239709 0.0108312 0.00620392 0.00602989 0.007813 0.0104353 0.013401 0.0163687 0.0190067 0.0210043 0.0221298 0.0222803 0.0215016 0.0199675 0.0179293 0.0156533 0.0133669 0.0112273 0.00931658 0.00765666 0.00623299 0.00501677
 1.01312e-16 3.1195e-05 0.000183082 0.000870276 0.00335059 0.0104485 0.0263921 0.0540022 0.0895163 0.120223 0.130841 0.115444 0.0827106 0.0484158 0.0237682 0.0109312 0.00652535 0.00655755 0.00856641 0.0114365 0.0146519 0.0178384 0.0206268 0.0226729 0.0237246 0.0236782 0.0225997 0.0207 0.0182768 0.0156418 0.0130584 0.0107051 0.00866962 0.00696607 0.0055634 0.00441258
 1.02614e-16 1.89524e-05 0.000111188 0.000528437 0.00203434 0.00634377 0.0160242 0.0327904 0.0543641 0.0730405 0.0795646 0.0703768 0.0508037 0.0305086 0.0164128 0.00996836 0.0092619 0.0119694 0.0166115 0.0223976 0.0287499 0.0350407 0.0405676 0.0446598 0.0468205 0.0468396 0.044836 0.0412106 0.0365345 0.0314094 0.0263461 0.0216952 0.017634 0.0142001 0.011344 0.00898094
 1.03887e-16 2.62085e-05 0.000153809 0.000731111 0.00281477 0.00877755 0.0221715 0.0453664 0.0752021 0.101001 0.109928 0.0970091 0.0695397 0.0407815 0.0201649 0.00952656 0.00605241 0.00641712 0.00858354 0.0116426 0.0151809 0.0188909 0.0224502 0.0255354 0.027877 0.0293083 0.0297883 0.0293899 0.0282627 0.0265854 0.0245259 0.0222202 0.0197706 0.0172568 0.0147493 0.0123178
 1.02926e-16 2.85246e-05 0.000167404 0.000795739 0.0030636 0.00955351 0.0241315 0.0493769 0.0818503 0.109931 0.119647 0.105587 0.0756901 0.0443908 0.0219509 0.0103649 0.00656094 0.0069039 0.00915255 0.0122851 0.0158143 0.0193684 0.0225704 0.0250638 0.0265814 0.0270025 0.0263752 0.0248905 0.0228245 0.0204664 0.0180573 0.0157575 0.0136442 0.0117312 0.00999934 0.00842206
pSPR Fmed_Fpbrs
0.525089   0.6 0.325
Fs Fmed_Fpbrs
0.64   0.463352 1.61489
SSBpbr Bo_Bmed_Bpbrs
821327  390203  451730 225865
Ro
34891.6
SPR SPRFo_SPRFmed_SPRFpbrs
720658 378410 234214
log_Ro
10.28
likeval ReclasPelacesDesembMPH_pf_preclas_ppelaces_ptallas_desvR_qrecl_qpela
 65.2861 14.8769 0.0101533 0.000561672 329.836 208.804 55.4871 0 16.9296 2.16407e-07 7.71303e-05 2.07275e-14 0 0 0
q_reclas_q_pelaces
0.936206 3.48849
M
0.7
N
 35376.4 10524.5 3371.14 397.703 0.229152
 42882.7 15917.6 2580.67 589.456 67.726
 20423.1 19443.1 4122.54 489.272 121.513
 29160.2 8637.56 3061.08 374.294 53.0443
 53466.6 13966 3310.93 1036.47 143.259
 38230.1 26381.7 6625.47 1536.69 546.578
 74566.2 17861.9 8469.99 1725.96 533.589
 72161.6 35611.7 6709.53 2783.27 734.507
 96115.8 33278.4 10414.5 1522.47 782.036
 113907 43945.5 9151.13 2157.51 466.538
 63856.3 53310.3 14281.8 2427.23 684.689
 44577.2 28456.4 12200.9 2255.04 476.839
 48338.8 20079.4 7032.58 2158.24 470.395
 25866.7 20385.7 3097.36 619.502 221.329
 14772 9297.43 1002.16 50.2699 12.475
 12809.4 5117.26 351.012 11.0068 0.623758
 9232.32 5505.14 903.707 37.7705 1.20281
 11223 4117.59 1267.34 143.934 6.02701
 12054.2 5164.88 1186.36 281.303 32.598
 18698 5637.56 1670.07 312.325 81.2853
 24811.5 8722.91 1790.56 428.175 99.1841
 30908 11970.9 3524.4 655.376 191.49
 50259 14823.7 4634.75 1211.11 288.221
 72035.9 23921.4 5434.39 1469.14 469.718
 33561.6 34324.8 8840.1 1743.12 614.818
 47688.4 16124.7 13457.7 3094.84 817.958
 59216.9 22948.1 6393.71 4790.68 1380.8
pred_Ctot
 2402.98 3987.91 1665.06 199.561 0.115081
 2695.98 5683.39 1211.01 281.188 32.3354
 2198.72 10179.1 2654.64 318.757 79.2137
 746.777 1438.14 715.938 89.4413 12.69
 244.908 449.881 156.257 50.1428 6.9398
 1631.56 6875.94 2349.84 555.481 197.777
 2056.4 3179.39 2109.85 439.135 135.913
 3717.45 10851.2 2739 1156.66 305.532
 5506.46 11045.4 4585.49 681.906 350.586
 4729.04 11189.3 3177.34 763.612 165.292
 4741.56 21594.9 7465.79 1288.1 363.646
 2995.75 10695.2 5984.32 1123.78 237.828
 5290.13 10622.2 4565.22 1417.25 309.082
 5233.96 14879.8 2529.5 508.81 181.837
 3279.65 7035.19 837.363 42.2124 10.4782
 1249.75 2512.45 214.883 6.82373 0.38696
 680.59 2218.11 470.282 19.9552 0.635986
 593.896 1282.33 527.487 60.9751 2.55564
 506.257 1328 415.603 100.447 11.6519
 817.169 1499.07 603.194 114.956 29.9483
 507.831 1183.08 344.565 84.2495 19.539
 761.46 1924.32 797.334 151.507 44.3189
 1504.67 2839.6 1236.89 330.015 78.6244
 2100.79 4476.44 1418.86 391.692 125.373
 785.646 5266.7 1913.49 385.625 136.172
 1063.8 2367.32 2793.21 656.619 173.746
 1887.03 4645.93 1796.81 1374.27 396.534
F
 0.0986222 0.705658 1.04381 1.07081 1.07227
 0.0909766 0.650953 0.962885 0.987798 0.989145
 0.160544 1.14872 1.69918 1.74315 1.74552
 0.0361823 0.25889 0.382949 0.392857 0.393393
 0.0063873 0.0457022 0.0676024 0.0693515 0.0694461
 0.0609547 0.436141 0.645137 0.661829 0.662731
 0.0390124 0.27914 0.412902 0.423586 0.424163
 0.0739986 0.529472 0.783192 0.803456 0.804552
 0.0826021 0.591031 0.87425 0.89687 0.898093
 0.0592529 0.423965 0.627126 0.643352 0.644229
 0.108261 0.774624 1.14582 1.17547 1.17707
 0.0975269 0.697821 1.03221 1.05892 1.06036
 0.163399 1.16914 1.72939 1.77414 1.77656
 0.323218 2.31268 3.4209 3.50941 3.51419
 0.360114 2.57667 3.8114 3.91001 3.91534
 0.144493 1.03387 1.52929 1.56886 1.571
 0.107442 0.768766 1.13715 1.16658 1.16817
 0.0760819 0.544378 0.805241 0.826075 0.827202
 0.0599592 0.429018 0.634601 0.65102 0.651908
 0.0624618 0.446924 0.661088 0.678192 0.679117
 0.0288243 0.206243 0.305073 0.312966 0.313393
 0.0347862 0.248901 0.368172 0.377698 0.378213
 0.0424143 0.303481 0.448908 0.460523 0.461151
 0.0412957 0.295477 0.437068 0.448377 0.448988
 0.0330278 0.236319 0.349562 0.358606 0.359095
 0.0314514 0.22504 0.332877 0.34149 0.341956
 0.045201 0.323421 0.478402 0.49078 0.491449
Np
 24527.6 11671.9 10289.2 2608.56 807.445
YTP_r0W_actual
 14604.4 95340.7 53783.6 52546.9 16825.9
YTP_p0W_proyectada
 6049.14 116772 69371.1 21583.8 23136.6
 6049.14 48492.2 86552.6 28612.2 9839.18
CTP_r0_actual
 1781.03 4413.92 1712.85 1310.4 378.109
CTP_p0_proyectada
 737.7 5406.13 2209.27 538.25 519.922
 737.7 2245.01 2756.45 713.52 221.105
Wmedp
 8.2 21.6 31.4 40.1 44.5
nmprior
 10.8 10.6 4.6 0
nm_flota  nm_reclas  nm_pelaces    nm_pelaL
inf 23.7027 17.8646 56.5966
cv_recla  cv_pelaces  cv_mph
0.699747 0.42252 0.633399
 ------------------------------------------------
Talla a la edad & desviaci?n 
 7.2 14.2025 17.0495 18.207 18.6776
 1.08 2.13037 2.55742 2.73105 2.80164
