years
 1997 1998 1999 2000 2001 2002 2003 2004 2005 2006 2007 2008 2009 2010 2011 2012 2013 2014 2015 2016 2017 2018 2019 2020 2021 2022 2023
reclasobs
 0 0 0 370054 412103 1.49427e+06 250295 1.28982e+06 931140 785840 897777 1.04006e+06 184774 17550 25797 100020 73551 82996 120727 218422 84188 347160 605670 569463 516374 1.08416e+06 1.01767e+06
reclaspred
 1.85962e+06 318771 607931 197158 266321 355529 699839 640172 682208 876134 950918 691354 365455 146855 82002.4 80510.1 83318.4 110367 138805 146093 218540 239536 380157 490889 773688 689561 343557
pelacesobs
 0 0 0 0 0 0 0 0 0 2.06254e+06 1.5e+06 0 1.87456e+06 323000 250000 174000 83755 137374 0 501740 490994 745055 786931 1.00524e+06 1.33801e+06 1.41789e+06 0
pelacespred
 3.8346e+06 1.22159e+06 649662 484356 773800 597907 2.08588e+06 1.80376e+06 1.78525e+06 2.48436e+06 2.08612e+06 1.53319e+06 898140 292912 167758 164439 174332 250404 297715 293215 576157 567470 682134 1.08034e+06 1.57113e+06 1.41705e+06 529431
mphobs
 0 0 0 0 0 112323 0 153150 637223 0 255016 313432 73983 77613 109348 50772 17779 17303 59886 28197 0 207744 136588 643089 65757 70829 0
mphpred
 407111 165253 148792 64719.8 53127.2 132950 153535 275837 245721 276722 374165 256443 155259 93133.5 44079.3 31813.7 28696.4 33848.9 45048.9 44094.3 57484.9 78117.5 90858.2 128440 215740 184934 131832
desembarqueobs
 350755 77701 442110 56441 14545 235359 269955 359681 431902 328805 639364 411747 362871 311530 167758 66681 60226 58785 57116 73181 50977 67692 138656 160484 209506 203330 245020
desembarquepred
 350731 77662.5 441555 56420 14543.6 235227 269922 359157 431462 328540 638297 411117 362214 310996 167263 66613.4 60198.3 58708.1 57040.4 73101.8 50962.4 67626.1 138550 160386 209331 203106 244766
Reclutas
 17058.7 44232.9 3982.34 7615.29 37733.4 15582.7 64231.6 57602.1 68395 114618 65411.2 46807.2 56430.3 29075.9 12511.4 9550.04 7098.29 9116.18 8045.73 9728.26 16319 18308.4 30240.6 48690.5 16135.3 29335.1 4287.56
log_desv_Rt
 -0.235583 0.717224 -1.69037 -1.04209 0.558302 -0.326081 1.09025 0.981314 1.15305 1.66936 1.10845 0.773792 0.960762 0.297663 -0.545607 -0.815699 -1.11239 -0.862194 -0.987103 -0.79721 -0.279917 -0.164887 0.33694 0.81324 -0.291234 0.306541 -1.61653
SSB
 623939 253268 228039 99189.8 81422.9 203760 235309 422749 376593 424106 573446 393026 237951 142737 67556 48757.7 43980.2 51876.9 69042.1 67579.1 88101.6 119723 139250 196848 330644 283431 202045
BT
 1.21279e+06 388676 370444 165596 267202 319726 1.05986e+06 964653 1.03244e+06 1.17025e+06 1.18429e+06 823440 684510 395129 200684 108015 106402 132174 125587 144473 223433 196205 280542 451540 509432 507338 303752
Ftot
 0.570072 0.867906 1.84757 0.937917 0.236023 1.73504 1.53827 1.77161 2.04267 1.3403 1.9001 1.74376 3.0259 4.95303 4.95303 2.35287 2.16396 1.72667 1.21114 1.53209 0.790122 0.867893 1.12773 1.08455 0.778879 0.949278 1.83131
BD_Bspro_t
 0.934525 0.640386 0.516591 0.192174 0.254217 0.505623 0.397476 0.493284 0.417855 0.405488 0.442453 0.292352 0.20078 0.14441 0.0831336 0.0743994 0.0929679 0.149363 0.233047 0.2747 0.361456 0.499496 0.493527 0.505818 0.559891 0.446915 0.359659
BD_Bspro
 1.39918 0.567953 0.511377 0.222433 0.182591 0.456931 0.52768 0.948014 0.844508 0.951056 1.28595 0.88136 0.533604 0.320087 0.151494 0.109339 0.0986256 0.116334 0.154827 0.151546 0.197568 0.268479 0.312267 0.441431 0.741469 0.635593 0.453086
BD_Bo
 1.32566 0.538108 0.484506 0.210745 0.172996 0.43292 0.499951 0.898198 0.800131 0.901081 1.21838 0.835047 0.505564 0.303267 0.143534 0.103594 0.0934431 0.110221 0.146691 0.143583 0.187186 0.254371 0.295858 0.418235 0.702506 0.602194 0.429278
BD_Brms
 2.41029 0.978378 0.880919 0.383172 0.314538 0.787127 0.909003 1.63309 1.45478 1.63833 2.21523 1.51827 0.919207 0.551395 0.26097 0.188352 0.169896 0.200401 0.266711 0.261059 0.340338 0.462493 0.537924 0.760427 1.27728 1.0949 0.780505
S_f
 0.0755641 0.699253 0.985105 0.999469 0.999981
 0.0755641 0.699253 0.985105 0.999469 0.999981
 0.0755641 0.699253 0.985105 0.999469 0.999981
 0.0755641 0.699253 0.985105 0.999469 0.999981
 0.0755641 0.699253 0.985105 0.999469 0.999981
 0.0755641 0.699253 0.985105 0.999469 0.999981
 0.0755641 0.699253 0.985105 0.999469 0.999981
 0.0755641 0.699253 0.985105 0.999469 0.999981
 0.0755641 0.699253 0.985105 0.999469 0.999981
 0.0755641 0.699253 0.985105 0.999469 0.999981
 0.0755641 0.699253 0.985105 0.999469 0.999981
 0.0755641 0.699253 0.985105 0.999469 0.999981
 0.0755641 0.699253 0.985105 0.999469 0.999981
 0.0755641 0.699253 0.985105 0.999469 0.999981
 0.0755641 0.699253 0.985105 0.999469 0.999981
 0.0755641 0.699253 0.985105 0.999469 0.999981
 0.0755641 0.699253 0.985105 0.999469 0.999981
 0.0755641 0.699253 0.985105 0.999469 0.999981
 0.0755641 0.699253 0.985105 0.999469 0.999981
 0.0755641 0.699253 0.985105 0.999469 0.999981
 0.0755641 0.699253 0.985105 0.999469 0.999981
 0.0755641 0.699253 0.985105 0.999469 0.999981
 0.0755641 0.699253 0.985105 0.999469 0.999981
 0.0755641 0.699253 0.985105 0.999469 0.999981
 0.0755641 0.699253 0.985105 0.999469 0.999981
 0.0755641 0.699253 0.985105 0.999469 0.999981
 0.0755641 0.699253 0.985105 0.999469 0.999981
Scru_reclas
 0.138356 0.446934 0.80264 0.953417 0.990385
 0.138356 0.446934 0.80264 0.953417 0.990385
 0.138356 0.446934 0.80264 0.953417 0.990385
 0.138356 0.446934 0.80264 0.953417 0.990385
 0.138356 0.446934 0.80264 0.953417 0.990385
 0.138356 0.446934 0.80264 0.953417 0.990385
 0.138356 0.446934 0.80264 0.953417 0.990385
 0.138356 0.446934 0.80264 0.953417 0.990385
 0.138356 0.446934 0.80264 0.953417 0.990385
 0.138356 0.446934 0.80264 0.953417 0.990385
 0.138356 0.446934 0.80264 0.953417 0.990385
 0.138356 0.446934 0.80264 0.953417 0.990385
 0.138356 0.446934 0.80264 0.953417 0.990385
 0.138356 0.446934 0.80264 0.953417 0.990385
 0.138356 0.446934 0.80264 0.953417 0.990385
 0.138356 0.446934 0.80264 0.953417 0.990385
 0.138356 0.446934 0.80264 0.953417 0.990385
 0.138356 0.446934 0.80264 0.953417 0.990385
 0.138356 0.446934 0.80264 0.953417 0.990385
 0.138356 0.446934 0.80264 0.953417 0.990385
 0.138356 0.446934 0.80264 0.953417 0.990385
 0.138356 0.446934 0.80264 0.953417 0.990385
 0.138356 0.446934 0.80264 0.953417 0.990385
 0.138356 0.446934 0.80264 0.953417 0.990385
 0.138356 0.446934 0.80264 0.953417 0.990385
 0.138356 0.446934 0.80264 0.953417 0.990385
 0.138356 0.446934 0.80264 0.953417 0.990385
Scru_pelaces
 0.271701 0.652474 0.904294 0.979403 0.995839
 0.271701 0.652474 0.904294 0.979403 0.995839
 0.271701 0.652474 0.904294 0.979403 0.995839
 0.271701 0.652474 0.904294 0.979403 0.995839
 0.271701 0.652474 0.904294 0.979403 0.995839
 0.271701 0.652474 0.904294 0.979403 0.995839
 0.271701 0.652474 0.904294 0.979403 0.995839
 0.271701 0.652474 0.904294 0.979403 0.995839
 0.271701 0.652474 0.904294 0.979403 0.995839
 0.271701 0.652474 0.904294 0.979403 0.995839
 0.271701 0.652474 0.904294 0.979403 0.995839
 0.271701 0.652474 0.904294 0.979403 0.995839
 0.271701 0.652474 0.904294 0.979403 0.995839
 0.271701 0.652474 0.904294 0.979403 0.995839
 0.271701 0.652474 0.904294 0.979403 0.995839
 0.271701 0.652474 0.904294 0.979403 0.995839
 0.271701 0.652474 0.904294 0.979403 0.995839
 0.271701 0.652474 0.904294 0.979403 0.995839
 0.271701 0.652474 0.904294 0.979403 0.995839
 0.271701 0.652474 0.904294 0.979403 0.995839
 0.271701 0.652474 0.904294 0.979403 0.995839
 0.271701 0.652474 0.904294 0.979403 0.995839
 0.271701 0.652474 0.904294 0.979403 0.995839
 0.271701 0.652474 0.904294 0.979403 0.995839
 0.271701 0.652474 0.904294 0.979403 0.995839
 0.271701 0.652474 0.904294 0.979403 0.995839
 0.271701 0.652474 0.904294 0.979403 0.995839
pf_obs 
 0.256992 0.487395 0.22802 0.0275931 0
 0.321318 0.546541 0.124235 0.00734118 0.000564706
 0.182869 0.594174 0.210203 0.0122559 0.00049798
 0.330522 0.361315 0.267642 0.0388342 0.00168674
 0.649043 0.306663 0.0425973 0.00169635 0
 0.582887 0.30429 0.105238 0.00758474 0
 0.465427 0.430635 0.0974691 0.00646863 0
 0.296916 0.608066 0.0921331 0.00288517 0
 0.311714 0.524322 0.152257 0.0117073 0
 0.15457 0.633149 0.183074 0.0267441 0.00246327
 0.131901 0.49318 0.331252 0.0422183 0.00144891
 0.196976 0.569456 0.194076 0.0375587 0.00193317
 0.518974 0.381816 0.0799577 0.0180837 0.00116848
 0.0928022 0.601141 0.25162 0.0475244 0.00691264
 0.122501 0.610282 0.24278 0.0234846 0.000952079
 0.383417 0.481906 0.127806 0.00687128 0
 0.0376549 0.599619 0.316969 0.0457579 0
 0.0361596 0.667082 0.258105 0.0386534 0
 0.158088 0.579412 0.248529 0.0139706 0
 0.0477256 0.309471 0.559284 0.082774 0.000745712
 0.0406174 0.521527 0.379366 0.0568643 0.0016247
 0.151134 0.462217 0.34131 0.0453401 0
 0.294876 0.26143 0.354403 0.0886775 0.000613685
 0.281977 0.475581 0.204845 0.0348837 0.00271318
 0.0841818 0.532909 0.334909 0.0458182 0.00218182
 0.115287 0.27431 0.454777 0.147771 0.00785563
 0 0 0 0 0
pf_pred 
 0.0735169 0.620113 0.270532 0.0358313 6.49362e-06
 0.24637 0.334021 0.317728 0.0901624 0.0117184
 0.0259916 0.796033 0.100767 0.0587741 0.0184335
 0.155621 0.255415 0.530271 0.0337023 0.02499
 0.466076 0.377709 0.0650558 0.0822602 0.00889914
 0.110431 0.791877 0.0762251 0.00902475 0.012442
 0.496509 0.332276 0.161081 0.00796216 0.00217186
 0.240826 0.715171 0.034501 0.00895487 0.000547099
 0.286118 0.596268 0.114068 0.00279912 0.000746769
 0.343421 0.577116 0.0725993 0.00666401 0.000200011
 0.159804 0.736977 0.0958703 0.00672889 0.000619266
 0.173601 0.632362 0.181489 0.011682 0.000866055
 0.316369 0.541781 0.122662 0.0179822 0.00120463
 0.255609 0.699677 0.040714 0.00348055 0.000519257
 0.253787 0.71911 0.0267149 0.000355404 3.24419e-05
 0.285803 0.685418 0.0285328 0.000243063 3.27953e-06
 0.222716 0.692617 0.0831128 0.0015418 1.28064e-05
 0.297387 0.593812 0.102939 0.00575787 0.000103856
 0.205033 0.690054 0.09588 0.00856058 0.000472513
 0.24372 0.579267 0.162844 0.0129775 0.00119177
 0.292739 0.581406 0.108118 0.0163544 0.00138236
 0.208194 0.641618 0.132349 0.0153702 0.00246853
 0.275067 0.538119 0.16337 0.0207134 0.00273092
 0.293597 0.583628 0.102125 0.0181139 0.00253602
 0.0734892 0.766361 0.142529 0.0147165 0.00290456
 0.194403 0.362833 0.391676 0.0455722 0.00551606
 0.0394755 0.742673 0.125585 0.0818349 0.010432
pobs_RECLAS
 0 0 0 0 0
 0 0 0 0 0
 0 0 0 0 0
 0 0 0 0 0
 0.835266 0.146461 0.0176864 0.000547809 3.91292e-05
 0.385257 0.428462 0.181853 0.0044286 0
 0.867414 0.0963971 0.0333333 0.00285562 0
 0.441836 0.489002 0.0689373 0.000224442 0
 0.779404 0.147425 0.0564933 0.0165055 0.000172143
 0.814271 0.122319 0.05973 0.00367925 0
 0.40263 0.566651 0.0304383 0.000280538 0
 0.475488 0.404961 0.113038 0.00651328 0
 0.955842 0.0263864 0.0167828 0.000988607 0
 0.975058 0.0227948 0.00214734 0 0
 0.738997 0.206755 0.0527124 0.00153531 0
 0.850938 0.134255 0.0134407 0.00136685 0
 0.542534 0.407297 0.0501686 0 0
 0.764087 0.199537 0.0359546 0.000420521 0
 0.470689 0.182191 0.310203 0.0369168 0
 0.84361 0.089868 0.0606195 0.00523954 0.000663233
 0.607945 0.314616 0.071237 0.00620181 0
 0.523733 0.453247 0.0230204 0 0
 0.530135 0.295979 0.169645 0.0042399 0
 0.562478 0.366248 0.0663022 0.0049721 0
 0.250443 0.683176 0.0655157 0.000865301 0
 0.195077 0.31981 0.436473 0.0351445 0.0134964
 0.565238 0.351407 0.0832357 0.000118908 0
ppred_RECLAS
 0.176092 0.504743 0.276341 0.0428152 8.0558e-06
 0.457606 0.206862 0.243761 0.0808598 0.0109106
 0.0769048 0.721266 0.106192 0.0721483 0.0234891
 0.320139 0.17433 0.446795 0.0331881 0.0255482
 0.693397 0.194283 0.0424451 0.0628194 0.0070558
 0.281196 0.624603 0.0705388 0.00973292 0.0139292
 0.745042 0.157414 0.090825 0.00523623 0.00148272
 0.503812 0.461745 0.0260614 0.00788199 0.000499881
 0.56598 0.353729 0.0774659 0.00221234 0.000612664
 0.613094 0.331117 0.0502394 0.00538265 0.000167713
 0.379498 0.533003 0.0803073 0.0065642 0.000627092
 0.394112 0.444303 0.149507 0.0112147 0.000863067
 0.632676 0.287203 0.0678105 0.0115103 0.000800244
 0.642238 0.339478 0.0164287 0.00160666 0.000248655
 0.639241 0.349772 0.0108066 0.000164465 1.55739e-05
 0.579215 0.401956 0.0186417 0.000184541 2.58444e-06
 0.488319 0.449271 0.0610809 0.00131795 1.13631e-05
 0.570325 0.353053 0.0718505 0.00468387 8.77009e-05
 0.435062 0.475713 0.0803657 0.00837896 0.00048013
 0.493166 0.370272 0.123943 0.0115206 0.00109829
 0.540756 0.359994 0.0832373 0.0147211 0.00129183
 0.428865 0.440688 0.112611 0.0152875 0.00254899
 0.521602 0.333752 0.123802 0.0183345 0.00250951
 0.547836 0.35739 0.0765964 0.0158713 0.00230685
 0.184328 0.644791 0.149181 0.0180101 0.00369037
 0.389268 0.240853 0.320778 0.0436192 0.00548121
 0.112559 0.649572 0.127917 0.0971024 0.0128493
pobs_PELACES
 0 0 0 0 0
 0 0 0 0 0
 0 0 0 0 0
 0 0 0 0 0
 0 0 0 0 0
 0 0 0 0 0
 0 0 0 0 0
 0 0 0 0 0
 0 0 0 0 0
 0 0 0 0 0
 0.450072 0.473896 0.0757376 0.000293798 0
 0 0 0 0 0
 0.463077 0.371075 0.160297 0.00555027 0
 0.529543 0.364841 0.0842815 0.0213345 0
 0.631943 0.363953 0.00410389 0 0
 0.735681 0.248677 0.0153453 0.000297389 0
 0.695825 0.281241 0.0229344 0 0
 0.275771 0.60734 0.115278 0.00161068 0
 0 0 0 0 0
 0.896147 0.0623911 0.0374545 0.00400742 0
 0.803859 0.145111 0.0509908 3.86294e-05 0
 0.739449 0.233085 0.0266225 0.000797448 4.60066e-05
 0.878498 0.100942 0.0204185 0.000141795 0
 0.694673 0.275183 0.0284847 0.00165964 0
 0.469039 0.446079 0.0841089 0.000773354 0
 0.822795 0.102175 0.0682046 0.00682512 0
 0 0 0 0 0
ppred_PELACES
 0.265913 0.503898 0.201759 0.028425 5.23451e-06
 0.626205 0.176017 0.147487 0.0444246 0.00586653
 0.151741 0.723316 0.0690405 0.0423959 0.0135063
 0.497654 0.166094 0.300701 0.0202754 0.0152751
 0.781197 0.155005 0.0255587 0.0344515 0.00378747
 0.441207 0.509773 0.0377216 0.00470677 0.00659151
 0.860988 0.0985344 0.037949 0.00198033 0.000548745
 0.668601 0.316354 0.0116589 0.00318816 0.000197855
 0.741247 0.226191 0.0315284 0.00081307 0.00022032
 0.746663 0.227512 0.0234762 0.00227882 6.94845e-05
 0.561688 0.396646 0.0385527 0.00284747 0.00026618
 0.580142 0.33959 0.0748113 0.00507453 0.000382147
 0.826534 0.149632 0.0204946 0.00312671 0.000212671
 0.873033 0.123779 0.00289731 0.000252353 3.81965e-05
 0.87033 0.127733 0.00190882 2.58727e-05 2.39612e-06
 0.75354 0.239531 0.00686667 6.12913e-05 8.39859e-07
 0.677345 0.296768 0.0253882 0.000494379 4.17067e-06
 0.730895 0.235755 0.0314617 0.00185478 3.39838e-05
 0.58324 0.369498 0.0429724 0.00406168 0.000227767
 0.663741 0.270277 0.0604244 0.00508396 0.000474284
 0.665581 0.279962 0.0463683 0.00744913 0.000639762
 0.564434 0.360641 0.0655294 0.00807785 0.00131817
 0.671592 0.253289 0.0651909 0.00875586 0.00117285
 0.685723 0.266027 0.0397219 0.00746606 0.001062
 0.275388 0.610072 0.101213 0.0111001 0.00222602
 0.560796 0.212171 0.199396 0.0246108 0.00302664
 0.216879 0.638262 0.0816104 0.0559973 0.00725083
pobs_pel_tallas
 0 0 0 0 0 0 0 0 0 0 0 0 0 0 0 0 0 0 0 0 0 0 0 0 0 0 0 0 0 0 0 0 0 0 0 0
 0 0 0 0 0 0 0 0 0 0 0 0 0 0 0 0 0 0 0 0 0 0 0 0 0 0 0 0 0 0 0 0 0 0 0 0
 0 0 0 0 0 0 0 0 0 0 0 0 0 0 0 0 0 0 0 0 0 0 0 0 0 0 0 0 0 0 0 0 0 0 0 0
 0 0 0 0 0 0 0 0 0 0 0 0 0 0 0 0 0 0 0 0 0 0 0 0 0 0 0 0 0 0 0 0 0 0 0 0
 0 0 0 0 0 0 0 0 0 0 0 0 0 0 0 0 0 0 0 0 0 0 0 0 0 0 0 0 0 0 0 0 0 0 0 0
 0 0 0 0 0 0 0 0 0 0 0 0 0 0 0 0 0 0 0 0 0 0 0 0 0 0 0 0 0 0 0 0 0 0 0 0
 0 0 0 0 0 0 0 0 0 0 0 0 0 0 0 0 0 0 0 0 0 0 0 0 0 0 0 0 0 0 0 0 0 0 0 0
 0 0 0 0 0 0 0 0 0 0 0 0 0 0 0 0 0 0 0 0 0 0 0 0 0 0 0 0 0 0 0 0 0 0 0 0
 0 0 0 0 0 0 0 0 0 0 0 0 0 0 0 0 0 0 0 0 0 0 0 0 0 0 0 0 0 0 0 0 0 0 0 0
 0 0 0 0 0 0 0 0 0 0 0 0 0 0 0 0 0 0 0 0 0 0 0 0 0 0 0 0 0 0 0 0 0 0 0 0
 0 0 0 0 0 0 0 0 1.78061e-05 0.00172719 0.00360574 0.0105946 0.0120993 0.0124554 0.0147524 0.0171206 0.0266825 0.0428682 0.0675386 0.121331 0.153587 0.119568 0.100827 0.0573624 0.0630603 0.0341343 0.0324427 0.0444173 0.0211091 0.0280891 0.0125444 0.00206551 0 0 0 0
 0 0 0 0 0 0 0 0 0 0 0 0 0 0 0 0 0 0 0 0 0 0 0 0 0 0 0 0 0 0 0 0 0 0 0 0
 0 0 0 0 0 0 0.0133647 0.0140871 0.0187388 0.0205184 0.03894 0.0496705 0.03968 0.0493445 0.0407372 0.0367815 0.0215668 0.0243155 0.0234873 0.0199281 0.019796 0.0243948 0.0301388 0.0376714 0.0412746 0.0863199 0.0771752 0.113111 0.0741005 0.0525337 0.0229764 0.00759418 0.00175318 0 0 0
 0 0 0 0 0 0 0 0 0 0 0.00219441 0.00772107 0.0458388 0.0604681 0.0671733 0.0775358 0.0609151 0.0617685 0.073594 0.0568108 0.0755445 0.0548602 0.0670107 0.0636378 0.0643287 0.046367 0.0373049 0.0286899 0.0247887 0.0153202 0.00654259 0.00121912 0.000365735 0 0 0
 0 0 0 0 0 0 0 0 0 0 0 0 0.000112435 0.00938835 0.0111873 0.0202946 0.0414886 0.0713402 0.111592 0.104902 0.108894 0.110636 0.117776 0.105296 0.107544 0.0401394 0.0192827 0.0124803 0.00416011 0.0028671 0.000618394 0 0 0 0 0
 0 0 0 0 0 0 0 0 0 0 0.00291406 0.0102884 0.027416 0.0768956 0.0749926 0.110853 0.0956884 0.0897413 0.0766577 0.0534642 0.0500743 0.0551293 0.0594112 0.0620874 0.0668451 0.0424026 0.0208742 0.0120726 0.0048766 0.00582813 0.00118941 0.000297354 0 0 0 0
 0 0.00264628 0.0354308 0.0461629 0.0458689 0.0383711 0.0214643 0.0164657 0.0346957 0.0420465 0.0363128 0.0245516 0.0311673 0.0291091 0.0169068 0.0133784 0.00837989 0.0085269 0.0148486 0.0160247 0.0276389 0.0546898 0.0760071 0.122758 0.109233 0.0665981 0.0333725 0.0166128 0.00676272 0.00308733 0.000882094 0 0 0 0 0
 0 0 0 0 0 0 0 0.000805153 0.000690131 0.00759144 0.0133425 0.0154129 0.00931677 0.000345066 0.00356568 0.00563607 0.00851162 0.0253048 0.0502646 0.0516448 0.0657925 0.0565908 0.0611916 0.0827007 0.0866115 0.110766 0.145733 0.0935128 0.0569358 0.0249597 0.0138026 0.00621118 0.00161031 0.00115022 0 0
 0 0 0 0 0 0 0 0 0 0 0 0 0 0 0 0 0 0 0 0 0 0 0 0 0 0 0 0 0 0 0 0 0 0 0 0
 0.00147267 0.00158595 0.00478618 0.00569244 0.00954404 0.0108468 0.00647125 0.017049 0.0510054 0.094081 0.124002 0.0959785 0.0687766 0.0820023 0.061753 0.0591476 0.0492212 0.0479892 0.0443925 0.0268479 0.0217502 0.0140895 0.0121071 0.0120363 0.00920419 0.00665534 0.0049561 0.00860946 0.00930331 0.0156896 0.0114698 0.00855282 0.00243557 0.00046729 0 2.83206e-05
 0 0 0 0 0.000772559 0.00158375 0.000888443 0.00281984 0.00712685 0.0440552 0.0773331 0.111326 0.0921469 0.0852325 0.0710754 0.0886704 0.0786465 0.0553345 0.0373146 0.0185414 0.00753245 0.00457741 0.012979 0.0271748 0.0457355 0.0583668 0.034881 0.0177882 0.00938659 0.00492506 0.0015258 0.00185414 0.000309023 5.79419e-05 3.86279e-05 0
 0 0.00173294 0.00326652 0 0.00397197 0.00683976 0.00946217 0.0152591 0.00757587 0.0136028 0.0228656 0.0392903 0.0559909 0.0764795 0.0681675 0.0726916 0.0566044 0.0477403 0.0527397 0.0444891 0.0609904 0.0582453 0.0661739 0.0445044 0.0529084 0.0360697 0.0280645 0.0235558 0.0158879 0.00826598 0.00280645 0.00217768 0.000904811 0.00058276 9.20147e-05 0
 0 0 0 0 0 0 0 0 0 0 0 0 0 0 0 0 0 0 0 0 0 0 0 0 0 0 0 0 0 0 0 0 0 0 0 0
 0 0 0 0 0 0 0 0 0 0 0 0 0 0 0 0 0 0 0 0 0 0 0 0 0 0 0 0 0 0 0 0 0 0 0 0
 0 0 0 0 0 0 0 0 0 0 0 0 0 0 0 0 0 0 0 0 0 0 0 0 0 0 0 0 0 0 0 0 0 0 0 0
 0 0 0 0 0 0 0 0 0 0 0 0 0 0 0 0 0 0 0 0 0 0 0 0 0 0 0 0 0 0 0 0 0 0 0 0
 0 0 0 0 0 0 0 0 0 0 0 0 0 0 0 0 0 0 0 0 0 0 0 0 0 0 0 0 0 0 0 0 0 0 0 0
ppred_pel_tallas
 1.04006e-16 1.16286e-05 6.81841e-05 0.000323977 0.0012471 0.00388875 0.00982316 0.0201031 0.033337 0.0448125 0.0488753 0.0433743 0.0316222 0.0196135 0.0116873 0.00885101 0.010052 0.0139596 0.0196968 0.0267091 0.0344522 0.0422389 0.049265 0.0547428 0.0580671 0.0589438 0.0574435 0.0539549 0.0490664 0.0434161 0.0375629 0.0319106 0.0266947 0.0220146 0.0178852 0.0142845
 1.03952e-16 2.73256e-05 0.000160369 0.000762305 0.00293488 0.00915213 0.0231176 0.047302 0.0784097 0.105306 0.114605 0.101117 0.0724409 0.0423958 0.0208009 0.00955565 0.00571017 0.00578586 0.00765695 0.0103885 0.01358 0.0169564 0.0202364 0.0231364 0.0254153 0.0269171 0.0275907 0.0274814 0.0266999 0.0253839 0.0236658 0.0216566 0.0194456 0.01711 0.0147252 0.01237
 1.03304e-16 6.65868e-06 3.89869e-05 0.000185128 0.000712421 0.00222133 0.00561168 0.0114877 0.0190629 0.0256637 0.0280925 0.0251727 0.0188772 0.0127472 0.00941946 0.00965476 0.0130311 0.0189063 0.0267684 0.0361015 0.0461796 0.0560087 0.0644353 0.0703663 0.0730172 0.0720995 0.0678858 0.0611239 0.0528389 0.0440877 0.0357486 0.0283982 0.0222922 0.0174261 0.0136355 0.0106949
 1.05734e-16 2.17201e-05 0.000127461 0.000605853 0.0023325 0.00727362 0.0183726 0.0375935 0.0623179 0.0836989 0.0911014 0.0804064 0.0576641 0.0338709 0.0168528 0.00814935 0.00545305 0.00604051 0.00826234 0.0114073 0.0151726 0.0193313 0.0236226 0.0277532 0.0314355 0.0344273 0.036558 0.0377347 0.0379329 0.0371813 0.0355496 0.0331431 0.0301031 0.0266048 0.0228496 0.0190481
 1.01775e-16 3.40828e-05 0.000200043 0.000950924 0.00366112 0.0114169 0.0288381 0.0590064 0.0978089 0.131352 0.142931 0.12606 0.0902048 0.052577 0.0253908 0.01097 0.00558274 0.00483871 0.0060476 0.00802894 0.0103032 0.0125864 0.0146222 0.0161756 0.0170738 0.0172436 0.0167254 0.0156548 0.0142234 0.0126291 0.0110352 0.0095473 0.00821242 0.0070327 0.00598661 0.00504764
 1.01172e-16 1.92721e-05 0.000113058 0.000537315 0.0020685 0.00645028 0.0162933 0.0333416 0.0552795 0.0742756 0.0809233 0.0716103 0.0517629 0.0312213 0.017042 0.0107221 0.0103327 0.0135147 0.0187456 0.0251725 0.0321271 0.0388661 0.0445643 0.0484489 0.0499713 0.0489395 0.0455644 0.0403985 0.0341934 0.0277242 0.0216364 0.0163556 0.0120711 0.00877721 0.00634456 0.00459176
 1.00665e-16 3.75598e-05 0.000220461 0.001048 0.00403493 0.0125826 0.0317825 0.0650305 0.107792 0.144753 0.157495 0.138864 0.0992764 0.057682 0.0275146 0.011303 0.00490157 0.00344892 0.00397708 0.00521234 0.00668846 0.00818547 0.00952996 0.0105656 0.0111744 0.0113005 0.0109599 0.0102319 0.00923514 0.00809784 0.00693228 0.00581943 0.00480607 0.00391089 0.00313481 0.00247061
 1.00388e-16 2.91796e-05 0.000171242 0.000813969 0.00313376 0.00977228 0.0246842 0.0505084 0.0837279 0.112458 0.122414 0.108067 0.0775507 0.0456477 0.022878 0.0113073 0.00781422 0.00868706 0.0116135 0.0154927 0.0197313 0.0238241 0.0272504 0.0295306 0.0303283 0.0295317 0.0272819 0.0239335 0.0199654 0.0158692 0.0120531 0.00878465 0.00617957 0.00422838 0.00284142 0.00189497
 1.0056e-16 3.23437e-05 0.000189827 0.000902338 0.00347403 0.0108334 0.0273645 0.0559917 0.0928141 0.124651 0.135658 0.119689 0.0857413 0.0501676 0.0245861 0.0112349 0.00660391 0.00654663 0.00850524 0.0113192 0.0144525 0.0175197 0.0201438 0.0219775 0.0227715 0.0224319 0.0210416 0.0188345 0.0161339 0.0132766 0.0105461 0.00813377 0.00613071 0.00454512 0.00333203 0.00242307
 1.0049e-16 3.25799e-05 0.000191213 0.00090893 0.00349941 0.0109126 0.0275644 0.0564008 0.0934921 0.125562 0.136649 0.120563 0.0863653 0.0505294 0.0247571 0.0113019 0.00662673 0.00655344 0.00850382 0.0113072 0.0144225 0.0174608 0.0200429 0.0218209 0.0225471 0.0221318 0.0206645 0.0183869 0.0156305 0.0127384 0.00999823 0.00760189 0.00563773 0.0041086 0.00296266 0.00212443
 1.00787e-16 2.4521e-05 0.000143885 0.000683891 0.00263289 0.00821033 0.020739 0.0424368 0.0703516 0.0945042 0.102902 0.0909173 0.0654087 0.0388326 0.0200774 0.0109383 0.00885197 0.0107419 0.0146702 0.0196601 0.0250957 0.0303758 0.0348536 0.0379246 0.0391581 0.0383996 0.0358073 0.0318052 0.026974 0.0219145 0.0171299 0.0129552 0.00954423 0.00690045 0.0049313 0.00350254
 1.01365e-16 2.53235e-05 0.000148601 0.000706323 0.00271928 0.00847975 0.0214194 0.0438286 0.072657 0.0975951 0.106253 0.0938404 0.0674316 0.0398732 0.0203223 0.0106062 0.00805349 0.00947398 0.0128752 0.017289 0.022154 0.0269523 0.0311299 0.0341629 0.0356667 0.0354829 0.0337129 0.0306808 0.0268459 0.0226914 0.0186292 0.0149428 0.0117765 0.00915959 0.00704837 0.00536659
 1.00458e-16 3.60595e-05 0.000211648 0.0010061 0.00387356 0.0120794 0.0305115 0.0624302 0.103484 0.138971 0.151218 0.133359 0.0954058 0.0555645 0.0267505 0.0114136 0.00559503 0.00464019 0.00569563 0.0075102 0.0095807 0.0116175 0.0133652 0.0145935 0.0151374 0.0149346 0.0140392 0.0126048 0.0108436 0.00897651 0.00718922 0.00560649 0.00428735 0.00323661 0.0024247 0.00180731
 1.00093e-16 3.8086e-05 0.000223548 0.00106268 0.00409141 0.0127587 0.0322275 0.065941 0.109302 0.146782 0.159708 0.140826 0.100702 0.0585577 0.0280198 0.0116591 0.00527695 0.00394345 0.00464037 0.00605642 0.00768767 0.00927191 0.0105934 0.0114631 0.0117496 0.0114105 0.0105026 0.00916675 0.00759252 0.00597425 0.00447312 0.00319453 0.0021837 0.00143598 0.00091473 0.000569563
 1.0007e-16 3.79683e-05 0.000222857 0.00105939 0.00407875 0.0127192 0.0321277 0.065737 0.108964 0.146328 0.159215 0.140393 0.100399 0.0583914 0.0279596 0.0116675 0.00533098 0.0040364 0.0047746 0.00623609 0.00791411 0.00954106 0.0108948 0.0117804 0.0120629 0.011699 0.0107483 0.00935748 0.00772307 0.00604664 0.00449517 0.00317766 0.00214052 0.00137834 0.000852328 0.000509419
 1.00178e-16 3.28802e-05 0.000192975 0.000917305 0.00353166 0.0110131 0.0278184 0.0569205 0.0943539 0.12672 0.137911 0.12168 0.0871755 0.0510221 0.0250327 0.011484 0.00680803 0.00678727 0.00881554 0.0117024 0.014888 0.017963 0.0205279 0.0222189 0.022782 0.0221342 0.0203847 0.0178052 0.0147618 0.01163 0.00872181 0.00624134 0.00427679 0.00282007 0.00180123 0.00112368
 1.00475e-16 2.95602e-05 0.000173478 0.000824601 0.0031747 0.00989996 0.0250067 0.0511681 0.0848209 0.113924 0.124005 0.109458 0.0785221 0.046165 0.0230366 0.0112208 0.00754707 0.00825085 0.0109925 0.0146702 0.0187079 0.0226279 0.0259408 0.028194 0.0290666 0.0284451 0.0264516 0.0234073 0.0197509 0.0159358 0.0123413 0.00921954 0.00668509 0.00473874 0.00330802 0.00228859
 1.00589e-16 3.18927e-05 0.000187178 0.000889743 0.00342554 0.0106822 0.0269825 0.0552102 0.091519 0.122913 0.133769 0.11803 0.0845685 0.0495131 0.0243244 0.0112149 0.00672893 0.00678162 0.00885092 0.011787 0.0150496 0.0182413 0.02097 0.0228743 0.0236946 0.0233339 0.0218794 0.0195755 0.0167599 0.0137838 0.0109428 0.0084358 0.00635693 0.00471382 0.00345865 0.00251934
 1.00881e-16 2.54597e-05 0.000149398 0.000710108 0.00273385 0.00852516 0.0215341 0.0440635 0.0730472 0.0981215 0.106831 0.094365 0.0678378 0.0401719 0.0205812 0.0109119 0.00848497 0.0100949 0.0137308 0.0183985 0.0234995 0.0284689 0.0327034 0.0356388 0.0368713 0.0362522 0.0339229 0.0302713 0.0258311 0.0211562 0.0167113 0.0128073 0.00958937 0.00706499 0.00515412 0.00373869
 1.01143e-16 2.89659e-05 0.000169992 0.000808032 0.00311091 0.00970105 0.0245042 0.0501398 0.0831158 0.111633 0.121507 0.107245 0.0769148 0.0451817 0.0224762 0.0108352 0.00714893 0.00772995 0.0102948 0.0137826 0.0176574 0.0214862 0.0248246 0.0272551 0.028471 0.0283457 0.0269586 0.0245663 0.0215326 0.0182407 0.015017 0.0120863 0.00956308 0.00747118 0.00577664 0.0044201
 1.01036e-16 2.90466e-05 0.000170464 0.000810276 0.00311955 0.00972799 0.0245723 0.0502791 0.083347 0.111944 0.121847 0.107549 0.0771421 0.0453332 0.0225843 0.0109407 0.00728594 0.00792243 0.0105574 0.01412 0.0180617 0.0219344 0.0252778 0.0276625 0.0287769 0.0284993 0.0269241 0.0243301 0.0211065 0.0176595 0.0143318 0.0113554 0.00884249 0.00680691 0.00520034 0.00394785
 1.01387e-16 2.46394e-05 0.000144583 0.000687215 0.00264571 0.0082503 0.0208399 0.042643 0.0706924 0.0949589 0.103389 0.0913284 0.0656628 0.0389 0.01996 0.0106335 0.00833301 0.00996242 0.0135817 0.0182343 0.0233446 0.0283666 0.0327132 0.0358308 0.0373163 0.0370094 0.0350275 0.0317255 0.0276004 0.0231724 0.0188814 0.0150267 0.011755 0.00908788 0.00696767 0.00530239
 1.01364e-16 2.93076e-05 0.000171999 0.000817579 0.00314768 0.0098157 0.0247938 0.0507322 0.0840972 0.112949 0.122935 0.108494 0.0777873 0.0456465 0.0226191 0.0107579 0.00690898 0.00733694 0.00973317 0.0130351 0.0167213 0.0203835 0.0236052 0.0259942 0.0272599 0.0272776 0.0261132 0.0239972 0.0212597 0.0182501 0.0152671 0.0125179 0.0101106 0.00807206 0.00637829 0.00498341
 1.00957e-16 2.99242e-05 0.000175618 0.000834783 0.00321391 0.0100222 0.0253155 0.0517998 0.0858671 0.115327 0.125524 0.110781 0.0794315 0.0466207 0.0231183 0.0110207 0.00710687 0.00755943 0.0100149 0.013378 0.0171033 0.0207586 0.0239059 0.0261376 0.0271593 0.0268579 0.0253262 0.0228328 0.0197505 0.0164677 0.0133112 0.0105009 0.00814151 0.00624322 0.00475647 0.00360648
 1.02121e-16 1.20458e-05 7.06243e-05 0.000335558 0.00129165 0.00402767 0.0101742 0.0208221 0.0345315 0.0464248 0.0506512 0.0449915 0.0328904 0.0205752 0.0125646 0.0099278 0.0115947 0.0161893 0.0227752 0.0307092 0.0393162 0.0477417 0.0550047 0.0601721 0.0625654 0.0619202 0.0584437 0.0527462 0.0456786 0.0381295 0.0308492 0.0243457 0.0188654 0.0144389 0.01096 0.00826328
 1.03887e-16 2.4475e-05 0.000143631 0.000682718 0.00262844 0.00819649 0.0207038 0.0423635 0.0702252 0.0943198 0.102663 0.0906149 0.0649933 0.0381908 0.0190255 0.00922805 0.00618776 0.00681514 0.0092181 0.012548 0.0164057 0.0204764 0.0244191 0.0278853 0.0305764 0.0322965 0.032979 0.0326772 0.0315293 0.0297128 0.0274048 0.0247604 0.0219094 0.018964 0.0160285 0.0132026
 1.0363e-16 9.49558e-06 5.56498e-05 0.000264363 0.00101752 0.0031728 0.00801489 0.0164042 0.0272097 0.0365957 0.0399654 0.0355901 0.0262133 0.0167851 0.0109246 0.00954574 0.0118762 0.016883 0.0238347 0.0321644 0.0412024 0.0500691 0.0577483 0.0632731 0.0659431 0.0654876 0.0621251 0.0564882 0.0494531 0.0419267 0.0346646 0.0281663 0.0226592 0.018152 0.014521 0.0115935
pSPR Fmed_Fpbrs
0.52249   0.6 0.325
Fs Fmed_Fpbrs
0.64   0.45762 1.61905
SSBpbr Bo_Bmed_Bpbrs
470664  222384  258865 129432
Ro
21590.3
SPR SPRFo_SPRFmed_SPRFpbrs
445931 232995 144928
log_Ro
9.8
likeval ReclasPelacesDesembMPH_pf_preclas_ppelaces_ptallas_desvR_qrecl_qpela
 77.4999 12.1902 0.185359 0.000505367 356.89 216.893 57.5764 0 30.9228 0.000103583 0.000345905 3.12913e-14 0 0 0
q_reclas_q_pelaces
4.23001 14.0977
M
0.7
N
 17058.7 18081.7 5980.28 783.231 0.141887
 44232.9 8113.95 6027.14 1693.65 220.047
 3982.34 20571.1 2196.13 1272.9 399.134
 7615.29 1719.89 2806.58 176.691 130.971
 37733.4 3522.9 443.268 553.231 59.8224
 15582.7 18406.6 1483.26 174.455 240.457
 64231.6 6787.33 2716.86 133.327 36.3586
 57602.1 28396.3 1149.6 296.448 18.1074
 68395 25020.3 4085.53 99.678 26.5874
 114618 29106.1 2978.27 271.228 8.13827
 65411.2 51435.5 5661.78 394.952 36.3399
 46807.2 28137.8 6764.44 432.55 32.0602
 56430.3 20374.2 4127.96 602.837 40.3787
 29075.9 22294.9 1219.45 104.033 15.5194
 12511.4 9930.75 346.779 4.60389 0.420221
 9550.04 4273.21 154.465 1.30922 0.0176616
 7098.29 3969.95 409.473 7.55452 0.0627372
 9116.18 2993.18 434.133 24.1225 0.435003
 8045.73 3973.22 444.393 39.3462 2.17113
 9728.26 3645.97 845.933 66.9278 6.14467
 16319 4302.79 620.212 92.8675 7.84685
 18308.4 7634.08 1229.7 141.416 22.7043
 30240.6 8514.55 2066.27 259.708 34.2302
 48690.5 13790.3 1921.69 337.839 47.284
 16135.3 22276.5 3207.83 327.854 64.6844
 29335.1 7554.59 6416.66 739.572 89.4878
 4287.56 13559.1 1931.64 1250.77 159.408
pred_Ctot
 518.538 4373.85 1908.15 252.729 0.0458016
 2026.96 2748.09 2614.04 741.792 96.4103
 376.2 11521.7 1458.5 850.69 266.805
 376.248 617.522 1282.05 81.4825 60.4187
 480.181 389.14 67.0246 84.7497 9.16846
 1387.48 9949.32 957.709 113.389 156.324
 5103.22 3415.2 1655.62 81.8367 22.3228
 5230.71 15533.4 749.358 194.498 11.8829
 7098.19 14792.6 2829.87 69.4423 18.5263
 7986.05 13420.5 1688.26 154.968 4.65114
 6344.02 29257 3805.92 267.128 24.584
 4187.43 15253.2 4377.69 281.78 20.8901
 8404.74 14393.1 3258.67 477.718 32.0024
 6670.07 18258 1062.43 90.8244 13.5499
 2870.14 8132.59 302.126 4.01935 0.366894
 1130.22 2710.51 112.834 0.961202 0.012969
 777.353 2417.47 290.092 5.38139 0.0446989
 808.002 1613.39 279.687 15.6442 0.282179
 508.717 1712.12 237.892 21.2401 1.17237
 769.96 1830.02 514.459 40.9984 3.76505
 682.54 1355.59 252.086 38.1314 3.22307
 838.962 2585.53 533.329 61.9374 9.94746
 1785.27 3492.56 1060.32 134.437 17.7245
 2768.34 5503.06 962.936 170.797 23.9122
 665.505 6940.03 1290.71 133.27 26.3032
 1466.37 2736.82 2954.38 343.748 41.6072
 401.681 7557.02 1277.88 832.706 106.15
F
 0.043077 0.398624 0.56158 0.569769 0.570061
 0.0655825 0.606886 0.854978 0.867444 0.867889
 0.13961 1.29192 1.82005 1.84659 1.84754
 0.0708729 0.655842 0.923946 0.937419 0.9379
 0.0178349 0.16504 0.232507 0.235898 0.236019
 0.131107 1.21323 1.7092 1.73412 1.73501
 0.116238 1.07564 1.51536 1.53746 1.53825
 0.13387 1.23881 1.74522 1.77067 1.77158
 0.154353 1.42835 2.01225 2.04159 2.04264
 0.101279 0.937208 1.32033 1.33959 1.34027
 0.143579 1.32865 1.87179 1.89909 1.90006
 0.131766 1.21933 1.71779 1.74284 1.74373
 0.22865 2.11587 2.98083 3.02429 3.02584
 0.374272 3.46342 4.87925 4.9504 4.95294
 0.374272 3.46342 4.87925 4.9504 4.95294
 0.177792 1.64525 2.31782 2.35162 2.35282
 0.163518 1.51316 2.13173 2.16281 2.16392
 0.130474 1.20738 1.70095 1.72575 1.72664
 0.0915185 0.846891 1.1931 1.21049 1.21111
 0.115771 1.07132 1.50927 1.53127 1.53206
 0.0597049 0.552495 0.778352 0.789702 0.790107
 0.0655815 0.606877 0.854965 0.867431 0.867876
 0.085216 0.788569 1.11093 1.12713 1.12771
 0.0819531 0.758375 1.0684 1.08397 1.08453
 0.0588553 0.544634 0.767277 0.778465 0.778864
 0.0717314 0.663786 0.935138 0.948774 0.94926
 0.138381 1.28055 1.80403 1.83034 1.83128
Np
 13591.9 6520.12 668.542 591.971 65.2334
YTP_r0W_actual
 861.1 58748.9 16242.6 13590.9 1923
YTP_p0W_proyectada
 2729.75 8032.97 15733.2 1715.98 1297.12
 2729.75 28250.5 5621.57 6432.38 786.935
CTP_r0_actual
 105.012 2719.86 517.28 338.926 43.2134
CTP_p0_proyectada
 332.896 371.897 501.057 42.7924 29.1488
 332.896 1307.89 179.031 160.409 17.6839
Wmedp
 8.2 21.6 31.4 40.1 44.5
nmprior
 10.8 10.6 4.6 0
nm_flota  nm_reclas  nm_pelaces    nm_pelaL
inf 18.4402 14.794 43.4631
cv_recla  cv_pelaces  cv_mph
0.762397 0.382469 0.600813
 ------------------------------------------------
Talla a la edad & desviaci?n 
 7.2 14.2025 17.0495 18.207 18.6776
 1.08 2.13037 2.55742 2.73105 2.80164
