years
 1997 1998 1999 2000 2001 2002 2003 2004 2005 2006 2007 2008 2009 2010 2011 2012 2013 2014 2015 2016 2017 2018 2019 2020 2021 2022 2023
reclasobs
 0 0 0 370054 412103 1.49427e+06 250295 1.28982e+06 931140 785840 897777 1.04006e+06 184774 17550 25797 100020 73551 82996 120727 218422 84188 347160 605670 569463 516374 1.08416e+06 1.01767e+06
reclaspred
 680469 159352 344787 188163 313140 395579 856640 644193 735830 858482 799286 563507 325440 126836 74349.3 74048.4 82622.2 109067 124384 153144 236879 236096 392639 514635 716601 671289 500998
pelacesobs
 0 0 0 0 0 0 0 0 0 2.06254e+06 1.5e+06 0 1.87456e+06 323000 250000 174000 83755 137374 0 501740 490994 745055 786931 1.00524e+06 1.33801e+06 1.41789e+06 0
pelacespred
 2.34919e+06 525304 574183 556738 877196 733692 2.32661e+06 1.85652e+06 2.04358e+06 2.41073e+06 1.8143e+06 1.31617e+06 806702 256846 160869 159432 181831 254249 274833 337692 632473 568398 752612 1.16557e+06 1.51653e+06 1.48815e+06 1.02153e+06
mphobs
 0 0 0 0 0 112323 0 153150 637223 0 255016 313432 73983 77613 109348 50772 17779 17303 59886 28197 0 207744 136588 643089 65757 70829 0
mphpred
 205283 103381 103893 74801.5 81625.7 147821 195658 279364 251921 289536 335140 232394 143135 76114.8 34645.4 27869.8 28099.6 34089.1 43471.3 47231.4 68576.2 87348.4 105865 149610 231831 229188 182252
desembarqueobs
 350755 77701 442110 56441 14545 235359 269955 359681 431902 328805 639364 411747 362871 311530 167758 66681 60226 58785 57116 73181 50977 67692 138656 160484 209506 203330 245020
desembarquepred
 350746 77685.7 441917 56441.2 14545.2 235430 270027 359515 431804 328721 638911 411541 362659 311401 167445 66652.5 60236.9 58756.8 57079.9 73157.6 50976.7 67667.8 138637 160473 209453 203267 244963
Reclutas
 30896.6 40665.9 14109.9 19680.5 42118.5 27191.5 66293.7 64134.4 85617.4 113172 65053.9 46363.3 49980.6 27364.9 13932.3 11181 8026.89 9916.53 9900.34 14232.1 20181.1 24315.7 39773.6 57792.6 25068.7 34911.6 29794.6
log_desv_Rt
 0.0584022 0.333144 -0.725371 -0.392615 0.368243 -0.0693418 0.821851 0.788735 1.07764 1.35666 0.802971 0.464264 0.539391 -0.0629854 -0.738036 -0.958028 -1.28945 -1.07804 -1.07968 -0.716746 -0.367501 -0.181124 0.310959 0.684616 -0.150625 0.180573 0.0220823
SSB
 431038 217071 218147 157063 171392 310384 410828 586588 528967 607948 703703 487965 300544 159821 72746 58519.1 59001.6 71577.9 91277.8 99173.2 143991 183408 222287 314141 486781 481232 382680
BT
 1.37822e+06 340326 489876 289820 388236 463924 1.27996e+06 1.19002e+06 1.32199e+06 1.36661e+06 1.32159e+06 921411 713092 401735 211658 124097 128095 159018 158656 203636 313332 282588 404759 620700 740689 753467 607413
Ftot
 1.10607 1.15722 2.2695 0.64078 0.115661 1.09303 0.757569 1.28931 1.41582 0.943537 1.56966 1.38733 2.34034 4.61883 4.95303 2.06786 1.65899 1.24163 0.953589 1.0476 0.493799 0.575757 0.713345 0.700459 0.548506 0.544786 0.894923
BD_Bspro_t
 0.902531 0.607522 0.499164 0.268716 0.402176 0.602605 0.526577 0.576342 0.511091 0.499568 0.500696 0.344822 0.246369 0.164039 0.092209 0.0912753 0.125235 0.199301 0.290349 0.362023 0.482659 0.607974 0.612764 0.62289 0.65689 0.586042 0.52541
BD_Bspro
 0.716076 0.360617 0.362404 0.260926 0.28473 0.515635 0.682501 0.974488 0.878763 1.00997 1.16905 0.810647 0.499289 0.265507 0.120852 0.0972168 0.0980184 0.118911 0.151638 0.164755 0.239211 0.304692 0.369282 0.521877 0.808681 0.799463 0.63574
BD_Bo
 0.715381 0.360267 0.362053 0.260673 0.284454 0.515135 0.681839 0.973543 0.877911 1.00899 1.16792 0.809861 0.498805 0.26525 0.120734 0.0971225 0.0979233 0.118796 0.151491 0.164595 0.238979 0.304397 0.368924 0.521371 0.807897 0.798687 0.635123
BD_Brms
 1.30069 0.655031 0.658278 0.473951 0.517189 0.936609 1.23971 1.77008 1.5962 1.83453 2.12348 1.47247 0.906918 0.482272 0.219517 0.176586 0.178042 0.215992 0.275439 0.299264 0.434506 0.553449 0.670771 0.947947 1.4689 1.45216 1.15477
S_f
 0.0757443 0.608929 0.967304 0.998224 0.999906
 0.0757443 0.608929 0.967304 0.998224 0.999906
 0.0757443 0.608929 0.967304 0.998224 0.999906
 0.0757443 0.608929 0.967304 0.998224 0.999906
 0.0757443 0.608929 0.967304 0.998224 0.999906
 0.0757443 0.608929 0.967304 0.998224 0.999906
 0.0757443 0.608929 0.967304 0.998224 0.999906
 0.0757443 0.608929 0.967304 0.998224 0.999906
 0.0757443 0.608929 0.967304 0.998224 0.999906
 0.0757443 0.608929 0.967304 0.998224 0.999906
 0.0757443 0.608929 0.967304 0.998224 0.999906
 0.0757443 0.608929 0.967304 0.998224 0.999906
 0.0757443 0.608929 0.967304 0.998224 0.999906
 0.0757443 0.608929 0.967304 0.998224 0.999906
 0.0757443 0.608929 0.967304 0.998224 0.999906
 0.0757443 0.608929 0.967304 0.998224 0.999906
 0.0757443 0.608929 0.967304 0.998224 0.999906
 0.0757443 0.608929 0.967304 0.998224 0.999906
 0.0757443 0.608929 0.967304 0.998224 0.999906
 0.0757443 0.608929 0.967304 0.998224 0.999906
 0.0757443 0.608929 0.967304 0.998224 0.999906
 0.0757443 0.608929 0.967304 0.998224 0.999906
 0.0757443 0.608929 0.967304 0.998224 0.999906
 0.0757443 0.608929 0.967304 0.998224 0.999906
 0.0757443 0.608929 0.967304 0.998224 0.999906
 0.0757443 0.608929 0.967304 0.998224 0.999906
 0.0757443 0.608929 0.967304 0.998224 0.999906
Scru_reclas
 0.360919 0.73973 0.934656 0.986298 0.997247
 0.360919 0.73973 0.934656 0.986298 0.997247
 0.360919 0.73973 0.934656 0.986298 0.997247
 0.360919 0.73973 0.934656 0.986298 0.997247
 0.360919 0.73973 0.934656 0.986298 0.997247
 0.360919 0.73973 0.934656 0.986298 0.997247
 0.360919 0.73973 0.934656 0.986298 0.997247
 0.360919 0.73973 0.934656 0.986298 0.997247
 0.360919 0.73973 0.934656 0.986298 0.997247
 0.360919 0.73973 0.934656 0.986298 0.997247
 0.360919 0.73973 0.934656 0.986298 0.997247
 0.360919 0.73973 0.934656 0.986298 0.997247
 0.360919 0.73973 0.934656 0.986298 0.997247
 0.360919 0.73973 0.934656 0.986298 0.997247
 0.360919 0.73973 0.934656 0.986298 0.997247
 0.360919 0.73973 0.934656 0.986298 0.997247
 0.360919 0.73973 0.934656 0.986298 0.997247
 0.360919 0.73973 0.934656 0.986298 0.997247
 0.360919 0.73973 0.934656 0.986298 0.997247
 0.360919 0.73973 0.934656 0.986298 0.997247
 0.360919 0.73973 0.934656 0.986298 0.997247
 0.360919 0.73973 0.934656 0.986298 0.997247
 0.360919 0.73973 0.934656 0.986298 0.997247
 0.360919 0.73973 0.934656 0.986298 0.997247
 0.360919 0.73973 0.934656 0.986298 0.997247
 0.360919 0.73973 0.934656 0.986298 0.997247
 0.360919 0.73973 0.934656 0.986298 0.997247
Scru_pelaces
 0.651884 1 1 1 1
 0.651884 1 1 1 1
 0.651884 1 1 1 1
 0.651884 1 1 1 1
 0.651884 1 1 1 1
 0.651884 1 1 1 1
 0.651884 1 1 1 1
 0.651884 1 1 1 1
 0.651884 1 1 1 1
 0.651884 1 1 1 1
 0.651884 1 1 1 1
 0.651884 1 1 1 1
 0.651884 1 1 1 1
 0.651884 1 1 1 1
 0.651884 1 1 1 1
 0.651884 1 1 1 1
 0.651884 1 1 1 1
 0.651884 1 1 1 1
 0.651884 1 1 1 1
 0.651884 1 1 1 1
 0.651884 1 1 1 1
 0.651884 1 1 1 1
 0.651884 1 1 1 1
 0.651884 1 1 1 1
 0.651884 1 1 1 1
 0.651884 1 1 1 1
 0.651884 1 1 1 1
pf_obs 
 0.256992 0.487395 0.22802 0.0275931 0
 0.321318 0.546541 0.124235 0.00734118 0.000564706
 0.182869 0.594174 0.210203 0.0122559 0.00049798
 0.330522 0.361315 0.267642 0.0388342 0.00168674
 0.649043 0.306663 0.0425973 0.00169635 0
 0.582887 0.30429 0.105238 0.00758474 0
 0.465427 0.430635 0.0974691 0.00646863 0
 0.296916 0.608066 0.0921331 0.00288517 0
 0.311714 0.524322 0.152257 0.0117073 0
 0.15457 0.633149 0.183074 0.0267441 0.00246327
 0.131901 0.49318 0.331252 0.0422183 0.00144891
 0.196976 0.569456 0.194076 0.0375587 0.00193317
 0.518974 0.381816 0.0799577 0.0180837 0.00116848
 0.0928022 0.601141 0.25162 0.0475244 0.00691264
 0.122501 0.610282 0.24278 0.0234846 0.000952079
 0.383417 0.481906 0.127806 0.00687128 0
 0.0376549 0.599619 0.316969 0.0457579 0
 0.0361596 0.667082 0.258105 0.0386534 0
 0.158088 0.579412 0.248529 0.0139706 0
 0.0477256 0.309471 0.559284 0.082774 0.000745712
 0.0406174 0.521527 0.379366 0.0568643 0.0016247
 0.151134 0.462217 0.34131 0.0453401 0
 0.294876 0.26143 0.354403 0.0886775 0.000613685
 0.281977 0.475581 0.204845 0.0348837 0.00271318
 0.0841818 0.532909 0.334909 0.0458182 0.00218182
 0.115287 0.27431 0.454777 0.147771 0.00785563
 0 0 0 0 0
pf_pred 
 0.228116 0.522025 0.222528 0.0273188 1.24539e-05
 0.256417 0.555185 0.152151 0.032463 0.00378357
 0.106092 0.70451 0.162602 0.0218625 0.00493324
 0.228265 0.475879 0.269473 0.0229036 0.00348
 0.285246 0.493355 0.163974 0.0524984 0.00492756
 0.131961 0.636128 0.181322 0.037782 0.0128071
 0.314042 0.399298 0.242585 0.0348501 0.0092246
 0.215866 0.635813 0.106888 0.0353043 0.00612913
 0.269062 0.538048 0.173844 0.0139419 0.0051043
 0.265409 0.584016 0.129221 0.0193578 0.0019968
 0.142349 0.658742 0.175571 0.0201667 0.00317244
 0.151008 0.556851 0.257847 0.0304907 0.00380308
 0.249528 0.517741 0.187525 0.0401721 0.00503384
 0.241568 0.658129 0.0867143 0.0111226 0.00246589
 0.282427 0.668837 0.0475035 0.00108549 0.000146554
 0.296755 0.662165 0.0406188 0.000451185 9.99116e-06
 0.201123 0.672873 0.123055 0.00291789 3.07122e-05
 0.253181 0.55063 0.181471 0.0143952 0.000323112
 0.207225 0.610461 0.155557 0.0248502 0.00190682
 0.253851 0.520592 0.195422 0.0258952 0.00424031
 0.244334 0.567627 0.154134 0.0295724 0.00433286
 0.199533 0.558741 0.202929 0.0320264 0.00677174
 0.248276 0.493978 0.20704 0.0428465 0.00785987
 0.247596 0.550334 0.157167 0.0363781 0.00852473
 0.0852628 0.656804 0.214629 0.034006 0.0092986
 0.143601 0.348826 0.414672 0.077827 0.0150748
 0.141034 0.518691 0.186216 0.12679 0.0272694
pobs_RECLAS
 0 0 0 0 0
 0 0 0 0 0
 0 0 0 0 0
 0 0 0 0 0
 0.835266 0.146461 0.0176864 0.000547809 3.91292e-05
 0.385257 0.428462 0.181853 0.0044286 0
 0.867414 0.0963971 0.0333333 0.00285562 0
 0.441836 0.489002 0.0689373 0.000224442 0
 0.779404 0.147425 0.0564933 0.0165055 0.000172143
 0.814271 0.122319 0.05973 0.00367925 0
 0.40263 0.566651 0.0304383 0.000280538 0
 0.475488 0.404961 0.113038 0.00651328 0
 0.955842 0.0263864 0.0167828 0.000988607 0
 0.975058 0.0227948 0.00214734 0 0
 0.738997 0.206755 0.0527124 0.00153531 0
 0.850938 0.134255 0.0134407 0.00136685 0
 0.542534 0.407297 0.0501686 0 0
 0.764087 0.199537 0.0359546 0.000420521 0
 0.470689 0.182191 0.310203 0.0369168 0
 0.84361 0.089868 0.0606195 0.00523954 0.000663233
 0.607945 0.314616 0.071237 0.00620181 0
 0.523733 0.453247 0.0230204 0 0
 0.530135 0.295979 0.169645 0.0042399 0
 0.562478 0.366248 0.0663022 0.0049721 0
 0.250443 0.683176 0.0655157 0.000865301 0
 0.195077 0.31981 0.436473 0.0351445 0.0134964
 0.565238 0.351407 0.0832357 0.000118908 0
ppred_RECLAS
 0.569837 0.315628 0.101811 0.0127192 5.8513e-06
 0.603687 0.315343 0.0651639 0.0141435 0.00166345
 0.365378 0.536139 0.084444 0.0114361 0.00260263
 0.565331 0.29282 0.128951 0.0111835 0.001715
 0.626328 0.27514 0.0725398 0.023743 0.00224946
 0.401354 0.468673 0.101178 0.0214559 0.00733944
 0.671654 0.21091 0.0990488 0.014511 0.00387648
 0.547115 0.385408 0.0483885 0.0162428 0.00284545
 0.625004 0.296301 0.0708006 0.00576495 0.00212963
 0.6082 0.327123 0.0553513 0.00844685 0.000879321
 0.430215 0.466698 0.0908286 0.0105792 0.0016791
 0.451001 0.395071 0.135595 0.0162833 0.00204933
 0.627243 0.28567 0.0700694 0.0151078 0.00190924
 0.671615 0.305235 0.0200714 0.00251698 0.000561878
 0.719841 0.270811 0.00911767 0.000202727 2.75528e-05
 0.656217 0.329533 0.0140884 0.000157953 3.52811e-06
 0.530606 0.413298 0.054766 0.00131581 1.39727e-05
 0.601925 0.314094 0.0775828 0.00625679 0.000141713
 0.530684 0.381903 0.074374 0.0121026 0.000937195
 0.60148 0.299641 0.0854481 0.0115268 0.00190477
 0.57717 0.335469 0.0713229 0.0139723 0.00206626
 0.516977 0.360813 0.102228 0.0164676 0.00351433
 0.590852 0.291002 0.0945036 0.0199489 0.00369337
 0.585453 0.322335 0.071374 0.0168521 0.00398567
 0.284546 0.547019 0.139621 0.0225823 0.00623235
 0.435092 0.263804 0.244989 0.0469385 0.00917641
 0.423853 0.382093 0.105213 0.0729971 0.0158445
pobs_PELACES
 0 0 0 0 0
 0 0 0 0 0
 0 0 0 0 0
 0 0 0 0 0
 0 0 0 0 0
 0 0 0 0 0
 0 0 0 0 0
 0 0 0 0 0
 0 0 0 0 0
 0 0 0 0 0
 0.450072 0.473896 0.0757376 0.000293798 0
 0 0 0 0 0
 0.463077 0.371075 0.160297 0.00555027 0
 0.529543 0.364841 0.0842815 0.0213345 0
 0.631943 0.363953 0.00410389 0 0
 0.735681 0.248677 0.0153453 0.000297389 0
 0.695825 0.281241 0.0229344 0 0
 0.275771 0.60734 0.115278 0.00161068 0
 0 0 0 0 0
 0.896147 0.0623911 0.0374545 0.00400742 0
 0.803859 0.145111 0.0509908 3.86294e-05 0
 0.739449 0.233085 0.0266225 0.000797448 4.60066e-05
 0.878498 0.100942 0.0204185 0.000141795 0
 0.694673 0.275183 0.0284847 0.00165964 0
 0.469039 0.446079 0.0841089 0.000773354 0
 0.822795 0.102175 0.0682046 0.00682512 0
 0 0 0 0 0
ppred_PELACES
 0.700949 0.239198 0.0535781 0.00627185 2.85186e-06
 0.727404 0.231998 0.0330898 0.00672606 0.000781879
 0.550152 0.405286 0.0386287 0.00484401 0.00108893
 0.680846 0.235803 0.0761872 0.0062207 0.000943145
 0.708745 0.228333 0.0469974 0.0145601 0.00136422
 0.538173 0.388068 0.0582646 0.0115789 0.00391494
 0.776535 0.159731 0.0542817 0.00747802 0.00197493
 0.680603 0.28601 0.0244007 0.00766042 0.00132628
 0.754478 0.208677 0.0333796 0.00253869 0.00092679
 0.720318 0.245615 0.0294193 0.00421368 0.000433603
 0.586615 0.361347 0.0462289 0.00502147 0.000787555
 0.607172 0.311863 0.0718952 0.00806667 0.00100331
 0.789568 0.178299 0.026244 0.0052357 0.000653545
 0.864982 0.130539 0.00393439 0.000446022 9.82221e-05
 0.893194 0.10521 0.00156064 3.12626e-05 4.19074e-06
 0.788511 0.205973 0.00545743 5.6772e-05 1.25272e-06
 0.67853 0.295431 0.0254634 0.000570021 5.98113e-06
 0.729403 0.228967 0.0386482 0.00291646 6.52862e-05
 0.654261 0.297966 0.0410279 0.00626549 0.000479602
 0.7241 0.22454 0.0447724 0.0056626 0.000924919
 0.677723 0.270293 0.0429013 0.00792438 0.00115869
 0.629288 0.297051 0.0622253 0.00944323 0.0019925
 0.704227 0.228974 0.0540907 0.0107417 0.00196613
 0.694843 0.25313 0.0408339 0.00907141 0.00212108
 0.384348 0.502143 0.0950658 0.0144895 0.00395378
 0.568928 0.234582 0.161659 0.0291885 0.00564196
 0.562165 0.324041 0.0635265 0.0413876 0.0088804
pobs_pel_tallas
 0 0 0 0 0 0 0 0 0 0 0 0 0 0 0 0 0 0 0 0 0 0 0 0 0 0 0 0 0 0 0 0 0 0 0 0
 0 0 0 0 0 0 0 0 0 0 0 0 0 0 0 0 0 0 0 0 0 0 0 0 0 0 0 0 0 0 0 0 0 0 0 0
 0 0 0 0 0 0 0 0 0 0 0 0 0 0 0 0 0 0 0 0 0 0 0 0 0 0 0 0 0 0 0 0 0 0 0 0
 0 0 0 0 0 0 0 0 0 0 0 0 0 0 0 0 0 0 0 0 0 0 0 0 0 0 0 0 0 0 0 0 0 0 0 0
 0 0 0 0 0 0 0 0 0 0 0 0 0 0 0 0 0 0 0 0 0 0 0 0 0 0 0 0 0 0 0 0 0 0 0 0
 0 0 0 0 0 0 0 0 0 0 0 0 0 0 0 0 0 0 0 0 0 0 0 0 0 0 0 0 0 0 0 0 0 0 0 0
 0 0 0 0 0 0 0 0 0 0 0 0 0 0 0 0 0 0 0 0 0 0 0 0 0 0 0 0 0 0 0 0 0 0 0 0
 0 0 0 0 0 0 0 0 0 0 0 0 0 0 0 0 0 0 0 0 0 0 0 0 0 0 0 0 0 0 0 0 0 0 0 0
 0 0 0 0 0 0 0 0 0 0 0 0 0 0 0 0 0 0 0 0 0 0 0 0 0 0 0 0 0 0 0 0 0 0 0 0
 0 0 0 0 0 0 0 0 0 0 0 0 0 0 0 0 0 0 0 0 0 0 0 0 0 0 0 0 0 0 0 0 0 0 0 0
 0 0 0 0 0 0 0 0 1.78061e-05 0.00172719 0.00360574 0.0105946 0.0120993 0.0124554 0.0147524 0.0171206 0.0266825 0.0428682 0.0675386 0.121331 0.153587 0.119568 0.100827 0.0573624 0.0630603 0.0341343 0.0324427 0.0444173 0.0211091 0.0280891 0.0125444 0.00206551 0 0 0 0
 0 0 0 0 0 0 0 0 0 0 0 0 0 0 0 0 0 0 0 0 0 0 0 0 0 0 0 0 0 0 0 0 0 0 0 0
 0 0 0 0 0 0 0.0133647 0.0140871 0.0187388 0.0205184 0.03894 0.0496705 0.03968 0.0493445 0.0407372 0.0367815 0.0215668 0.0243155 0.0234873 0.0199281 0.019796 0.0243948 0.0301388 0.0376714 0.0412746 0.0863199 0.0771752 0.113111 0.0741005 0.0525337 0.0229764 0.00759418 0.00175318 0 0 0
 0 0 0 0 0 0 0 0 0 0 0.00219441 0.00772107 0.0458388 0.0604681 0.0671733 0.0775358 0.0609151 0.0617685 0.073594 0.0568108 0.0755445 0.0548602 0.0670107 0.0636378 0.0643287 0.046367 0.0373049 0.0286899 0.0247887 0.0153202 0.00654259 0.00121912 0.000365735 0 0 0
 0 0 0 0 0 0 0 0 0 0 0 0 0.000112435 0.00938835 0.0111873 0.0202946 0.0414886 0.0713402 0.111592 0.104902 0.108894 0.110636 0.117776 0.105296 0.107544 0.0401394 0.0192827 0.0124803 0.00416011 0.0028671 0.000618394 0 0 0 0 0
 0 0 0 0 0 0 0 0 0 0 0.00291406 0.0102884 0.027416 0.0768956 0.0749926 0.110853 0.0956884 0.0897413 0.0766577 0.0534642 0.0500743 0.0551293 0.0594112 0.0620874 0.0668451 0.0424026 0.0208742 0.0120726 0.0048766 0.00582813 0.00118941 0.000297354 0 0 0 0
 0 0.00264628 0.0354308 0.0461629 0.0458689 0.0383711 0.0214643 0.0164657 0.0346957 0.0420465 0.0363128 0.0245516 0.0311673 0.0291091 0.0169068 0.0133784 0.00837989 0.0085269 0.0148486 0.0160247 0.0276389 0.0546898 0.0760071 0.122758 0.109233 0.0665981 0.0333725 0.0166128 0.00676272 0.00308733 0.000882094 0 0 0 0 0
 0 0 0 0 0 0 0 0.000805153 0.000690131 0.00759144 0.0133425 0.0154129 0.00931677 0.000345066 0.00356568 0.00563607 0.00851162 0.0253048 0.0502646 0.0516448 0.0657925 0.0565908 0.0611916 0.0827007 0.0866115 0.110766 0.145733 0.0935128 0.0569358 0.0249597 0.0138026 0.00621118 0.00161031 0.00115022 0 0
 0 0 0 0 0 0 0 0 0 0 0 0 0 0 0 0 0 0 0 0 0 0 0 0 0 0 0 0 0 0 0 0 0 0 0 0
 0.00147267 0.00158595 0.00478618 0.00569244 0.00954404 0.0108468 0.00647125 0.017049 0.0510054 0.094081 0.124002 0.0959785 0.0687766 0.0820023 0.061753 0.0591476 0.0492212 0.0479892 0.0443925 0.0268479 0.0217502 0.0140895 0.0121071 0.0120363 0.00920419 0.00665534 0.0049561 0.00860946 0.00930331 0.0156896 0.0114698 0.00855282 0.00243557 0.00046729 0 2.83206e-05
 0 0 0 0 0.000772559 0.00158375 0.000888443 0.00281984 0.00712685 0.0440552 0.0773331 0.111326 0.0921469 0.0852325 0.0710754 0.0886704 0.0786465 0.0553345 0.0373146 0.0185414 0.00753245 0.00457741 0.012979 0.0271748 0.0457355 0.0583668 0.034881 0.0177882 0.00938659 0.00492506 0.0015258 0.00185414 0.000309023 5.79419e-05 3.86279e-05 0
 0 0.00173294 0.00326652 0 0.00397197 0.00683976 0.00946217 0.0152591 0.00757587 0.0136028 0.0228656 0.0392903 0.0559909 0.0764795 0.0681675 0.0726916 0.0566044 0.0477403 0.0527397 0.0444891 0.0609904 0.0582453 0.0661739 0.0445044 0.0529084 0.0360697 0.0280645 0.0235558 0.0158879 0.00826598 0.00280645 0.00217768 0.000904811 0.00058276 9.20147e-05 0
 0 0 0 0 0 0 0 0 0 0 0 0 0 0 0 0 0 0 0 0 0 0 0 0 0 0 0 0 0 0 0 0 0 0 0 0
 0 0 0 0 0 0 0 0 0 0 0 0 0 0 0 0 0 0 0 0 0 0 0 0 0 0 0 0 0 0 0 0 0 0 0 0
 0 0 0 0 0 0 0 0 0 0 0 0 0 0 0 0 0 0 0 0 0 0 0 0 0 0 0 0 0 0 0 0 0 0 0 0
 0 0 0 0 0 0 0 0 0 0 0 0 0 0 0 0 0 0 0 0 0 0 0 0 0 0 0 0 0 0 0 0 0 0 0 0
 0 0 0 0 0 0 0 0 0 0 0 0 0 0 0 0 0 0 0 0 0 0 0 0 0 0 0 0 0 0 0 0 0 0 0 0
ppred_pel_tallas
 1.01055e-16 3.05871e-05 0.000179512 0.000853301 0.00328522 0.0102446 0.0258772 0.0529488 0.0877708 0.117881 0.128296 0.11321 0.0811351 0.0475436 0.0234335 0.0109346 0.0067424 0.00694785 0.00913801 0.0122108 0.015642 0.0190369 0.022 0.0241618 0.0252507 0.0251541 0.0239419 0.0218402 0.0191698 0.0162686 0.0134244 0.0108353 0.00860224 0.00674618 0.00523757 0.00402475
 1.00814e-16 3.17403e-05 0.000186283 0.000885493 0.00340917 0.0106312 0.0268536 0.0549465 0.0910817 0.122326 0.133129 0.117464 0.0841607 0.0492693 0.0241956 0.0111406 0.00666481 0.00670327 0.00874721 0.011655 0.014893 0.0180709 0.0208039 0.0227364 0.0236124 0.023334 0.0219834 0.0197962 0.0170987 0.0142307 0.0114776 0.00903134 0.0069827 0.00533958 0.00405753 0.00307001
 1.00898e-16 2.40184e-05 0.000140933 0.000669855 0.00257885 0.0080418 0.0203133 0.0415659 0.0689083 0.0925669 0.100797 0.0890667 0.0640983 0.0380965 0.0197739 0.0108962 0.00895996 0.0109573 0.0149902 0.0200954 0.0256544 0.0310559 0.03564 0.0387896 0.0400648 0.0393079 0.0366803 0.0326144 0.0277023 0.0225563 0.0176885 0.0134397 0.00996508 0.00726736 0.00525151 0.00378079
 1.01417e-16 2.97105e-05 0.000174366 0.000828834 0.00319102 0.00995086 0.0251352 0.0514305 0.0852542 0.114501 0.12462 0.10997 0.0788209 0.0462041 0.0228047 0.0106957 0.00667218 0.00694293 0.0091697 0.0122866 0.0157866 0.0192858 0.0223953 0.0247473 0.0260655 0.0262245 0.0252744 0.0234169 0.0209474 0.0181824 0.0153954 0.01278 0.0104429 0.00841931 0.00669966 0.00525412
 1.01306e-16 3.09266e-05 0.000181506 0.000862783 0.00332173 0.0103585 0.0261648 0.0535372 0.0887458 0.119189 0.129717 0.114456 0.0820109 0.0480227 0.0236061 0.0109087 0.00658327 0.0066733 0.00873909 0.0116725 0.0149566 0.0182121 0.0210624 0.0231565 0.0242366 0.0241964 0.0231019 0.0211675 0.0186959 0.0160046 0.0133621 0.0109509 0.00886153 0.00710965 0.00566501 0.00447894
 1.01535e-16 2.34954e-05 0.000137864 0.000655269 0.0025227 0.00786669 0.0198709 0.0406606 0.0674075 0.0905503 0.0985999 0.0871224 0.0626926 0.0372487 0.0193118 0.0106084 0.00868976 0.0106161 0.014537 0.0195207 0.0249767 0.0303242 0.0349333 0.0382113 0.0397291 0.039321 0.0371215 0.0335206 0.0290602 0.0243041 0.0197264 0.0156458 0.0122133 0.00944297 0.0072626 0.00556419
 1.01172e-16 3.38798e-05 0.00019885 0.000945252 0.00363929 0.0113488 0.0286661 0.0586545 0.0972258 0.13057 0.142081 0.125315 0.0896806 0.05229 0.0252871 0.0109859 0.00568055 0.00501076 0.0063042 0.0083865 0.010776 0.0131809 0.0153328 0.0169819 0.0179398 0.0181194 0.0175508 0.0163659 0.0147595 0.0129404 0.011089 0.00933347 0.00774451 0.00634685 0.00513662 0.00409784
 1.00765e-16 2.97017e-05 0.00017431 0.00082856 0.00318995 0.00994751 0.0251268 0.0514137 0.0852277 0.11447 0.124596 0.109973 0.0788771 0.0463447 0.0230727 0.0111499 0.00738626 0.00799631 0.0106305 0.0141885 0.0181044 0.0219171 0.0251558 0.0273854 0.0282965 0.0277784 0.0259459 0.0231038 0.0196691 0.0160721 0.0126714 0.00970444 0.00727769 0.00539035 0.00397372 0.00293087
 1.00673e-16 3.29199e-05 0.000193211 0.000918432 0.003536 0.0110267 0.0278526 0.0569904 0.0944688 0.126872 0.138069 0.121805 0.0872309 0.0509867 0.02489 0.0112096 0.00636425 0.00612794 0.00789817 0.0105041 0.0134215 0.0162885 0.0187566 0.0205049 0.0213017 0.0210573 0.0198441 0.0178726 0.0154358 0.0128394 0.0103413 0.008116 0.00624789 0.00474673 0.00357487 0.00267408
 1.00663e-16 3.14319e-05 0.000184471 0.000876876 0.00337599 0.0105277 0.0265922 0.0544118 0.0901958 0.121137 0.13184 0.116335 0.0833702 0.0488443 0.0240568 0.0111939 0.0068555 0.00701966 0.00920062 0.0122594 0.0156512 0.0189662 0.0217974 0.0237689 0.0246117 0.0242264 0.0227055 0.0203051 0.0173781 0.0142905 0.0113496 0.00876075 0.00661983 0.00493213 0.0036454 0.00268269
 1.00984e-16 2.56065e-05 0.000150261 0.000714211 0.00274965 0.00857443 0.0216586 0.0443181 0.0734689 0.0986871 0.107445 0.0949014 0.0682114 0.040369 0.0206381 0.0108711 0.00837008 0.00990872 0.0134655 0.0180463 0.0230597 0.0279527 0.0321354 0.0350556 0.0363168 0.0357708 0.033552 0.0300352 0.0257376 0.0211966 0.0168639 0.0130422 0.00987392 0.00736883 0.00545228 0.00401318
 1.01447e-16 2.6501e-05 0.000155516 0.000739206 0.0028459 0.00887461 0.0224167 0.045869 0.0760382 0.102133 0.111182 0.0981696 0.0704884 0.0415722 0.020988 0.0106291 0.00768068 0.00879102 0.0118746 0.0159368 0.0204306 0.024874 0.0287577 0.0316004 0.0330475 0.0329512 0.0314004 0.0286878 0.0252295 0.021464 0.0177649 0.0143898 0.0114703 0.0090348 0.00704622 0.00543922
 1.00642e-16 3.44488e-05 0.000202189 0.000961123 0.00370038 0.0115393 0.0291474 0.0596394 0.0988587 0.132764 0.144472 0.12743 0.0912089 0.0532104 0.0257861 0.0112924 0.00596346 0.0053644 0.00677068 0.00897334 0.0114603 0.0139074 0.0160147 0.0175082 0.0181906 0.0179864 0.0169578 0.0152852 0.0132187 0.0110186 0.00890402 0.00702221 0.0054432 0.00417356 0.0031798 0.00241156
 1.00119e-16 3.77352e-05 0.000221488 0.00105288 0.00405369 0.0126411 0.0319304 0.0653332 0.108295 0.14543 0.158239 0.139535 0.0997891 0.0580466 0.0278127 0.0116376 0.00536495 0.00411266 0.00489053 0.00639611 0.00812292 0.00980046 0.0112024 0.0121292 0.0124423 0.0120961 0.01115 0.00975141 0.00809945 0.00639824 0.00481724 0.0034674 0.00239659 0.00160043 0.00104104 0.000666156
 1.00058e-16 3.89643e-05 0.000228706 0.0010872 0.00418585 0.0130532 0.0329714 0.0674629 0.111824 0.150167 0.163386 0.144056 0.102986 0.0598321 0.0285291 0.0116976 0.00503271 0.00348445 0.0039649 0.00514171 0.00651925 0.00785868 0.00897366 0.00970306 0.0099357 0.00963595 0.00885296 0.00770738 0.00636121 0.00498045 0.00370264 0.00261753 0.00176337 0.00113566 0.000702459 0.000420049
 1.00147e-16 3.44038e-05 0.000201923 0.00095985 0.00369548 0.011524 0.0291087 0.0595605 0.0987287 0.132591 0.14429 0.127284 0.0911348 0.0532285 0.0259087 0.0115382 0.00636458 0.00596184 0.00760314 0.0100625 0.012796 0.0154368 0.0176388 0.0190889 0.0195686 0.0190069 0.017498 0.0152761 0.0126561 0.00996158 0.00746068 0.00532908 0.00364244 0.00239353 0.00152181 0.000943836
 1.00478e-16 2.96117e-05 0.000173781 0.000826042 0.00318025 0.00991727 0.0250504 0.0512575 0.084969 0.114123 0.124221 0.109648 0.0786559 0.0462391 0.0230652 0.0112207 0.0075291 0.00821852 0.0109454 0.0146067 0.0186272 0.0225311 0.025831 0.0280764 0.0289476 0.0283317 0.0263499 0.0233219 0.019684 0.0158876 0.0123099 0.00920195 0.0066779 0.00473859 0.00331206 0.00229464
 1.00727e-16 3.18274e-05 0.000186795 0.000887925 0.00341854 0.0106604 0.0269273 0.0550973 0.0913317 0.122661 0.133494 0.117784 0.0843857 0.049393 0.0242414 0.0111368 0.0066292 0.00664178 0.00865951 0.0115398 0.0147512 0.0179073 0.0206274 0.0225593 0.0234478 0.0231934 0.0218742 0.0197196 0.0170497 0.0141992 0.0114509 0.00899708 0.00693126 0.00526591 0.00396154 0.00295594
 1.00918e-16 2.85537e-05 0.000167569 0.000796508 0.00306653 0.00956265 0.0241547 0.0494248 0.0819314 0.110045 0.119785 0.105741 0.0758727 0.0446416 0.0223406 0.0109893 0.00753309 0.00834256 0.0111624 0.0149284 0.0190784 0.0231395 0.0266224 0.029071 0.030157 0.0297563 0.0279766 0.0251231 0.0216184 0.0179022 0.014344 0.0111922 0.00856437 0.0064702 0.00485098 0.00361871
 1.00947e-16 3.1596e-05 0.000185437 0.000881469 0.00339368 0.0105829 0.0267315 0.0546967 0.0906676 0.121769 0.132522 0.116926 0.0837689 0.0490278 0.0240547 0.0110391 0.00655606 0.00655936 0.00855429 0.01141 0.0146038 0.0177576 0.020499 0.0224816 0.023453 0.0233107 0.0221244 0.0201111 0.0175764 0.0148408 0.012176 0.00976763 0.00770814 0.00601337 0.00465079 0.00356704
 1.01024e-16 2.95756e-05 0.000173571 0.000825048 0.00317643 0.00990537 0.0250203 0.0511958 0.084866 0.113983 0.124063 0.109496 0.07852 0.0461052 0.0228989 0.0109768 0.00715893 0.00767538 0.010191 0.013621 0.0174202 0.0211522 0.0243722 0.0266659 0.0277332 0.0274577 0.0259314 0.0234247 0.0203139 0.0169917 0.0137886 0.0109277 0.00851603 0.00656555 0.00502806 0.00383003
 1.01398e-16 2.74647e-05 0.000161176 0.000766115 0.00294951 0.00919772 0.0232329 0.0475388 0.0788054 0.105847 0.115219 0.101719 0.0730029 0.042987 0.0215762 0.01072 0.0074886 0.00839881 0.0112871 0.0151317 0.0193882 0.0235918 0.0272567 0.0299257 0.0312635 0.0311325 0.0296217 0.0270141 0.0237093 0.0201271 0.0166239 0.013443 0.0107065 0.00843665 0.00659324 0.00510941
 1.01304e-16 3.07296e-05 0.00018035 0.000857285 0.00330056 0.0102925 0.0259981 0.053196 0.0881803 0.11843 0.128891 0.113729 0.0814936 0.0477268 0.0234739 0.0108702 0.00659153 0.00670819 0.00879714 0.0117576 0.0150748 0.0183696 0.021264 0.0234046 0.0245305 0.0245313 0.0234693 0.0215548 0.0190881 0.0163855 0.0137158 0.0112641 0.0091246 0.00731779 0.00581839 0.00458209
 1.01074e-16 3.03214e-05 0.000177951 0.000845876 0.00325663 0.0101555 0.025652 0.0524881 0.0870077 0.116857 0.127186 0.112239 0.0804568 0.0471825 0.0233227 0.010995 0.00692856 0.0072513 0.00956897 0.0127799 0.0163473 0.0198571 0.022892 0.0250641 0.0260923 0.0258666 0.0244718 0.0221594 0.0192792 0.0161965 0.0132184 0.0105519 0.00829615 0.00646211 0.0050054 0.00385872
 1.02196e-16 1.67926e-05 9.85018e-05 0.000468113 0.00180206 0.00561938 0.0141946 0.0290473 0.0481617 0.0647177 0.0705257 0.0624466 0.0452202 0.0274379 0.0152731 0.0100619 0.0101582 0.0135357 0.0188827 0.0254469 0.032607 0.0396467 0.0457573 0.0501694 0.0523202 0.0519837 0.0493186 0.044813 0.0391518 0.0330525 0.027122 0.0217728 0.0172081 0.013459 0.0104486 0.00805439
 1.03638e-16 2.48304e-05 0.000145715 0.000692626 0.00266658 0.00831542 0.0210042 0.0429783 0.0712449 0.0956907 0.104159 0.0919432 0.0659639 0.0387967 0.0193922 0.00951081 0.00650655 0.00724371 0.00979432 0.0132801 0.0172701 0.0214131 0.0253325 0.0286525 0.0310655 0.0323903 0.0325987 0.0317997 0.0301942 0.0280155 0.0254795 0.0227568 0.0199692 0.0172019 0.0145211 0.0119856
 1.02845e-16 2.45389e-05 0.000143996 0.000684435 0.00263502 0.00821697 0.0207556 0.0424704 0.0704053 0.0945703 0.102959 0.0909294 0.0653359 0.0386261 0.0196727 0.0102458 0.0077571 0.0091174 0.012401 0.0166781 0.0214172 0.0261318 0.0303014 0.0334328 0.035162 0.0353355 0.0340405 0.031569 0.0283343 0.0247674 0.0212287 0.0179583 0.0150702 0.0125791 0.0104427 0.00860019
pSPR Fmed_Fpbrs
0.53919   0.6 0.325
Fs Fmed_Fpbrs
0.64   0.489724 1.76656
SSBpbr Bo_Bmed_Bpbrs
602529  294751  331391 165695
Ro
29143.9
SPR SPRFo_SPRFmed_SPRFpbrs
601944 324562 195632
log_Ro
10.1
likeval ReclasPelacesDesembMPH_pf_preclas_ppelaces_ptallas_desvR_qrecl_qpela
 70.344 13.0107 0.0339434 0.000526277 332.427 207.978 56.3606 0 18.2577 9.65293e-06 0.000136252 8.40354e-14 0 0 0
q_reclas_q_pelaces
1.55312 5.26287
M
0.7
N
 30896.6 11213.3 3490.17 420.323 0.191419
 40665.9 14109.8 2839.36 594.546 69.2255
 14109.9 18499.4 3463.23 460.333 103.811
 19680.5 5900.11 2306.59 191.456 29.0534
 42118.5 9310.04 1983.34 616.277 57.752
 27191.5 20733 4308.82 880.648 298.211
 66293.7 12430 5291.75 743.32 196.517
 64134.4 31084.6 3891.54 1262.82 219.032
 85617.4 28885 7040.06 555.245 203.102
 113172 38192.8 6056.84 888.775 91.5787
 65053.9 52323.2 10677.1 1207.44 189.787
 46363.3 28683.5 9990.45 1161.56 144.751
 49980.6 20726.8 6119.87 1296.5 162.365
 27364.9 20787.8 2475.21 315.915 70.0203
 13932.3 9577.43 619.916 14.1013 1.90339
 11181 4754.28 233.019 2.55614 0.0565665
 8026.89 4747.36 670.229 15.6562 0.164659
 9916.53 3515.35 858.458 66.8784 1.4997
 9900.34 4482.39 819.612 128.266 9.83143
 14232.1 4573.78 1245.44 161.81 26.4684
 20181.1 6528.31 1200.13 224.505 32.8494
 24315.7 9653.7 2399.98 369.64 78.0559
 39773.6 11559.5 3376.19 682.856 125.112
 57792.6 18712.1 3717.81 840.907 196.814
 25068.7 27216 6065.66 937.609 256.042
 34911.6 11942.1 9677.5 1771.93 342.764
 29794.6 16635.7 4256.03 2837.24 609.537
pred_Ctot
 1794.36 4106.24 1750.4 214.889 0.0979625
 2466.77 5340.96 1463.71 312.298 36.3985
 1618.61 10748.4 2480.75 333.548 75.2645
 672.427 1401.85 793.819 67.4699 10.2515
 264.337 457.191 151.954 48.6502 4.56636
 1561.23 7526.01 2145.22 446.998 151.521
 2667.55 3391.73 2060.58 296.025 78.3559
 4315.6 12711.2 2136.9 705.804 122.534
 6300.25 12598.7 4070.66 326.458 119.52
 5636.92 12403.7 2744.48 411.133 42.4094
 5280.5 24436.4 6512.89 748.094 117.684
 3346.17 12339.2 5713.6 675.639 84.2721
 5898.93 12239.6 4433.17 949.684 119.002
 5927.44 16148.7 2127.74 272.919 60.5064
 3202.54 7584.19 538.66 12.3088 1.66183
 1176.35 2624.85 161.015 1.78852 0.0396054
 686.621 2297.14 420.1 9.96146 0.104849
 643.614 1399.76 461.32 36.5944 0.821387
 498.209 1467.67 373.989 59.7446 4.58435
 784.36 1608.55 603.825 80.0124 13.1019
 533.967 1240.49 336.844 64.6274 9.46901
 748.105 2094.88 760.837 120.076 25.3892
 1509.21 3002.76 1258.54 260.452 47.7781
 2154.24 4788.25 1367.45 316.512 74.1704
 735.434 5665.25 1851.28 293.318 80.2049
 1017.37 2471.33 2937.83 551.382 106.801
 1409.83 5185.03 1861.49 1267.44 272.595
F
 0.0837786 0.673519 1.06991 1.10411 1.10597
 0.0876529 0.704666 1.11938 1.15517 1.15711
 0.171902 1.38197 2.1953 2.26547 2.26929
 0.0485354 0.39019 0.619829 0.639642 0.64072
 0.00876067 0.0704294 0.111879 0.115456 0.11565
 0.0827908 0.665578 1.05729 1.09109 1.09293
 0.0573815 0.461306 0.732799 0.756224 0.757498
 0.0976577 0.785097 1.24715 1.28702 1.28919
 0.10724 0.862134 1.36953 1.41331 1.41569
 0.0714675 0.574547 0.912687 0.941861 0.943448
 0.118893 0.95581 1.51834 1.56687 1.56951
 0.105082 0.844783 1.34196 1.38486 1.3872
 0.177268 1.4251 2.26382 2.33619 2.34012
 0.34985 2.81254 4.46781 4.61063 4.6184
 0.375164 3.01605 4.79109 4.94424 4.95257
 0.156629 1.25918 2.00025 2.06419 2.06767
 0.125659 1.01021 1.60474 1.65604 1.65883
 0.0940461 0.756063 1.20103 1.23942 1.24151
 0.0722289 0.580668 0.92241 0.951895 0.953499
 0.0793497 0.637914 1.01335 1.04574 1.0475
 0.0374025 0.300689 0.477654 0.492922 0.493753
 0.0436103 0.350595 0.556932 0.574735 0.575703
 0.0540318 0.434376 0.690021 0.712078 0.713278
 0.0530557 0.42653 0.677556 0.699215 0.700393
 0.0415462 0.334001 0.530572 0.547532 0.548454
 0.0412644 0.331736 0.526974 0.543819 0.544735
 0.0677853 0.544945 0.865663 0.893334 0.89484
Np
 19295.3 9232.84 5095.38 1481.27 353.279
YTP_r0W_actual
 6411.83 67785.9 37258.8 32534.5 7766.96
YTP_p0W_proyectada
 4152.36 56336.5 41936.6 10197.5 8839.23
 4152.36 37621.2 44606.8 16985.6 4501.62
CTP_r0_actual
 781.93 3138.24 1186.59 811.334 174.538
CTP_p0_proyectada
 506.386 2608.17 1335.56 254.302 198.634
 506.386 1741.72 1420.6 423.582 101.16
Wmedp
 8.2 21.6 31.4 40.1 44.5
nmprior
 10.8 10.6 4.6 0
nm_flota  nm_reclas  nm_pelaces    nm_pelaL
inf 26.0408 15.1779 45.0503
cv_recla  cv_pelaces  cv_mph
0.726347 0.395131 0.613117
 ------------------------------------------------
Talla a la edad & desviaci?n 
 7.2 14.2025 17.0495 18.207 18.6776
 1.08 2.13037 2.55742 2.73105 2.80164
