years
 1997 1998 1999 2000 2001 2002 2003 2004 2005 2006 2007 2008 2009 2010 2011 2012 2013 2014 2015 2016 2017 2018 2019 2020 2021 2022 2023
reclasobs
 0 0 0 370054 412103 1.49427e+06 250295 1.28982e+06 931140 785840 897777 1.04006e+06 184774 17550 25797 100020 73551 82996 120727 218422 84188 347160 605670 569463 516374 1.08416e+06 1.01767e+06
reclaspred
 477058 130732 396698 272329 391830 482227 1.04005e+06 695445 761869 710165 571925 379656 229873 97659.3 63114.2 64666.9 80851.7 112830 124777 174190 254234 235785 408390 556384 715091 707939 709846
pelacesobs
 0 0 0 0 0 0 0 0 0 2.06254e+06 1.5e+06 0 1.87456e+06 323000 250000 174000 83755 137374 0 501740 490994 745055 786931 1.00524e+06 1.33801e+06 1.41789e+06 0
pelacespred
 1.97694e+06 445968 833714 877258 1.1056e+06 1.0552e+06 2.76257e+06 2.21668e+06 2.19186e+06 2.03604e+06 1.41019e+06 964107 591352 198002 136086 147697 193562 278408 305524 429490 707569 617910 882393 1.37065e+06 1.69106e+06 1.84663e+06 1.78257e+06
mphobs
 0 0 0 0 0 112323 0 153150 637223 0 255016 313432 73983 77613 109348 50772 17779 17303 59886 28197 0 207744 136588 643089 65757 70829 0
mphpred
 137493 83650.2 101426 117847 121649 188963 278644 333356 281649 283609 269476 183754 111023 57327.6 25034.9 21693.2 26551.5 36348.4 46832.4 55072.8 82118.2 97877.4 122632 176606 266906 288114 261772
desembarqueobs
 350755 77701 442110 56441 14545 235359 269955 359681 431902 328805 639364 411747 362871 311530 167758 66681 60226 58785 57116 73181 50977 67692 138656 160484 209506 203330 245020
desembarquepred
 350766 77704.2 442151 56443.9 14545.2 235420 270000 359706 431974 328847 639554 411962 363167 311880 167720 66690.5 60253.2 58786 57110 73182.7 50978.8 67686 138662 160493 209498 203322 245011
Reclutas
 47834.1 58438 33577.9 48385.1 84447.6 62151.6 103304 95946.3 117388 122187 64261 41709.8 45413.8 24387 16497 16838.5 12767.1 15458.3 17469.5 28358.9 36017.5 46184.3 76174.7 108498 50277.5 73377 107042
log_desv_Rt
 0.0154948 0.215721 -0.338376 0.0269467 0.583887 0.277332 0.78543 0.711544 0.913244 0.953312 0.310708 -0.12151 -0.0364288 -0.658194 -1.04907 -1.02857 -1.30537 -1.1141 -0.991786 -0.507304 -0.268239 -0.0196049 0.480785 0.834491 0.0653131 0.443366 0.82098
SSB
 588594 358100 434196 504495 520771 808934 1.19285e+06 1.42707e+06 1.20572e+06 1.21411e+06 1.15361e+06 786638 475280 245415 107172 92867.1 113665 155605 200486 235762 351541 419005 524978 756038 1.1426e+06 1.2334e+06 1.12062e+06
BT
 2.00985e+06 520291 966185 824140 974160 1.10534e+06 2.58896e+06 2.33735e+06 2.30388e+06 2.08991e+06 1.80401e+06 1.21731e+06 867776 464778 256345 182837 216882 289438 314473 432908 657834 601830 864200 1.32337e+06 1.6335e+06 1.78466e+06 1.75973e+06
Ftot
 0.539126 0.437738 0.660383 0.133251 0.0266609 0.264996 0.169203 0.32843 0.376444 0.297713 0.612362 0.586215 0.962153 1.7805 1.86215 0.714582 0.500398 0.34562 0.276031 0.28287 0.131483 0.171553 0.205368 0.192124 0.158548 0.161164 0.209013
BD_Bspro_t
 0.936329 0.720707 0.672832 0.530557 0.661369 0.798248 0.760159 0.770195 0.70893 0.669181 0.632107 0.466895 0.35061 0.243291 0.136659 0.144455 0.226344 0.361792 0.481051 0.580499 0.695839 0.781642 0.790255 0.798974 0.817038 0.783002 0.765183
BD_Bspro
 0.60506 0.368117 0.446342 0.518608 0.535339 0.831563 1.22622 1.46699 1.23945 1.24807 1.18588 0.808643 0.488576 0.25228 0.110171 0.095465 0.116845 0.159957 0.206094 0.242357 0.361376 0.430727 0.539664 0.777188 1.17457 1.2679 1.15197
BD_Bo
 0.366108 0.222739 0.270071 0.313798 0.323921 0.50316 0.74196 0.887644 0.74996 0.75518 0.717547 0.489291 0.295626 0.152649 0.0666617 0.0577636 0.0707 0.0967866 0.124703 0.146645 0.21866 0.260623 0.326538 0.470258 0.710703 0.767176 0.697032
BD_Brms
 0.665651 0.404981 0.491039 0.570541 0.588948 0.914836 1.34902 1.6139 1.36356 1.37305 1.30463 0.889621 0.537501 0.277543 0.121203 0.105025 0.128545 0.175976 0.226732 0.266627 0.397564 0.47386 0.593706 0.855015 1.29219 1.39487 1.26733
S_f
 0.167225 1 1 1 1
 0.167225 1 1 1 1
 0.167225 1 1 1 1
 0.167225 1 1 1 1
 0.167225 1 1 1 1
 0.167225 1 1 1 1
 0.167225 1 1 1 1
 0.167225 1 1 1 1
 0.167225 1 1 1 1
 0.167225 1 1 1 1
 0.167225 1 1 1 1
 0.167225 1 1 1 1
 0.167225 1 1 1 1
 0.167225 1 1 1 1
 0.167225 1 1 1 1
 0.167225 1 1 1 1
 0.167225 1 1 1 1
 0.167225 1 1 1 1
 0.167225 1 1 1 1
 0.167225 1 1 1 1
 0.167225 1 1 1 1
 0.167225 1 1 1 1
 0.167225 1 1 1 1
 0.167225 1 1 1 1
 0.167225 1 1 1 1
 0.167225 1 1 1 1
 0.167225 1 1 1 1
Scru_reclas
 0.800612 1 1 1 1
 0.800612 1 1 1 1
 0.800612 1 1 1 1
 0.800612 1 1 1 1
 0.800612 1 1 1 1
 0.800612 1 1 1 1
 0.800612 1 1 1 1
 0.800612 1 1 1 1
 0.800612 1 1 1 1
 0.800612 1 1 1 1
 0.800612 1 1 1 1
 0.800612 1 1 1 1
 0.800612 1 1 1 1
 0.800612 1 1 1 1
 0.800612 1 1 1 1
 0.800612 1 1 1 1
 0.800612 1 1 1 1
 0.800612 1 1 1 1
 0.800612 1 1 1 1
 0.800612 1 1 1 1
 0.800612 1 1 1 1
 0.800612 1 1 1 1
 0.800612 1 1 1 1
 0.800612 1 1 1 1
 0.800612 1 1 1 1
 0.800612 1 1 1 1
 0.800612 1 1 1 1
Scru_pelaces
 1 1 1 1 1
 1 1 1 1 1
 1 1 1 1 1
 1 1 1 1 1
 1 1 1 1 1
 1 1 1 1 1
 1 1 1 1 1
 1 1 1 1 1
 1 1 1 1 1
 1 1 1 1 1
 1 1 1 1 1
 1 1 1 1 1
 1 1 1 1 1
 1 1 1 1 1
 1 1 1 1 1
 1 1 1 1 1
 1 1 1 1 1
 1 1 1 1 1
 1 1 1 1 1
 1 1 1 1 1
 1 1 1 1 1
 1 1 1 1 1
 1 1 1 1 1
 1 1 1 1 1
 1 1 1 1 1
 1 1 1 1 1
 1 1 1 1 1
pf_obs 
 0.256992 0.487395 0.22802 0.0275931 0
 0.321318 0.546541 0.124235 0.00734118 0.000564706
 0.182869 0.594174 0.210203 0.0122559 0.00049798
 0.330522 0.361315 0.267642 0.0388342 0.00168674
 0.649043 0.306663 0.0425973 0.00169635 0
 0.582887 0.30429 0.105238 0.00758474 0
 0.465427 0.430635 0.0974691 0.00646863 0
 0.296916 0.608066 0.0921331 0.00288517 0
 0.311714 0.524322 0.152257 0.0117073 0
 0.15457 0.633149 0.183074 0.0267441 0.00246327
 0.131901 0.49318 0.331252 0.0422183 0.00144891
 0.196976 0.569456 0.194076 0.0375587 0.00193317
 0.518974 0.381816 0.0799577 0.0180837 0.00116848
 0.0928022 0.601141 0.25162 0.0475244 0.00691264
 0.122501 0.610282 0.24278 0.0234846 0.000952079
 0.383417 0.481906 0.127806 0.00687128 0
 0.0376549 0.599619 0.316969 0.0457579 0
 0.0361596 0.667082 0.258105 0.0386534 0
 0.158088 0.579412 0.248529 0.0139706 0
 0.0477256 0.309471 0.559284 0.082774 0.000745712
 0.0406174 0.521527 0.379366 0.0568643 0.0016247
 0.151134 0.462217 0.34131 0.0453401 0
 0.294876 0.26143 0.354403 0.0886775 0.000613685
 0.281977 0.475581 0.204845 0.0348837 0.00271318
 0.0841818 0.532909 0.334909 0.0458182 0.00218182
 0.115287 0.27431 0.454777 0.147771 0.00785563
 0 0 0 0 0
pf_pred 
 0.343821 0.463203 0.172597 0.0203676 1.1026e-05
 0.296506 0.564765 0.0979304 0.0364904 0.00430845
 0.164968 0.63196 0.163026 0.0282687 0.011777
 0.260764 0.458477 0.212482 0.0548135 0.0134644
 0.29573 0.487284 0.134575 0.0623692 0.0200414
 0.164188 0.599867 0.16325 0.0450854 0.0276092
 0.262158 0.421481 0.227054 0.0617914 0.0275155
 0.201302 0.556745 0.138212 0.0744556 0.0292855
 0.24085 0.484398 0.19152 0.0475447 0.0356868
 0.22375 0.539037 0.151361 0.0598446 0.0260076
 0.132608 0.576932 0.201699 0.056637 0.0321245
 0.140677 0.474478 0.255973 0.08949 0.0393818
 0.239358 0.430316 0.18239 0.0983968 0.0495386
 0.215038 0.591083 0.109682 0.0464892 0.037707
 0.302204 0.563943 0.100793 0.0187033 0.0143573
 0.343695 0.574177 0.0663743 0.011863 0.00389112
 0.218595 0.638073 0.125396 0.0144957 0.00344058
 0.254343 0.507534 0.194445 0.0382128 0.00546584
 0.239176 0.537464 0.152031 0.0582455 0.0130839
 0.301607 0.476222 0.156946 0.044395 0.0208291
 0.260024 0.552851 0.127597 0.0420517 0.0174759
 0.244984 0.521641 0.174359 0.0402419 0.0187739
 0.294367 0.478285 0.157075 0.0525023 0.0177706
 0.280631 0.527483 0.130062 0.042714 0.0191096
 0.109247 0.640142 0.183763 0.0453106 0.0215379
 0.191037 0.357094 0.324737 0.0932207 0.0339115
 0.247267 0.454446 0.13167 0.119739 0.0468771
pobs_RECLAS
 0 0 0 0 0
 0 0 0 0 0
 0 0 0 0 0
 0 0 0 0 0
 0.835266 0.146461 0.0176864 0.000547809 3.91292e-05
 0.385257 0.428462 0.181853 0.0044286 0
 0.867414 0.0963971 0.0333333 0.00285562 0
 0.441836 0.489002 0.0689373 0.000224442 0
 0.779404 0.147425 0.0564933 0.0165055 0.000172143
 0.814271 0.122319 0.05973 0.00367925 0
 0.40263 0.566651 0.0304383 0.000280538 0
 0.475488 0.404961 0.113038 0.00651328 0
 0.955842 0.0263864 0.0167828 0.000988607 0
 0.975058 0.0227948 0.00214734 0 0
 0.738997 0.206755 0.0527124 0.00153531 0
 0.850938 0.134255 0.0134407 0.00136685 0
 0.542534 0.407297 0.0501686 0 0
 0.764087 0.199537 0.0359546 0.000420521 0
 0.470689 0.182191 0.310203 0.0369168 0
 0.84361 0.089868 0.0606195 0.00523954 0.000663233
 0.607945 0.314616 0.071237 0.00620181 0
 0.523733 0.453247 0.0230204 0 0
 0.530135 0.295979 0.169645 0.0042399 0
 0.562478 0.366248 0.0663022 0.0049721 0
 0.250443 0.683176 0.0655157 0.000865301 0
 0.195077 0.31981 0.436473 0.0351445 0.0134964
 0.565238 0.351407 0.0832357 0.000118908 0
ppred_RECLAS
 0.722525 0.195873 0.0729851 0.00861275 4.66251e-06
 0.674942 0.260957 0.04525 0.0168608 0.00199077
 0.498264 0.379719 0.0979553 0.0169855 0.00707633
 0.629752 0.229629 0.106422 0.0274535 0.00674369
 0.668106 0.229637 0.0634199 0.029392 0.00944471
 0.488545 0.367075 0.099897 0.027589 0.0168948
 0.631936 0.210251 0.113263 0.0308239 0.0137258
 0.551791 0.312431 0.077561 0.0417826 0.0164343
 0.608664 0.249704 0.0987271 0.024509 0.0183963
 0.584169 0.288757 0.0810829 0.0320583 0.013932
 0.433402 0.376863 0.131754 0.0369964 0.0209844
 0.449663 0.30387 0.163933 0.0573121 0.0252213
 0.620511 0.214687 0.0909957 0.0490908 0.0247151
 0.616437 0.288826 0.0535951 0.0227164 0.0184251
 0.720491 0.225893 0.0403735 0.00749178 0.00575096
 0.72579 0.239896 0.0277318 0.00495646 0.00162575
 0.580795 0.342311 0.067272 0.00777658 0.00184579
 0.625225 0.255092 0.09773 0.0192062 0.00274719
 0.604709 0.279243 0.0789886 0.0302618 0.00679781
 0.677684 0.219782 0.0724324 0.0204888 0.00961286
 0.628832 0.277307 0.0640022 0.0210929 0.00876584
 0.610619 0.269023 0.0899213 0.0207537 0.00968217
 0.668924 0.224407 0.0736978 0.0246335 0.00833779
 0.653715 0.253916 0.0626085 0.0205614 0.00919886
 0.371967 0.451338 0.129563 0.0319467 0.0151855
 0.532838 0.206216 0.18753 0.0538334 0.0195833
 0.614101 0.232978 0.0675025 0.0613859 0.0240322
pobs_PELACES
 0 0 0 0 0
 0 0 0 0 0
 0 0 0 0 0
 0 0 0 0 0
 0 0 0 0 0
 0 0 0 0 0
 0 0 0 0 0
 0 0 0 0 0
 0 0 0 0 0
 0 0 0 0 0
 0.450072 0.473896 0.0757376 0.000293798 0
 0 0 0 0 0
 0.463077 0.371075 0.160297 0.00555027 0
 0.529543 0.364841 0.0842815 0.0213345 0
 0.631943 0.363953 0.00410389 0 0
 0.735681 0.248677 0.0153453 0.000297389 0
 0.695825 0.281241 0.0229344 0 0
 0.275771 0.60734 0.115278 0.00161068 0
 0 0 0 0 0
 0.896147 0.0623911 0.0374545 0.00400742 0
 0.803859 0.145111 0.0509908 3.86294e-05 0
 0.739449 0.233085 0.0266225 0.000797448 4.60066e-05
 0.878498 0.100942 0.0204185 0.000141795 0
 0.694673 0.275183 0.0284847 0.00165964 0
 0.469039 0.446079 0.0841089 0.000773354 0
 0.822795 0.102175 0.0682046 0.00682512 0
 0 0 0 0 0
ppred_PELACES
 0.790437 0.147933 0.0551221 0.00650479 3.52137e-06
 0.745224 0.204534 0.0354664 0.0132153 0.00156034
 0.597947 0.304278 0.0784939 0.0136109 0.00567043
 0.687864 0.193588 0.0897186 0.0231445 0.00568524
 0.716941 0.195849 0.0540883 0.0250673 0.00805502
 0.562023 0.314339 0.0855454 0.0236254 0.0144676
 0.691984 0.17595 0.0947851 0.0257951 0.0114865
 0.627275 0.259814 0.0644987 0.0347458 0.0136665
 0.682986 0.20228 0.0799768 0.0198542 0.0149025
 0.655681 0.239099 0.0671388 0.0265451 0.0115361
 0.530632 0.312193 0.109145 0.0306477 0.0173834
 0.545238 0.251098 0.135464 0.047359 0.0208412
 0.726813 0.15455 0.0655062 0.0353396 0.017792
 0.76605 0.176166 0.0326897 0.0138556 0.0112382
 0.84304 0.126851 0.022672 0.00420705 0.00322948
 0.800931 0.174158 0.0201325 0.00359825 0.00118025
 0.665061 0.273501 0.0537493 0.00621336 0.00147476
 0.696174 0.2068 0.0792285 0.0155702 0.00222711
 0.673347 0.230755 0.0652731 0.0250072 0.00561744
 0.73948 0.177645 0.0585455 0.0165606 0.00776986
 0.686912 0.233915 0.0539873 0.0177923 0.00739417
 0.672484 0.226281 0.0756347 0.0174564 0.00814388
 0.727533 0.184681 0.0606515 0.0202728 0.00686179
 0.71312 0.210357 0.051868 0.0170341 0.00762079
 0.435895 0.405395 0.116375 0.0286948 0.0136397
 0.598257 0.177338 0.161269 0.0462947 0.0168409
 0.677958 0.194426 0.0563325 0.051228 0.0200554
pobs_pel_tallas
 0 0 0 0 0 0 0 0 0 0 0 0 0 0 0 0 0 0 0 0 0 0 0 0 0 0 0 0 0 0 0 0 0 0 0 0
 0 0 0 0 0 0 0 0 0 0 0 0 0 0 0 0 0 0 0 0 0 0 0 0 0 0 0 0 0 0 0 0 0 0 0 0
 0 0 0 0 0 0 0 0 0 0 0 0 0 0 0 0 0 0 0 0 0 0 0 0 0 0 0 0 0 0 0 0 0 0 0 0
 0 0 0 0 0 0 0 0 0 0 0 0 0 0 0 0 0 0 0 0 0 0 0 0 0 0 0 0 0 0 0 0 0 0 0 0
 0 0 0 0 0 0 0 0 0 0 0 0 0 0 0 0 0 0 0 0 0 0 0 0 0 0 0 0 0 0 0 0 0 0 0 0
 0 0 0 0 0 0 0 0 0 0 0 0 0 0 0 0 0 0 0 0 0 0 0 0 0 0 0 0 0 0 0 0 0 0 0 0
 0 0 0 0 0 0 0 0 0 0 0 0 0 0 0 0 0 0 0 0 0 0 0 0 0 0 0 0 0 0 0 0 0 0 0 0
 0 0 0 0 0 0 0 0 0 0 0 0 0 0 0 0 0 0 0 0 0 0 0 0 0 0 0 0 0 0 0 0 0 0 0 0
 0 0 0 0 0 0 0 0 0 0 0 0 0 0 0 0 0 0 0 0 0 0 0 0 0 0 0 0 0 0 0 0 0 0 0 0
 0 0 0 0 0 0 0 0 0 0 0 0 0 0 0 0 0 0 0 0 0 0 0 0 0 0 0 0 0 0 0 0 0 0 0 0
 0 0 0 0 0 0 0 0 1.78061e-05 0.00172719 0.00360574 0.0105946 0.0120993 0.0124554 0.0147524 0.0171206 0.0266825 0.0428682 0.0675386 0.121331 0.153587 0.119568 0.100827 0.0573624 0.0630603 0.0341343 0.0324427 0.0444173 0.0211091 0.0280891 0.0125444 0.00206551 0 0 0 0
 0 0 0 0 0 0 0 0 0 0 0 0 0 0 0 0 0 0 0 0 0 0 0 0 0 0 0 0 0 0 0 0 0 0 0 0
 0 0 0 0 0 0 0.0133647 0.0140871 0.0187388 0.0205184 0.03894 0.0496705 0.03968 0.0493445 0.0407372 0.0367815 0.0215668 0.0243155 0.0234873 0.0199281 0.019796 0.0243948 0.0301388 0.0376714 0.0412746 0.0863199 0.0771752 0.113111 0.0741005 0.0525337 0.0229764 0.00759418 0.00175318 0 0 0
 0 0 0 0 0 0 0 0 0 0 0.00219441 0.00772107 0.0458388 0.0604681 0.0671733 0.0775358 0.0609151 0.0617685 0.073594 0.0568108 0.0755445 0.0548602 0.0670107 0.0636378 0.0643287 0.046367 0.0373049 0.0286899 0.0247887 0.0153202 0.00654259 0.00121912 0.000365735 0 0 0
 0 0 0 0 0 0 0 0 0 0 0 0 0.000112435 0.00938835 0.0111873 0.0202946 0.0414886 0.0713402 0.111592 0.104902 0.108894 0.110636 0.117776 0.105296 0.107544 0.0401394 0.0192827 0.0124803 0.00416011 0.0028671 0.000618394 0 0 0 0 0
 0 0 0 0 0 0 0 0 0 0 0.00291406 0.0102884 0.027416 0.0768956 0.0749926 0.110853 0.0956884 0.0897413 0.0766577 0.0534642 0.0500743 0.0551293 0.0594112 0.0620874 0.0668451 0.0424026 0.0208742 0.0120726 0.0048766 0.00582813 0.00118941 0.000297354 0 0 0 0
 0 0.00264628 0.0354308 0.0461629 0.0458689 0.0383711 0.0214643 0.0164657 0.0346957 0.0420465 0.0363128 0.0245516 0.0311673 0.0291091 0.0169068 0.0133784 0.00837989 0.0085269 0.0148486 0.0160247 0.0276389 0.0546898 0.0760071 0.122758 0.109233 0.0665981 0.0333725 0.0166128 0.00676272 0.00308733 0.000882094 0 0 0 0 0
 0 0 0 0 0 0 0 0.000805153 0.000690131 0.00759144 0.0133425 0.0154129 0.00931677 0.000345066 0.00356568 0.00563607 0.00851162 0.0253048 0.0502646 0.0516448 0.0657925 0.0565908 0.0611916 0.0827007 0.0866115 0.110766 0.145733 0.0935128 0.0569358 0.0249597 0.0138026 0.00621118 0.00161031 0.00115022 0 0
 0 0 0 0 0 0 0 0 0 0 0 0 0 0 0 0 0 0 0 0 0 0 0 0 0 0 0 0 0 0 0 0 0 0 0 0
 0.00147267 0.00158595 0.00478618 0.00569244 0.00954404 0.0108468 0.00647125 0.017049 0.0510054 0.094081 0.124002 0.0959785 0.0687766 0.0820023 0.061753 0.0591476 0.0492212 0.0479892 0.0443925 0.0268479 0.0217502 0.0140895 0.0121071 0.0120363 0.00920419 0.00665534 0.0049561 0.00860946 0.00930331 0.0156896 0.0114698 0.00855282 0.00243557 0.00046729 0 2.83206e-05
 0 0 0 0 0.000772559 0.00158375 0.000888443 0.00281984 0.00712685 0.0440552 0.0773331 0.111326 0.0921469 0.0852325 0.0710754 0.0886704 0.0786465 0.0553345 0.0373146 0.0185414 0.00753245 0.00457741 0.012979 0.0271748 0.0457355 0.0583668 0.034881 0.0177882 0.00938659 0.00492506 0.0015258 0.00185414 0.000309023 5.79419e-05 3.86279e-05 0
 0 0.00173294 0.00326652 0 0.00397197 0.00683976 0.00946217 0.0152591 0.00757587 0.0136028 0.0228656 0.0392903 0.0559909 0.0764795 0.0681675 0.0726916 0.0566044 0.0477403 0.0527397 0.0444891 0.0609904 0.0582453 0.0661739 0.0445044 0.0529084 0.0360697 0.0280645 0.0235558 0.0158879 0.00826598 0.00280645 0.00217768 0.000904811 0.00058276 9.20147e-05 0
 0 0 0 0 0 0 0 0 0 0 0 0 0 0 0 0 0 0 0 0 0 0 0 0 0 0 0 0 0 0 0 0 0 0 0 0
 0 0 0 0 0 0 0 0 0 0 0 0 0 0 0 0 0 0 0 0 0 0 0 0 0 0 0 0 0 0 0 0 0 0 0 0
 0 0 0 0 0 0 0 0 0 0 0 0 0 0 0 0 0 0 0 0 0 0 0 0 0 0 0 0 0 0 0 0 0 0 0 0
 0 0 0 0 0 0 0 0 0 0 0 0 0 0 0 0 0 0 0 0 0 0 0 0 0 0 0 0 0 0 0 0 0 0 0 0
 0 0 0 0 0 0 0 0 0 0 0 0 0 0 0 0 0 0 0 0 0 0 0 0 0 0 0 0 0 0 0 0 0 0 0 0
ppred_pel_tallas
 1.01055e-16 3.44855e-05 0.000202408 0.000962166 0.00370441 0.0115519 0.0291791 0.059704 0.0989651 0.132904 0.144618 0.127544 0.0912576 0.0531727 0.0256452 0.0110239 0.00553036 0.00472168 0.00587748 0.00780835 0.0100372 0.0122867 0.0143066 0.0158641 0.0167828 0.0169793 0.0164782 0.0153983 0.0139172 0.0122267 0.0104938 0.00883853 0.00732941 0.00599321 0.00483052 0.00383035
 1.01098e-16 3.25162e-05 0.000190841 0.000907167 0.00349263 0.0108914 0.0275109 0.0562913 0.09331 0.125316 0.136376 0.12031 0.0861599 0.0503596 0.0245819 0.0110683 0.00628196 0.00605015 0.00780466 0.0103925 0.0133003 0.0161758 0.0186795 0.0204977 0.021402 0.0213011 0.0202594 0.0184744 0.0162228 0.0137932 0.0114283 0.00929146 0.00746126 0.00594734 0.00471706 0.00372102
 1.01947e-16 2.60984e-05 0.000153154 0.000727975 0.00280266 0.00873977 0.0220762 0.0451721 0.0748829 0.100581 0.109493 0.096677 0.0694152 0.0409363 0.0206619 0.0104568 0.00754947 0.008641 0.0116809 0.0156945 0.0201499 0.0245798 0.0284894 0.0314093 0.0329906 0.0330826 0.0317622 0.0293024 0.026095 0.0225539 0.0190321 0.0157731 0.0129027 0.0104514 0.00839055 0.00666749
 1.02398e-16 3.00148e-05 0.000176156 0.000837353 0.00322384 0.0100532 0.0253936 0.0519591 0.0861292 0.115673 0.125885 0.111063 0.0795532 0.0465308 0.0227761 0.0103667 0.00604942 0.00598663 0.00782279 0.0105082 0.0135805 0.0167203 0.019611 0.021949 0.0234969 0.024132 0.0238657 0.022827 0.0212194 0.0192655 0.0171609 0.0150478 0.0130121 0.0110957 0.00931634 0.00768335
 1.0207e-16 3.12826e-05 0.0001836 0.000872741 0.00336009 0.0104781 0.0264669 0.0541551 0.089769 0.12056 0.131201 0.115747 0.0828953 0.0484587 0.0236684 0.0106835 0.00610541 0.00592546 0.00768021 0.0102692 0.013208 0.0161661 0.0188227 0.0208768 0.0221023 0.0223969 0.0218001 0.0204733 0.0186512 0.0165813 0.014473 0.0124688 0.0106411 0.00900771 0.00755588 0.00626353
 1.02805e-16 2.45323e-05 0.000143959 0.000684258 0.00263434 0.00821486 0.0207503 0.0424593 0.0703868 0.0945447 0.102929 0.0908989 0.0653045 0.0385888 0.0196194 0.0101636 0.00763155 0.00893486 0.0121513 0.0163587 0.021037 0.0257138 0.029883 0.0330613 0.0348872 0.0352001 0.0340703 0.0317669 0.0286786 0.0252159 0.0217272 0.0184511 0.0155095 0.0129318 0.0106933 0.00874959
 1.02826e-16 3.01937e-05 0.000177208 0.000842359 0.00324311 0.0101133 0.0255455 0.0522697 0.0866435 0.116362 0.12663 0.111711 0.0799955 0.0467458 0.0228001 0.0102412 0.00579009 0.00558243 0.00725114 0.00975125 0.0126382 0.0156192 0.0184078 0.0207273 0.0223576 0.0231775 0.0231837 0.0224765 0.021222 0.019605 0.0177891 0.0158952 0.0139996 0.0121457 0.010361 0.00866935
 1.02833e-16 2.73754e-05 0.000160655 0.000763646 0.00294002 0.00916813 0.0231581 0.0473855 0.0785503 0.105502 0.114835 0.10136 0.0727047 0.0427288 0.0212943 0.0103313 0.0069074 0.0075452 0.0100948 0.0135614 0.0174451 0.0213414 0.0248317 0.027519 0.0291067 0.029463 0.0286449 0.0268708 0.0244553 0.0217285 0.0189675 0.0163582 0.0139919 0.0118863 0.010018 0.00835283
 1.0258e-16 2.98024e-05 0.000174909 0.000831421 0.00320099 0.00998197 0.0252137 0.051591 0.0855193 0.114855 0.124996 0.110284 0.0790068 0.0462339 0.0226728 0.01039 0.00615886 0.00617045 0.00808453 0.0108531 0.0140067 0.017214 0.0201458 0.0224878 0.0239982 0.0245571 0.0241872 0.0230343 0.0213204 0.0192846 0.017133 0.0150107 0.0129991 0.0111302 0.00940916 0.00783313
 1.02483e-16 2.86132e-05 0.000167924 0.000798208 0.0030731 0.00958313 0.0242063 0.0495301 0.0821044 0.110272 0.12002 0.105918 0.075933 0.0445438 0.0220462 0.0104427 0.00665358 0.00703339 0.0093334 0.0125259 0.0161166 0.0197248 0.0229625 0.0254625 0.0269488 0.0272964 0.0265537 0.0249184 0.022678 0.0201359 0.0175492 0.0150931 0.012857 0.0108634 0.00909663 0.00752906
 1.03517e-16 2.31635e-05 0.000135922 0.000646054 0.00248724 0.00775614 0.0195916 0.0400886 0.0664573 0.0892683 0.0971892 0.0858411 0.061695 0.0365049 0.0186514 0.009813 0.00755628 0.00897631 0.0122662 0.0165575 0.0213534 0.0261939 0.0305793 0.0340274 0.0361702 0.0368318 0.0360595 0.0340935 0.0312923 0.0280388 0.0246613 0.0213887 0.0183452 0.0155734 0.0130698 0.0108162
 1.04606e-16 2.3798e-05 0.000139653 0.000663801 0.00255559 0.00796931 0.02013 0.0411897 0.0682807 0.0917117 0.0998339 0.0881401 0.0632672 0.0372746 0.0187498 0.00939117 0.00667391 0.00760038 0.0103232 0.0139906 0.0181674 0.0224852 0.026547 0.0299608 0.0324126 0.0337273 0.0338952 0.0330512 0.0314218 0.029259 0.0267842 0.0241595 0.0214866 0.0188245 0.0162139 0.0136949
 1.03026e-16 3.17114e-05 0.000186121 0.000884736 0.00340628 0.0106222 0.0268308 0.0548992 0.0910013 0.122211 0.132988 0.1173 0.083957 0.0489771 0.0237317 0.0103926 0.00549922 0.0049796 0.00634235 0.00849776 0.0110029 0.0135896 0.0160077 0.018019 0.0194372 0.0201641 0.0202043 0.0196512 0.0186521 0.0173658 0.0159268 0.0144278 0.0129195 0.011424 0.0099521 0.00851633
 1.01523e-16 3.34232e-05 0.000196169 0.000932499 0.00359018 0.0111956 0.0282793 0.0578632 0.0959146 0.128811 0.140171 0.123639 0.0885023 0.0516446 0.0250524 0.0110152 0.00588312 0.00535776 0.00680012 0.0090411 0.0115865 0.0141228 0.0163579 0.0180228 0.0189207 0.0189704 0.0182228 0.0168403 0.0150518 0.0130949 0.011168 0.00940265 0.00785978 0.00654486 0.00543091 0.00448044
 1.00659e-16 3.67783e-05 0.000215871 0.00102618 0.00395087 0.0123205 0.0311204 0.063676 0.105548 0.141741 0.154226 0.135997 0.0972625 0.0565832 0.0271239 0.0113725 0.00528087 0.00409521 0.00490637 0.00645093 0.00824133 0.0100189 0.0115656 0.0126856 0.0132372 0.0131637 0.0125057 0.0113864 0.00997823 0.00846132 0.00698729 0.00565833 0.00452366 0.00358933 0.00283466 0.00222818
 1.00522e-16 3.49441e-05 0.000205098 0.00097495 0.00375362 0.0117053 0.0295668 0.0604974 0.100281 0.134673 0.146547 0.129256 0.0925069 0.0539487 0.0261083 0.0113724 0.00591708 0.00524038 0.006577 0.00870179 0.0110999 0.0134506 0.0154599 0.0168608 0.017463 0.017196 0.0161257 0.0144336 0.0123695 0.0101925 0.00811938 0.00629483 0.00478574 0.00359498 0.00268489 0.00200074
 1.01135e-16 2.90236e-05 0.00017033 0.00080964 0.00311711 0.00972036 0.024553 0.0502396 0.0832814 0.111855 0.12175 0.10746 0.0770716 0.0452786 0.0225331 0.0108766 0.00719346 0.00778869 0.010373 0.0138808 0.0177716 0.0216072 0.0249381 0.0273433 0.0285154 0.0283304 0.0268739 0.0244113 0.0213155 0.017978 0.0147302 0.0117985 0.00929519 0.00723913 0.00558984 0.00428134
 1.01832e-16 3.03776e-05 0.000178285 0.000847474 0.0032628 0.0101747 0.0257006 0.0525871 0.0871705 0.117072 0.12741 0.112413 0.080531 0.047124 0.0231056 0.0105813 0.00626066 0.00625919 0.00818842 0.0109761 0.0141391 0.0173346 0.0202224 0.0224789 0.023857 0.0242374 0.0236499 0.022254 0.0202901 0.0180178 0.0156629 0.0133871 0.0112829 0.00938712 0.00770354 0.00622219
 1.02124e-16 2.93832e-05 0.000172445 0.000819703 0.00315587 0.00984124 0.0248583 0.050864 0.084315 0.11324 0.123246 0.108756 0.0779485 0.0456873 0.0225396 0.0105549 0.00656304 0.00681469 0.00899874 0.0120641 0.0155145 0.0189769 0.0220752 0.0244536 0.0258451 0.0261293 0.025354 0.0237123 0.0214849 0.0189689 0.0164171 0.0140033 0.0118176 0.00988434 0.00818918 0.00670463
 1.01822e-16 3.22647e-05 0.000189367 0.000900163 0.00346568 0.0108074 0.0272986 0.0558566 0.0925888 0.124345 0.135314 0.119362 0.0854539 0.0498933 0.0242554 0.010756 0.00587911 0.00548268 0.00702528 0.00938159 0.0120735 0.0147922 0.0172442 0.0191541 0.0203135 0.0206247 0.0201183 0.0189357 0.0172856 0.0153907 0.0134417 0.0115712 0.00985028 0.00830192 0.00692125 0.00569388
 1.018e-16 2.99748e-05 0.000175918 0.000836214 0.00321943 0.0100395 0.025359 0.0518885 0.0860132 0.11552 0.125727 0.110944 0.079512 0.0465948 0.0229704 0.0107271 0.00662795 0.00684457 0.00901546 0.0120648 0.0154835 0.0188898 0.021901 0.0241576 0.0253939 0.0254965 0.0245262 0.0226928 0.0202961 0.0176503 0.0150213 0.0125893 0.0104438 0.00860191 0.00703746 0.00570833
 1.02128e-16 2.93454e-05 0.000172223 0.000818651 0.00315182 0.00982861 0.0248264 0.0507986 0.0842066 0.113094 0.123087 0.108614 0.0778423 0.0456172 0.0224906 0.0105084 0.00650364 0.00673211 0.0088872 0.0119226 0.0153478 0.0187967 0.0218997 0.0243058 0.0257491 0.0261054 0.0254147 0.0238587 0.0217062 0.0192443 0.0167198 0.0143053 0.0120943 0.0101181 0.00837071 0.00683276
 1.01939e-16 3.17441e-05 0.00018631 0.000885627 0.00340971 0.0106328 0.0268577 0.0549546 0.091094 0.122338 0.133133 0.117444 0.0840936 0.0491252 0.0239307 0.0106952 0.0059643 0.0056665 0.00730253 0.00976217 0.012567 0.0154008 0.0179594 0.0199568 0.0211763 0.0215161 0.0210072 0.0197955 0.0180969 0.0161413 0.0141256 0.0121865 0.0103976 0.00878243 0.00733658 0.00604608
 1.01747e-16 3.11166e-05 0.000182624 0.000868099 0.00334221 0.0104224 0.0263261 0.053867 0.089292 0.119921 0.130509 0.115145 0.082482 0.0482535 0.0236358 0.0107826 0.0063189 0.00626036 0.00815471 0.0108983 0.0139923 0.0170843 0.0198287 0.0219018 0.0230636 0.0232095 0.0223911 0.0207933 0.0186811 0.0163337 0.0139869 0.0118014 0.00985777 0.00817292 0.00672615 0.00548327
 1.03408e-16 1.90364e-05 0.000111684 0.000530801 0.00204346 0.00637219 0.016096 0.032937 0.0546062 0.0733631 0.0799088 0.070664 0.0509738 0.0305364 0.0162936 0.00969181 0.00879825 0.0112735 0.0156374 0.0211166 0.0271685 0.033214 0.0386041 0.0427149 0.0450775 0.0454815 0.0440148 0.0410221 0.0370037 0.0324902 0.0279338 0.0236469 0.0197928 0.0164155 0.0134883 0.0109577
 1.04725e-16 2.6107e-05 0.000153215 0.000728292 0.00280393 0.00874374 0.022086 0.0451914 0.0749114 0.100609 0.109496 0.0966161 0.0692321 0.0405493 0.0199544 0.00926878 0.00568216 0.00587917 0.00783549 0.0106614 0.0139733 0.0175021 0.0209681 0.0240855 0.0266075 0.0283681 0.029303 0.0294409 0.0288747 0.0277251 0.0261107 0.0241331 0.0218793 0.0194303 0.0168719 0.0142979
 1.03561e-16 2.95827e-05 0.00017362 0.000825297 0.00317741 0.00990845 0.025028 0.0512109 0.0848891 0.114008 0.124073 0.109466 0.0784119 0.0458687 0.0224619 0.0102397 0.00599633 0.00594914 0.00777568 0.0104399 0.0134844 0.0165936 0.0194571 0.0217806 0.0233392 0.0240243 0.0238603 0.022985 0.0216027 0.0199274 0.0181352 0.0163411 0.0145987 0.0129192 0.0112958 0.00972369
pSPR Fmed_Fpbrs
0.450145   0.6 0.325
Fs Fmed_Fpbrs
0.64   0.352353 1.09423
SSBpbr Bo_Bmed_Bpbrs
1.60771e+06  643316  884239 442120
Ro
47098.7
SPR SPRFo_SPRFmed_SPRFpbrs
972787 437895 316156
log_Ro
10.58
likeval ReclasPelacesDesembMPH_pf_preclas_ppelaces_ptallas_desvR_qrecl_qpela
 61.8889 19.9921 0.0137694 0.000619164 334.856 214.04 54.8318 0 16.9599 2.88223e-05 2.56962e-05 1.19518e-15 0 0 0
q_reclas_q_pelaces
0.467312 2.05687
M
0.7
N
 47834.1 12994.9 4842.1 571.402 0.309329
 58438 21705.9 3763.81 1402.45 165.589
 33577.9 26971.1 6957.68 1206.46 502.626
 48385.1 14930.9 6919.77 1785.08 438.488
 84447.6 23497.8 6489.5 3007.57 966.438
 62151.6 41748.9 11361.7 3137.81 1921.51
 103304 29525.8 15905.7 4328.63 1927.52
 95946.3 49868 12379.7 6669.03 2623.12
 117388 45099.3 17831.2 4426.59 3322.57
 122187 54736.9 15370.1 6076.97 2640.96
 64261 57729.7 20182.7 5667.28 3214.49
 41709.8 28805 15539.9 5432.84 2390.83
 45413.8 18778.4 7959.25 4293.89 2161.79
 24387 19200.2 3562.82 1510.11 1224.84
 16497 8991.74 1607.08 298.213 228.919
 16838.5 6000.12 693.609 123.968 40.6621
 12767.1 7419.97 1458.19 168.566 40.0095
 15458.3 5831.02 2233.96 439.024 62.7967
 17469.5 7245.27 2049.45 785.179 176.377
 28358.9 8283.78 2730.05 772.24 362.318
 36017.5 13432 3100.09 1021.68 424.592
 46184.3 17496.8 5848.32 1349.79 629.711
 76174.7 22285.8 7318.94 2446.36 828.027
 108498 36550.2 9012.24 2959.73 1324.14
 50277.5 52175.2 14977.7 3693.08 1755.46
 73377 24313.8 22110.7 6347.21 2308.97
 107042 35469.1 10276.7 9345.51 3658.71
pred_Ctot
 2981.19 4016.32 1496.54 176.602 0.0956037
 2979.05 5674.29 983.925 366.625 43.2878
 2540.91 9733.69 2510.98 435.405 181.394
 767.789 1349.93 625.628 161.392 39.6445
 270.231 445.27 122.972 56.9916 18.3134
 1942.43 7096.76 1931.34 533.385 326.632
 2076.03 3337.72 1798.05 489.327 217.895
 3699.2 10231 2539.84 1368.23 538.163
 5169.37 10396.6 4110.58 1020.45 765.945
 4279.94 10310.8 2895.27 1144.72 497.478
 4524.88 19686.2 6882.43 1932.58 1096.16
 2816.89 9500.83 5125.55 1791.93 788.572
 4899.16 8807.66 3733.15 2013.97 1013.95
 4594.22 12628.3 2343.33 993.227 805.599
 3231.88 6031.02 1077.91 200.02 153.542
 1373.38 2294.37 265.228 47.4037 15.5487
 740.615 2161.84 424.851 49.1124 11.6569
 626.399 1249.96 478.882 94.1112 13.4614
 568.255 1276.95 361.207 138.385 31.0857
 944.848 1491.87 491.668 139.077 65.2516
 564.027 1199.21 276.776 91.2158 37.9076
 940.868 2003.37 669.629 154.55 72.1016
 1853.1 3010.9 988.817 330.513 111.87
 2471.63 4645.75 1145.51 376.199 168.306
 947.513 5552.02 1593.79 392.984 186.801
 1405.38 2626.99 2388.95 685.785 249.473
 2649.53 4869.5 1410.88 1283.03 502.298
F
 0.0901554 0.539126 0.539126 0.539126 0.539126
 0.0732008 0.437738 0.437738 0.437738 0.437738
 0.110433 0.660383 0.660383 0.660383 0.660383
 0.0222829 0.133251 0.133251 0.133251 0.133251
 0.00445837 0.0266609 0.0266609 0.0266609 0.0266609
 0.0443139 0.264996 0.264996 0.264996 0.264996
 0.0282949 0.169203 0.169203 0.169203 0.169203
 0.0549218 0.32843 0.32843 0.32843 0.32843
 0.0629509 0.376444 0.376444 0.376444 0.376444
 0.0497851 0.297713 0.297713 0.297713 0.297713
 0.102402 0.612362 0.612362 0.612362 0.612362
 0.0980299 0.586215 0.586215 0.586215 0.586215
 0.160896 0.962153 0.962153 0.962153 0.962153
 0.297745 1.7805 1.7805 1.7805 1.7805
 0.311399 1.86215 1.86215 1.86215 1.86215
 0.119496 0.714582 0.714582 0.714582 0.714582
 0.0836792 0.500398 0.500398 0.500398 0.500398
 0.0577964 0.34562 0.34562 0.34562 0.34562
 0.0461593 0.276031 0.276031 0.276031 0.276031
 0.047303 0.28287 0.28287 0.28287 0.28287
 0.0219873 0.131483 0.131483 0.131483 0.131483
 0.028688 0.171553 0.171553 0.171553 0.171553
 0.0343427 0.205368 0.205368 0.205368 0.205368
 0.0321279 0.192124 0.192124 0.192124 0.192124
 0.0265132 0.158548 0.158548 0.158548 0.158548
 0.0269506 0.161164 0.161164 0.161164 0.161164
 0.0349522 0.209013 0.209013 0.209013 0.209013
Np
 35598.8 16666.3 17920 4989.3 1950.26
YTP_r0W_actual
 36242.9 166964 70324.1 81671 35482
YTP_p0W_proyectada
 12053.2 241626 97795.8 36185.9 51231.6
 12053.2 78453.8 122628 43601.8 18913.6
CTP_r0_actual
 4419.87 7729.83 2239.62 2036.68 797.347
CTP_p0_proyectada
 1469.91 11186.4 3114.52 902.392 1151.27
 1469.91 3632.12 3905.34 1087.33 425.024
Wmedp
 8.2 21.6 31.4 40.1 44.5
nmprior
 10.8 10.6 4.6 0
nm_flota  nm_reclas  nm_pelaces    nm_pelaL
inf 16.5752 16.8425 52.1159
cv_recla  cv_pelaces  cv_mph
0.681298 0.489801 0.665026
 ------------------------------------------------
Talla a la edad & desviaci?n 
 7.2 14.2025 17.0495 18.207 18.6776
 1.08 2.13037 2.55742 2.73105 2.80164
