years
 1997 1998 1999 2000 2001 2002 2003 2004 2005 2006 2007 2008 2009 2010 2011 2012 2013 2014 2015 2016 2017 2018 2019 2020 2021 2022 2023
reclasobs
 0 0 0 370054 412103 1.49427e+06 250295 1.28982e+06 931140 785840 897777 1.04006e+06 184774 17550 25797 100020 73551 82996 120727 218422 84188 347160 605670 569463 516374 1.08416e+06 1.01767e+06
reclaspred
 461751 122916 336492 231584 360376 454631 990607 677436 759853 756240 630956 426924 257551 105626 65361.4 66133.7 79777.6 108914 121404 167382 250554 237402 407467 547242 723226 716736 691014
pelacesobs
 0 0 0 0 0 0 0 0 0 2.06254e+06 1.5e+06 0 1.87456e+06 323000 250000 174000 83755 137374 0 501740 490994 745055 786931 1.00524e+06 1.33801e+06 1.41789e+06 0
pelacespred
 1.98244e+06 387212 708912 724626 1.01169e+06 924111 2.64955e+06 2.06522e+06 2.17112e+06 2.13159e+06 1.4843e+06 1.03617e+06 655512 213739 145435 149243 186114 264142 283281 400421 688741 593347 843178 1.31201e+06 1.6247e+06 1.75549e+06 1.64263e+06
mphobs
 0 0 0 0 0 112323 0 153150 637223 0 255016 313432 73983 77613 109348 50772 17779 17303 59886 28197 0 207744 136588 643089 65757 70829 0
mphpred
 138662 79002.1 91547.5 94331.1 106438 175711 254658 315601 271257 286122 287457 196238 119237 62458.6 27027 23135.3 26740.5 35008.9 44683 52272.4 79080.5 96341.7 120185 171820 261012 279717 250807
desembarqueobs
 350755 77701 442110 56441 14545 235359 269955 359681 431902 328805 639364 411747 362871 311530 167758 66681 60226 58785 57116 73181 50977 67692 138656 160484 209506 203330 245020
desembarquepred
 350766 77703 442135 56445 14545.3 235447 270024 359705 431978 328835 639442 411880 363048 311746 167639 66682 60254.7 58783.9 57105.6 73181 50979.6 67684.4 138663 160497 209498 203317 245007
Reclutas
 38611.9 46471.8 25261.9 36609.3 64229.1 47017.4 83772.2 79951.8 103412 115081 63328.5 43111.8 47047.5 24986.5 15395.4 14245.1 10353.5 12534 13997.3 22298.1 28784.6 36659.4 59606.6 85217.2 40551.1 57897.4 80220.4
log_desv_Rt
 -0.0186837 0.166601 -0.442948 -0.0719418 0.490212 0.178274 0.755857 0.70918 0.966474 1.07339 0.47609 0.0915512 0.178913 -0.453907 -0.938173 -1.01583 -1.33492 -1.1438 -1.03338 -0.567745 -0.312403 -0.0705736 0.415522 0.772959 0.0303188 0.386429 0.712533
SSB
 451101 257013 297826 306882 346268 571630 828464 1.02672e+06 882464 930825 935167 638408 387905 203193 87925.5 75264.7 86993.3 113892 145365 170055 257268 313423 390990 558971 849134 909986 815937
BT
 1.60841e+06 390849 712904 543015 685789 802597 1.95208e+06 1.7848e+06 1.84225e+06 1.73619e+06 1.56114e+06 1.0639e+06 785595 428544 232294 153589 172752 223310 237349 326501 501119 459471 659364 1.00758e+06 1.24398e+06 1.34632e+06 1.30503e+06
Ftot
 0.971076 0.840712 1.37014 0.279002 0.0503629 0.485375 0.302225 0.592173 0.666277 0.502932 0.971731 0.885587 1.47723 2.91514 3.25579 1.28138 0.913976 0.627003 0.49887 0.508526 0.235222 0.290115 0.350161 0.337557 0.27234 0.25628 0.352652
BD_Bspro_t
 0.91141 0.648709 0.581406 0.411225 0.567911 0.736211 0.688399 0.706592 0.641178 0.609406 0.580894 0.415464 0.304855 0.207929 0.113768 0.118938 0.180448 0.290238 0.399684 0.498113 0.626726 0.7288 0.738006 0.747458 0.771039 0.730131 0.705796
BD_Bspro
 0.555174 0.316308 0.366537 0.377682 0.426155 0.70351 1.0196 1.2636 1.08606 1.14558 1.15092 0.785695 0.477398 0.250071 0.108211 0.092629 0.107063 0.140168 0.178901 0.209288 0.316622 0.385732 0.481195 0.68793 1.04504 1.11993 1.00418
BD_Bo
 0.440793 0.25114 0.29102 0.299869 0.338356 0.558567 0.809533 1.00326 0.862298 0.909555 0.913797 0.62382 0.379041 0.19855 0.0859162 0.0735448 0.0850054 0.11129 0.142043 0.166169 0.251389 0.306261 0.382055 0.546197 0.82973 0.889191 0.797292
BD_Brms
 0.801441 0.456618 0.529128 0.545216 0.615192 1.01558 1.47188 1.82411 1.56781 1.65374 1.66145 1.13422 0.689165 0.360999 0.156211 0.133718 0.154555 0.202345 0.258259 0.302125 0.457071 0.556838 0.694646 0.993086 1.5086 1.61671 1.44962
S_f
 0.106056 0.692699 0.977184 0.998773 0.999935
 0.106056 0.692699 0.977184 0.998773 0.999935
 0.106056 0.692699 0.977184 0.998773 0.999935
 0.106056 0.692699 0.977184 0.998773 0.999935
 0.106056 0.692699 0.977184 0.998773 0.999935
 0.106056 0.692699 0.977184 0.998773 0.999935
 0.106056 0.692699 0.977184 0.998773 0.999935
 0.106056 0.692699 0.977184 0.998773 0.999935
 0.106056 0.692699 0.977184 0.998773 0.999935
 0.106056 0.692699 0.977184 0.998773 0.999935
 0.106056 0.692699 0.977184 0.998773 0.999935
 0.106056 0.692699 0.977184 0.998773 0.999935
 0.106056 0.692699 0.977184 0.998773 0.999935
 0.106056 0.692699 0.977184 0.998773 0.999935
 0.106056 0.692699 0.977184 0.998773 0.999935
 0.106056 0.692699 0.977184 0.998773 0.999935
 0.106056 0.692699 0.977184 0.998773 0.999935
 0.106056 0.692699 0.977184 0.998773 0.999935
 0.106056 0.692699 0.977184 0.998773 0.999935
 0.106056 0.692699 0.977184 0.998773 0.999935
 0.106056 0.692699 0.977184 0.998773 0.999935
 0.106056 0.692699 0.977184 0.998773 0.999935
 0.106056 0.692699 0.977184 0.998773 0.999935
 0.106056 0.692699 0.977184 0.998773 0.999935
 0.106056 0.692699 0.977184 0.998773 0.999935
 0.106056 0.692699 0.977184 0.998773 0.999935
 0.106056 0.692699 0.977184 0.998773 0.999935
Scru_reclas
 0.651824 0.925287 0.987941 0.998158 0.999721
 0.651824 0.925287 0.987941 0.998158 0.999721
 0.651824 0.925287 0.987941 0.998158 0.999721
 0.651824 0.925287 0.987941 0.998158 0.999721
 0.651824 0.925287 0.987941 0.998158 0.999721
 0.651824 0.925287 0.987941 0.998158 0.999721
 0.651824 0.925287 0.987941 0.998158 0.999721
 0.651824 0.925287 0.987941 0.998158 0.999721
 0.651824 0.925287 0.987941 0.998158 0.999721
 0.651824 0.925287 0.987941 0.998158 0.999721
 0.651824 0.925287 0.987941 0.998158 0.999721
 0.651824 0.925287 0.987941 0.998158 0.999721
 0.651824 0.925287 0.987941 0.998158 0.999721
 0.651824 0.925287 0.987941 0.998158 0.999721
 0.651824 0.925287 0.987941 0.998158 0.999721
 0.651824 0.925287 0.987941 0.998158 0.999721
 0.651824 0.925287 0.987941 0.998158 0.999721
 0.651824 0.925287 0.987941 0.998158 0.999721
 0.651824 0.925287 0.987941 0.998158 0.999721
 0.651824 0.925287 0.987941 0.998158 0.999721
 0.651824 0.925287 0.987941 0.998158 0.999721
 0.651824 0.925287 0.987941 0.998158 0.999721
 0.651824 0.925287 0.987941 0.998158 0.999721
 0.651824 0.925287 0.987941 0.998158 0.999721
 0.651824 0.925287 0.987941 0.998158 0.999721
 0.651824 0.925287 0.987941 0.998158 0.999721
 0.651824 0.925287 0.987941 0.998158 0.999721
Scru_pelaces
 0.992439 1 1 1 1
 0.992439 1 1 1 1
 0.992439 1 1 1 1
 0.992439 1 1 1 1
 0.992439 1 1 1 1
 0.992439 1 1 1 1
 0.992439 1 1 1 1
 0.992439 1 1 1 1
 0.992439 1 1 1 1
 0.992439 1 1 1 1
 0.992439 1 1 1 1
 0.992439 1 1 1 1
 0.992439 1 1 1 1
 0.992439 1 1 1 1
 0.992439 1 1 1 1
 0.992439 1 1 1 1
 0.992439 1 1 1 1
 0.992439 1 1 1 1
 0.992439 1 1 1 1
 0.992439 1 1 1 1
 0.992439 1 1 1 1
 0.992439 1 1 1 1
 0.992439 1 1 1 1
 0.992439 1 1 1 1
 0.992439 1 1 1 1
 0.992439 1 1 1 1
 0.992439 1 1 1 1
pf_obs 
 0.256992 0.487395 0.22802 0.0275931 0
 0.321318 0.546541 0.124235 0.00734118 0.000564706
 0.182869 0.594174 0.210203 0.0122559 0.00049798
 0.330522 0.361315 0.267642 0.0388342 0.00168674
 0.649043 0.306663 0.0425973 0.00169635 0
 0.582887 0.30429 0.105238 0.00758474 0
 0.465427 0.430635 0.0974691 0.00646863 0
 0.296916 0.608066 0.0921331 0.00288517 0
 0.311714 0.524322 0.152257 0.0117073 0
 0.15457 0.633149 0.183074 0.0267441 0.00246327
 0.131901 0.49318 0.331252 0.0422183 0.00144891
 0.196976 0.569456 0.194076 0.0375587 0.00193317
 0.518974 0.381816 0.0799577 0.0180837 0.00116848
 0.0928022 0.601141 0.25162 0.0475244 0.00691264
 0.122501 0.610282 0.24278 0.0234846 0.000952079
 0.383417 0.481906 0.127806 0.00687128 0
 0.0376549 0.599619 0.316969 0.0457579 0
 0.0361596 0.667082 0.258105 0.0386534 0
 0.158088 0.579412 0.248529 0.0139706 0
 0.0477256 0.309471 0.559284 0.082774 0.000745712
 0.0406174 0.521527 0.379366 0.0568643 0.0016247
 0.151134 0.462217 0.34131 0.0453401 0
 0.294876 0.26143 0.354403 0.0886775 0.000613685
 0.281977 0.475581 0.204845 0.0348837 0.00271318
 0.0841818 0.532909 0.334909 0.0458182 0.00218182
 0.115287 0.27431 0.454777 0.147771 0.00785563
 0 0 0 0 0
pf_pred 
 0.322826 0.463687 0.190826 0.0226468 1.4398e-05
 0.286301 0.567126 0.114684 0.0286061 0.00328248
 0.160195 0.634451 0.177186 0.0221953 0.00597288
 0.257122 0.463573 0.236522 0.0371183 0.00566483
 0.273537 0.484589 0.170904 0.0603226 0.0106485
 0.147404 0.575336 0.204623 0.0516489 0.0209876
 0.246328 0.39448 0.27239 0.0645208 0.0222818
 0.192782 0.547752 0.160083 0.07582 0.0235625
 0.237399 0.474284 0.220893 0.0420601 0.025363
 0.223503 0.535284 0.173722 0.0520716 0.0154192
 0.130341 0.576137 0.226588 0.0485809 0.0183537
 0.137523 0.476697 0.295336 0.0703691 0.0200752
 0.233229 0.447858 0.213617 0.081239 0.024056
 0.216542 0.616767 0.120724 0.0312273 0.0147395
 0.298346 0.59612 0.0956342 0.00730574 0.00259387
 0.328233 0.602328 0.065291 0.00378453 0.000363074
 0.204794 0.639312 0.14631 0.00903243 0.000551635
 0.239314 0.498258 0.228326 0.0320705 0.00203162
 0.222132 0.532873 0.182812 0.0543049 0.00787717
 0.276576 0.470383 0.194221 0.0441959 0.0146244
 0.240634 0.539512 0.162285 0.0444698 0.0130993
 0.218017 0.50309 0.217609 0.0455197 0.0157639
 0.261044 0.462176 0.200608 0.0597562 0.0164157
 0.254533 0.510856 0.166934 0.0493946 0.0182817
 0.0984925 0.604386 0.226526 0.0505987 0.0199974
 0.158368 0.327446 0.384329 0.0995782 0.030279
 0.208799 0.435109 0.171119 0.139104 0.0458689
pobs_RECLAS
 0 0 0 0 0
 0 0 0 0 0
 0 0 0 0 0
 0 0 0 0 0
 0.835266 0.146461 0.0176864 0.000547809 3.91292e-05
 0.385257 0.428462 0.181853 0.0044286 0
 0.867414 0.0963971 0.0333333 0.00285562 0
 0.441836 0.489002 0.0689373 0.000224442 0
 0.779404 0.147425 0.0564933 0.0165055 0.000172143
 0.814271 0.122319 0.05973 0.00367925 0
 0.40263 0.566651 0.0304383 0.000280538 0
 0.475488 0.404961 0.113038 0.00651328 0
 0.955842 0.0263864 0.0167828 0.000988607 0
 0.975058 0.0227948 0.00214734 0 0
 0.738997 0.206755 0.0527124 0.00153531 0
 0.850938 0.134255 0.0134407 0.00136685 0
 0.542534 0.407297 0.0501686 0 0
 0.764087 0.199537 0.0359546 0.000420521 0
 0.470689 0.182191 0.310203 0.0369168 0
 0.84361 0.089868 0.0606195 0.00523954 0.000663233
 0.607945 0.314616 0.071237 0.00620181 0
 0.523733 0.453247 0.0230204 0 0
 0.530135 0.295979 0.169645 0.0042399 0
 0.562478 0.366248 0.0663022 0.0049721 0
 0.250443 0.683176 0.0655157 0.000865301 0
 0.195077 0.31981 0.436473 0.0351445 0.0134964
 0.565238 0.351407 0.0832357 0.000118908 0
ppred_RECLAS
 0.716009 0.212492 0.0640063 0.00748801 4.76177e-06
 0.670564 0.276878 0.0412461 0.0101472 0.0011647
 0.505846 0.401439 0.080175 0.00988074 0.00265935
 0.639822 0.247984 0.0951827 0.0147585 0.00225322
 0.654048 0.251387 0.0670444 0.0233905 0.00413068
 0.469701 0.390197 0.103735 0.0258567 0.0105106
 0.633451 0.217849 0.113091 0.0264656 0.00914311
 0.551792 0.331765 0.072194 0.0337551 0.0104935
 0.620976 0.26141 0.0903839 0.0169852 0.0102456
 0.595198 0.303118 0.0734892 0.0217515 0.00644318
 0.443914 0.405407 0.116696 0.0246635 0.00932015
 0.465644 0.335449 0.152769 0.0358947 0.010243
 0.635733 0.242383 0.0820947 0.0306975 0.00909099
 0.639461 0.308596 0.037902 0.00954038 0.0045011
 0.736529 0.238026 0.0231222 0.00171384 0.000608121
 0.713735 0.264368 0.0206085 0.00117579 0.000112821
 0.567101 0.367224 0.0616905 0.00375515 0.000229398
 0.620492 0.272837 0.092965 0.012889 0.000816765
 0.593498 0.302813 0.0776176 0.0227676 0.00330369
 0.663841 0.240007 0.0740157 0.0166311 0.00550511
 0.613251 0.29614 0.0670896 0.0181657 0.00535302
 0.587547 0.291317 0.094765 0.0195852 0.00678505
 0.645424 0.244854 0.0797905 0.0234792 0.00645235
 0.633628 0.272655 0.0669152 0.01956 0.00724211
 0.356346 0.470214 0.132604 0.0292654 0.0115705
 0.507801 0.225936 0.199615 0.0511028 0.0155448
 0.581719 0.259717 0.0766777 0.0615752 0.0203116
pobs_PELACES
 0 0 0 0 0
 0 0 0 0 0
 0 0 0 0 0
 0 0 0 0 0
 0 0 0 0 0
 0 0 0 0 0
 0 0 0 0 0
 0 0 0 0 0
 0 0 0 0 0
 0 0 0 0 0
 0.450072 0.473896 0.0757376 0.000293798 0
 0 0 0 0 0
 0.463077 0.371075 0.160297 0.00555027 0
 0.529543 0.364841 0.0842815 0.0213345 0
 0.631943 0.363953 0.00410389 0 0
 0.735681 0.248677 0.0153453 0.000297389 0
 0.695825 0.281241 0.0229344 0 0
 0.275771 0.60734 0.115278 0.00161068 0
 0 0 0 0 0
 0.896147 0.0623911 0.0374545 0.00400742 0
 0.803859 0.145111 0.0509908 3.86294e-05 0
 0.739449 0.233085 0.0266225 0.000797448 4.60066e-05
 0.878498 0.100942 0.0204185 0.000141795 0
 0.694673 0.275183 0.0284847 0.00165964 0
 0.469039 0.446079 0.0841089 0.000773354 0
 0.822795 0.102175 0.0682046 0.00682512 0
 0 0 0 0 0
ppred_PELACES
 0.81654 0.14253 0.0367063 0.00422096 2.679e-06
 0.775289 0.193098 0.0248967 0.00602609 0.000690369
 0.660491 0.285379 0.0469379 0.00566978 0.0015228
 0.730974 0.190528 0.0667212 0.0102192 0.00155759
 0.732806 0.197987 0.0492209 0.0169904 0.00299569
 0.585264 0.314164 0.0747402 0.0183752 0.00745631
 0.728398 0.167707 0.0792583 0.0183188 0.00631799
 0.667459 0.254005 0.0489682 0.0225658 0.0070025
 0.731934 0.192243 0.0584791 0.0108255 0.00651819
 0.701332 0.230007 0.0498186 0.0145423 0.00430012
 0.5858 0.314624 0.0774251 0.0160845 0.00606644
 0.60603 0.261072 0.102472 0.0236807 0.00674469
 0.777544 0.158089 0.0436547 0.0159875 0.00472458
 0.821031 0.159953 0.0139944 0.00341484 0.00160679
 0.884081 0.10798 0.00723685 0.000518737 0.000183547
 0.820174 0.168265 0.0108927 0.000609517 5.83646e-05
 0.692404 0.266647 0.0385039 0.00230472 0.000140523
 0.729023 0.201531 0.0606373 0.00828385 0.000523993
 0.699741 0.230091 0.0527098 0.0152489 0.00220879
 0.760171 0.176793 0.0486831 0.0107878 0.00356463
 0.704708 0.230803 0.0479021 0.0128161 0.00377036
 0.68565 0.228131 0.0676367 0.0138069 0.00477523
 0.738844 0.185919 0.0549082 0.0159521 0.00437638
 0.727261 0.208084 0.0463375 0.0133741 0.00494339
 0.457277 0.406309 0.104607 0.0228058 0.00900157
 0.616007 0.185132 0.14955 0.0378247 0.0114867
 0.685576 0.202928 0.0542849 0.0430384 0.0141728
pobs_pel_tallas
 0 0 0 0 0 0 0 0 0 0 0 0 0 0 0 0 0 0 0 0 0 0 0 0 0 0 0 0 0 0 0 0 0 0 0 0
 0 0 0 0 0 0 0 0 0 0 0 0 0 0 0 0 0 0 0 0 0 0 0 0 0 0 0 0 0 0 0 0 0 0 0 0
 0 0 0 0 0 0 0 0 0 0 0 0 0 0 0 0 0 0 0 0 0 0 0 0 0 0 0 0 0 0 0 0 0 0 0 0
 0 0 0 0 0 0 0 0 0 0 0 0 0 0 0 0 0 0 0 0 0 0 0 0 0 0 0 0 0 0 0 0 0 0 0 0
 0 0 0 0 0 0 0 0 0 0 0 0 0 0 0 0 0 0 0 0 0 0 0 0 0 0 0 0 0 0 0 0 0 0 0 0
 0 0 0 0 0 0 0 0 0 0 0 0 0 0 0 0 0 0 0 0 0 0 0 0 0 0 0 0 0 0 0 0 0 0 0 0
 0 0 0 0 0 0 0 0 0 0 0 0 0 0 0 0 0 0 0 0 0 0 0 0 0 0 0 0 0 0 0 0 0 0 0 0
 0 0 0 0 0 0 0 0 0 0 0 0 0 0 0 0 0 0 0 0 0 0 0 0 0 0 0 0 0 0 0 0 0 0 0 0
 0 0 0 0 0 0 0 0 0 0 0 0 0 0 0 0 0 0 0 0 0 0 0 0 0 0 0 0 0 0 0 0 0 0 0 0
 0 0 0 0 0 0 0 0 0 0 0 0 0 0 0 0 0 0 0 0 0 0 0 0 0 0 0 0 0 0 0 0 0 0 0 0
 0 0 0 0 0 0 0 0 1.78061e-05 0.00172719 0.00360574 0.0105946 0.0120993 0.0124554 0.0147524 0.0171206 0.0266825 0.0428682 0.0675386 0.121331 0.153587 0.119568 0.100827 0.0573624 0.0630603 0.0341343 0.0324427 0.0444173 0.0211091 0.0280891 0.0125444 0.00206551 0 0 0 0
 0 0 0 0 0 0 0 0 0 0 0 0 0 0 0 0 0 0 0 0 0 0 0 0 0 0 0 0 0 0 0 0 0 0 0 0
 0 0 0 0 0 0 0.0133647 0.0140871 0.0187388 0.0205184 0.03894 0.0496705 0.03968 0.0493445 0.0407372 0.0367815 0.0215668 0.0243155 0.0234873 0.0199281 0.019796 0.0243948 0.0301388 0.0376714 0.0412746 0.0863199 0.0771752 0.113111 0.0741005 0.0525337 0.0229764 0.00759418 0.00175318 0 0 0
 0 0 0 0 0 0 0 0 0 0 0.00219441 0.00772107 0.0458388 0.0604681 0.0671733 0.0775358 0.0609151 0.0617685 0.073594 0.0568108 0.0755445 0.0548602 0.0670107 0.0636378 0.0643287 0.046367 0.0373049 0.0286899 0.0247887 0.0153202 0.00654259 0.00121912 0.000365735 0 0 0
 0 0 0 0 0 0 0 0 0 0 0 0 0.000112435 0.00938835 0.0111873 0.0202946 0.0414886 0.0713402 0.111592 0.104902 0.108894 0.110636 0.117776 0.105296 0.107544 0.0401394 0.0192827 0.0124803 0.00416011 0.0028671 0.000618394 0 0 0 0 0
 0 0 0 0 0 0 0 0 0 0 0.00291406 0.0102884 0.027416 0.0768956 0.0749926 0.110853 0.0956884 0.0897413 0.0766577 0.0534642 0.0500743 0.0551293 0.0594112 0.0620874 0.0668451 0.0424026 0.0208742 0.0120726 0.0048766 0.00582813 0.00118941 0.000297354 0 0 0 0
 0 0.00264628 0.0354308 0.0461629 0.0458689 0.0383711 0.0214643 0.0164657 0.0346957 0.0420465 0.0363128 0.0245516 0.0311673 0.0291091 0.0169068 0.0133784 0.00837989 0.0085269 0.0148486 0.0160247 0.0276389 0.0546898 0.0760071 0.122758 0.109233 0.0665981 0.0333725 0.0166128 0.00676272 0.00308733 0.000882094 0 0 0 0 0
 0 0 0 0 0 0 0 0.000805153 0.000690131 0.00759144 0.0133425 0.0154129 0.00931677 0.000345066 0.00356568 0.00563607 0.00851162 0.0253048 0.0502646 0.0516448 0.0657925 0.0565908 0.0611916 0.0827007 0.0866115 0.110766 0.145733 0.0935128 0.0569358 0.0249597 0.0138026 0.00621118 0.00161031 0.00115022 0 0
 0 0 0 0 0 0 0 0 0 0 0 0 0 0 0 0 0 0 0 0 0 0 0 0 0 0 0 0 0 0 0 0 0 0 0 0
 0.00147267 0.00158595 0.00478618 0.00569244 0.00954404 0.0108468 0.00647125 0.017049 0.0510054 0.094081 0.124002 0.0959785 0.0687766 0.0820023 0.061753 0.0591476 0.0492212 0.0479892 0.0443925 0.0268479 0.0217502 0.0140895 0.0121071 0.0120363 0.00920419 0.00665534 0.0049561 0.00860946 0.00930331 0.0156896 0.0114698 0.00855282 0.00243557 0.00046729 0 2.83206e-05
 0 0 0 0 0.000772559 0.00158375 0.000888443 0.00281984 0.00712685 0.0440552 0.0773331 0.111326 0.0921469 0.0852325 0.0710754 0.0886704 0.0786465 0.0553345 0.0373146 0.0185414 0.00753245 0.00457741 0.012979 0.0271748 0.0457355 0.0583668 0.034881 0.0177882 0.00938659 0.00492506 0.0015258 0.00185414 0.000309023 5.79419e-05 3.86279e-05 0
 0 0.00173294 0.00326652 0 0.00397197 0.00683976 0.00946217 0.0152591 0.00757587 0.0136028 0.0228656 0.0392903 0.0559909 0.0764795 0.0681675 0.0726916 0.0566044 0.0477403 0.0527397 0.0444891 0.0609904 0.0582453 0.0661739 0.0445044 0.0529084 0.0360697 0.0280645 0.0235558 0.0158879 0.00826598 0.00280645 0.00217768 0.000904811 0.00058276 9.20147e-05 0
 0 0 0 0 0 0 0 0 0 0 0 0 0 0 0 0 0 0 0 0 0 0 0 0 0 0 0 0 0 0 0 0 0 0 0 0
 0 0 0 0 0 0 0 0 0 0 0 0 0 0 0 0 0 0 0 0 0 0 0 0 0 0 0 0 0 0 0 0 0 0 0 0
 0 0 0 0 0 0 0 0 0 0 0 0 0 0 0 0 0 0 0 0 0 0 0 0 0 0 0 0 0 0 0 0 0 0 0 0
 0 0 0 0 0 0 0 0 0 0 0 0 0 0 0 0 0 0 0 0 0 0 0 0 0 0 0 0 0 0 0 0 0 0 0 0
 0 0 0 0 0 0 0 0 0 0 0 0 0 0 0 0 0 0 0 0 0 0 0 0 0 0 0 0 0 0 0 0 0 0 0 0
ppred_pel_tallas
 1.00713e-16 3.56234e-05 0.000209089 0.000993931 0.00382672 0.0119333 0.0301425 0.0616752 0.102232 0.13729 0.149388 0.131743 0.0942462 0.0548815 0.026408 0.0112452 0.0054825 0.0045233 0.00555258 0.0073409 0.00940007 0.0114541 0.0132598 0.0145953 0.0152967 0.0152941 0.0146249 0.0134194 0.0118644 0.0101574 0.00846772 0.00691282 0.00555423 0.00440748 0.00345904 0.00268263
 1.00656e-16 3.38267e-05 0.000198536 0.000943752 0.0036335 0.0113307 0.0286205 0.0585615 0.0970725 0.130367 0.141867 0.125143 0.089594 0.0523127 0.0254341 0.0112796 0.00615918 0.0057229 0.00729522 0.00968094 0.0123601 0.0149896 0.017246 0.0188335 0.0195396 0.0192847 0.0181389 0.0163005 0.014043 0.0116506 0.0093617 0.00733571 0.00564715 0.00430082 0.0032576 0.00245992
 1.01026e-16 2.88248e-05 0.000169162 0.000804084 0.00309571 0.00965362 0.0243844 0.0498948 0.0827102 0.111089 0.120919 0.106734 0.0765668 0.0450138 0.02246 0.0109382 0.00735893 0.00805512 0.0107515 0.014382 0.0183951 0.0223357 0.0257348 0.0281545 0.0292777 0.0289806 0.0273603 0.0247021 0.0214037 0.0178805 0.0144826 0.0114472 0.0088888 0.00682124 0.00519451 0.0039312
 1.01434e-16 3.18944e-05 0.000187192 0.000889819 0.00342584 0.0106832 0.0269848 0.0552147 0.0915253 0.122918 0.133765 0.118004 0.0845004 0.0493746 0.0240739 0.0107958 0.00607117 0.00580998 0.00750004 0.0100222 0.0128891 0.0157736 0.0183594 0.0203486 0.021516 0.0217562 0.0211033 0.0197124 0.0178137 0.0156544 0.0134487 0.0113488 0.00943997 0.00775297 0.00628519 0.00501981
 1.01488e-16 3.19745e-05 0.000187661 0.000892051 0.00343443 0.01071 0.0270525 0.0553533 0.0917551 0.123227 0.134103 0.118305 0.0847223 0.0495171 0.0241671 0.0108767 0.00616924 0.00594407 0.00767982 0.0102486 0.0131531 0.0160546 0.0186258 0.0205613 0.0216347 0.0217474 0.0209482 0.019412 0.0173898 0.0151461 0.0129056 0.010822 0.00897334 0.00737749 0.0060159 0.00485639
 1.02144e-16 2.55458e-05 0.000149908 0.000712545 0.00274325 0.00855449 0.0216082 0.0442146 0.0732961 0.0984512 0.107178 0.0946425 0.0679746 0.0401274 0.0203289 0.0104114 0.00766934 0.00887878 0.012033 0.0161715 0.0207592 0.0253171 0.0293362 0.0323333 0.0339508 0.034036 0.0326715 0.0301414 0.0268517 0.0232294 0.0196367 0.0163214 0.0134083 0.0109236 0.00883305 0.00707909
 1.02105e-16 3.17812e-05 0.000186529 0.000886672 0.00341373 0.0106454 0.0268895 0.0550194 0.0912009 0.122481 0.133284 0.117569 0.0841647 0.0491298 0.0238646 0.0105511 0.00572605 0.00531154 0.00680938 0.0091198 0.0117838 0.0145108 0.0170242 0.0190602 0.0204129 0.0209752 0.020756 0.0198662 0.0184811 0.0167929 0.0149707 0.0131377 0.0113687 0.00970066 0.00814969 0.00672477
 1.01881e-16 2.91273e-05 0.000170941 0.000812548 0.00312831 0.0097553 0.0246412 0.05042 0.0835798 0.112254 0.122179 0.107828 0.0773115 0.045371 0.0224892 0.0107069 0.00688979 0.00732535 0.00971856 0.0130121 0.0166865 0.0203342 0.0235412 0.0259192 0.0271832 0.0272153 0.0260882 0.0240372 0.0213939 0.0185048 0.0156604 0.0130556 0.0107835 0.00885661 0.00723901 0.0058777
 1.0157e-16 3.19363e-05 0.000187437 0.000890987 0.00343034 0.0106972 0.0270203 0.0552873 0.0916455 0.12308 0.133941 0.118159 0.0846128 0.0494419 0.0241098 0.0108166 0.00608856 0.00582972 0.00752342 0.0100473 0.0129113 0.0157856 0.0183521 0.0203125 0.0214432 0.0216429 0.0209517 0.0195315 0.017619 0.0154656 0.0132866 0.0112318 0.00938089 0.00775724 0.00635037 0.0051366
 1.01483e-16 3.06034e-05 0.000179609 0.000853762 0.003287 0.0102502 0.0258912 0.0529774 0.087818 0.117943 0.128362 0.113263 0.0811622 0.0475373 0.0233891 0.0108451 0.0065953 0.00672681 0.00882649 0.0117973 0.0151252 0.0184305 0.0213347 0.0234843 0.024619 0.0246299 0.0235812 0.0216852 0.0192432 0.0165711 0.0139363 0.0115203 0.00941335 0.00763164 0.00614644 0.00491146
 1.02038e-16 2.55692e-05 0.000150045 0.000713196 0.00274576 0.00856231 0.0216279 0.044255 0.0733631 0.0985412 0.107276 0.0947293 0.0680373 0.0401651 0.0203493 0.0104239 0.00768126 0.00889442 0.0120549 0.0162013 0.0207974 0.0253635 0.029389 0.0323891 0.0340048 0.034082 0.0327024 0.0301505 0.0268328 0.0231784 0.0195518 0.0162036 0.0132616 0.0107545 0.00865003 0.0068913
 1.02669e-16 2.64492e-05 0.000155217 0.000737792 0.00284048 0.0088577 0.022374 0.0457811 0.0758912 0.101931 0.110952 0.0979412 0.0702694 0.0413328 0.0206648 0.0101378 0.00692731 0.00768231 0.0103321 0.0139179 0.0179529 0.022035 0.0257415 0.0286656 0.0304945 0.0310753 0.0304412 0.0287874 0.02641 0.023629 0.0207222 0.0178878 0.0152391 0.0128224 0.0106445 0.00869792
 1.01442e-16 3.39237e-05 0.000199108 0.000946479 0.00364401 0.0113635 0.0287033 0.0587306 0.0973519 0.130739 0.142265 0.125475 0.0897924 0.0523489 0.0253039 0.0109728 0.00564385 0.00494968 0.00621384 0.00826079 0.01061 0.0129725 0.0150845 0.0167016 0.0176413 0.0178217 0.0172768 0.0161401 0.0146051 0.0128764 0.0111278 0.00947839 0.00798963 0.00667721 0.00553018 0.00452833
 1.00444e-16 3.58199e-05 0.000210241 0.000999405 0.00384779 0.011999 0.0303085 0.0620149 0.102796 0.138048 0.150216 0.132481 0.0947911 0.0552327 0.0266396 0.0114497 0.00573434 0.00487221 0.00602742 0.00795081 0.0101307 0.0122631 0.0140763 0.0153257 0.0158381 0.0155515 0.0145299 0.0129436 0.0110257 0.00901651 0.0071166 0.00545854 0.00410187 0.00304612 0.00225291 0.0016681
 1.00165e-16 3.85671e-05 0.000226374 0.00107611 0.00414316 0.0129201 0.032635 0.0667748 0.110684 0.148636 0.161721 0.142591 0.101944 0.0592383 0.0282677 0.0116285 0.00506214 0.00357247 0.00410437 0.00533886 0.00678316 0.00819658 0.00938878 0.0101937 0.0104952 0.010253 0.009513 0.00839359 0.00705574 0.00566541 0.00436098 0.0032339 0.00232495 0.00163302 0.00113009 0.000776625
 1.00234e-16 3.57829e-05 0.000210023 0.000998367 0.00384379 0.0119865 0.030277 0.0619505 0.102689 0.137906 0.150063 0.132351 0.0947072 0.0552031 0.0266613 0.01152 0.00585777 0.00505917 0.00628984 0.00829656 0.0105586 0.0127589 0.0146117 0.0158597 0.0163221 0.0159367 0.0147753 0.0130229 0.010931 0.00875879 0.00672244 0.00496474 0.00354938 0.00247445 0.001696 0.0011519
 1.0072e-16 3.02156e-05 0.000177329 0.000842914 0.00324522 0.0101199 0.0255621 0.0523044 0.0867034 0.11645 0.126745 0.111858 0.0802005 0.0470656 0.0233268 0.0110997 0.00713006 0.00756187 0.0100073 0.0133598 0.0170686 0.0206988 0.0238098 0.0259925 0.0269525 0.0265781 0.0249656 0.0223886 0.0192264 0.0158739 0.012664 0.00982136 0.00745333 0.0055703 0.00412065 0.00302559
 1.01236e-16 3.18098e-05 0.000186694 0.00088745 0.00341672 0.0106547 0.026913 0.0550678 0.091282 0.122592 0.133413 0.117699 0.0842953 0.0492808 0.0240766 0.0108784 0.0062301 0.00605437 0.00784375 0.0104749 0.013449 0.0164221 0.0190596 0.0210477 0.0221517 0.0222668 0.0214381 0.0198406 0.0177286 0.0153735 0.0130086 0.0107979 0.00883006 0.00713197 0.00569224 0.00448276
 1.01451e-16 3.05341e-05 0.000179202 0.000851826 0.00327955 0.0102269 0.0258325 0.0528573 0.0876189 0.117676 0.128071 0.113007 0.0809798 0.0474328 0.023342 0.0108308 0.00659714 0.00673768 0.00884524 0.0118255 0.0151655 0.0184857 0.0214073 0.0235759 0.02473 0.0247587 0.0237243 0.0218371 0.0193966 0.0167181 0.0140689 0.0116317 0.0094986 0.00768849 0.00617539 0.00491546
 1.01287e-16 3.31669e-05 0.000194664 0.000925345 0.00356263 0.0111097 0.0280623 0.0574193 0.0951788 0.127823 0.139097 0.122694 0.0878297 0.0512607 0.0248826 0.0109692 0.00590114 0.00541538 0.00689537 0.00918215 0.0117849 0.0143901 0.0167031 0.0184498 0.0194262 0.0195422 0.0188391 0.0174708 0.0156602 0.0136432 0.011621 0.00973302 0.00805192 0.00659683 0.00535425 0.00429776
 1.01372e-16 3.07507e-05 0.000180473 0.000857871 0.00330282 0.0102995 0.0260158 0.0532324 0.0882407 0.118511 0.12898 0.113808 0.0815514 0.0477634 0.0234968 0.0108888 0.00661296 0.00673667 0.00883436 0.0118029 0.0151251 0.018419 0.0213043 0.0234263 0.0245246 0.0244915 0.0233938 0.0214477 0.018959 0.016248 0.0135856 0.0111558 0.00904925 0.00728152 0.00582174 0.0046206
 1.01733e-16 2.99196e-05 0.000175594 0.000834676 0.00321351 0.010021 0.0253124 0.051793 0.0858549 0.115307 0.125495 0.110736 0.0793582 0.0464949 0.0229032 0.0106665 0.00655278 0.00674121 0.00887682 0.0118902 0.0152802 0.0186738 0.0216966 0.0239951 0.0253043 0.0255051 0.0246467 0.0229239 0.0206197 0.0180352 0.0154282 0.0129783 0.0107808 0.00886347 0.00721279 0.005799
 1.01593e-16 3.22373e-05 0.000189205 0.000899394 0.00346271 0.0107981 0.0272752 0.0558089 0.09251 0.12424 0.135202 0.119267 0.0853953 0.0498783 0.0242835 0.0108283 0.00600233 0.00566826 0.00728541 0.00972407 0.0124969 0.0152823 0.0177726 0.0196798 0.020788 0.0209993 0.0203522 0.0190025 0.0171776 0.0151188 0.0130322 0.0110607 0.00927953 0.00771035 0.00634286 0.00515492
 1.01417e-16 3.17332e-05 0.000186243 0.000885308 0.00340847 0.010629 0.026848 0.0549349 0.0910619 0.122297 0.133093 0.11742 0.0841028 0.0491825 0.024055 0.0109125 0.00630918 0.00617776 0.00801499 0.0106954 0.0137134 0.0167161 0.0193598 0.0213242 0.0223736 0.0224085 0.0214857 0.0197954 0.0176085 0.0152089 0.0128369 0.0106559 0.00874705 0.00712542 0.00576598 0.00462832
 1.02822e-16 1.99687e-05 0.000117158 0.000556824 0.00214365 0.00668465 0.0168852 0.0345519 0.0572828 0.0769572 0.0838183 0.074109 0.053432 0.0319551 0.0169518 0.00992872 0.00884694 0.0112422 0.0155563 0.0209799 0.0269552 0.0328953 0.0381472 0.0420857 0.0442452 0.0444237 0.042722 0.0395016 0.0352815 0.0306099 0.0259534 0.0216331 0.017814 0.0145352 0.0117594 0.00941834
 1.0402e-16 2.68812e-05 0.00015776 0.000749898 0.00288711 0.00900315 0.0227413 0.0465321 0.0771339 0.103594 0.112745 0.0994821 0.0712851 0.0417502 0.0205416 0.00953351 0.00582953 0.00601178 0.0079898 0.0108395 0.0141562 0.0176536 0.0210359 0.0240057 0.026312 0.0277954 0.0284089 0.0282078 0.0273166 0.0258872 0.024064 0.0219655 0.0196846 0.0172976 0.0148771 0.0124979
 1.02978e-16 2.99152e-05 0.000175571 0.000834572 0.00321312 0.0100198 0.0253093 0.0517865 0.0858433 0.11529 0.125469 0.1107 0.0793027 0.0464022 0.0227459 0.0104067 0.00614397 0.00613199 0.00801938 0.0107522 0.0138582 0.0170059 0.0198682 0.0221364 0.0235773 0.0240824 0.0236863 0.0225456 0.0208891 0.0189565 0.0169474 0.0149936 0.0131586 0.0114552 0.00987127 0.00839155
pSPR Fmed_Fpbrs
0.514655   0.6 0.325
Fs Fmed_Fpbrs
0.64   0.445355 1.51519
SSBpbr Bo_Bmed_Bpbrs
1.02339e+06  475521  562862 281431
Ro
39340.1
SPR SPRFo_SPRFmed_SPRFpbrs
812540 418178 264075
log_Ro
10.4
likeval ReclasPelacesDesembMPH_pf_preclas_ppelaces_ptallas_desvR_qrecl_qpela
 63.147 16.8552 0.00945049 0.00058991 330.07 210.39 55.139 0 16.7477 6.97657e-06 4.8721e-05 1.02951e-10 0 0 0
q_reclas_q_pelaces
0.68778 2.69945
M
0.7
N
 38611.9 10732.6 3476.3 406.766 0.258412
 46471.8 17297.7 2719.96 668.344 76.6299
 25261.9 21108.6 4798.06 593.979 159.743
 36609.3 10848 4057.57 624.584 95.2233
 64229.1 17649.6 4440.29 1534.11 270.502
 47017.4 31725.3 8464.04 2099.09 852.174
 83772.2 22176.7 11255.9 2615.68 902.391
 79951.8 40287.8 8932.45 4160.22 1291.71
 103412 37286.1 13274.6 2486.88 1498.34
 115081 47849.3 11670.8 3437.6 1016.98
 63328.5 54179.1 16771.4 3545.34 1338.42
 43111.8 28368.4 13724.5 3222.36 918.573
 47047.5 19489.5 7628.05 2868.52 848.907
 24986.5 19975.1 3478.48 894.317 421.988
 15395.4 9108.13 1316.76 100.055 35.5143
 14245.1 5412.84 474.205 27.1512 2.60309
 10353.5 6175.05 1106.46 67.3225 4.1084
 12534 4666.42 1628.09 224.931 14.2366
 13997.3 5823.77 1500.9 438.108 63.4904
 22298.1 6592.66 2047.01 457.755 151.331
 28784.6 10491.5 2301.82 618.448 181.983
 36659.4 13941.9 4426.59 908.324 314.239
 59606.6 17652.9 5662.88 1655.55 454.346
 85217.2 28520.7 6878.13 1997.23 738.466
 40551.1 40829.4 11210 2455.9 969.609
 57897.4 19563.8 16789.5 4266.01 1295.83
 80220.4 27980.1 8134.83 6490.38 2138.05
pred_Ctot
 2733.7 3926.51 1615.92 191.774 0.121922
 2865.63 5676.47 1147.9 286.324 32.855
 2477.8 9813.32 2740.62 343.304 92.385
 768.948 1386.36 707.343 111.006 16.9412
 246.141 436.055 153.787 54.281 9.58202
 1701.63 6641.65 2362.16 596.232 242.28
 1903.97 3049.09 2105.41 498.708 172.225
 3512.79 9980.89 2916.96 1381.56 429.345
 5094.6 10178.1 4740.38 902.61 544.291
 4312.07 10327.3 3351.63 1004.62 297.485
 4486.51 19831.3 7799.43 1672.21 631.758
 2794.55 9686.81 6001.42 1429.95 407.941
 4951.07 9507.27 4534.73 1724.57 510.669
 4864.51 13855.4 2712 701.505 331.115
 3297.6 6588.86 1057.04 80.7497 28.6699
 1312.02 2407.64 260.983 15.1276 1.45129
 691.735 2159.41 494.193 30.5089 1.86326
 582.149 1212.05 555.42 78.014 4.94207
 520.34 1248.24 428.233 127.208 18.4521
 844.579 1436.41 593.092 134.961 44.6585
 510.77 1145.17 344.466 94.3917 27.8045
 800.258 1846.65 798.761 167.086 57.8631
 1566.1 2772.77 1203.53 358.501 98.4842
 2159.67 4334.52 1416.41 419.105 155.117
 831.665 5103.4 1912.77 427.252 168.857
 1118.23 2312.1 2713.75 703.122 213.8
 2122.46 4422.92 1739.43 1414 466.261
F
 0.102989 0.672663 0.948919 0.969884 0.971013
 0.0891629 0.58236 0.82153 0.83968 0.840657
 0.145313 0.949097 1.33888 1.36846 1.37005
 0.0295899 0.193264 0.272636 0.278659 0.278983
 0.00534132 0.0348864 0.0492139 0.0503011 0.0503597
 0.0514772 0.336219 0.474301 0.48478 0.485344
 0.0320529 0.209351 0.29533 0.301854 0.302206
 0.0628038 0.410198 0.578662 0.591447 0.592135
 0.070663 0.46153 0.651076 0.66546 0.666234
 0.0533392 0.348381 0.491457 0.502315 0.5029
 0.103058 0.673117 0.94956 0.970538 0.971668
 0.0939222 0.613445 0.865381 0.8845 0.88553
 0.15667 1.02328 1.44353 1.47542 1.47714
 0.309169 2.01931 2.84863 2.91156 2.91495
 0.345298 2.25528 3.18151 3.2518 3.25558
 0.135899 0.887612 1.25215 1.27981 1.2813
 0.0969331 0.633111 0.893123 0.912855 0.913917
 0.0664977 0.434325 0.612697 0.626234 0.626963
 0.0529084 0.345567 0.487488 0.498258 0.498838
 0.0539324 0.352255 0.496923 0.507902 0.508493
 0.0249469 0.162938 0.229856 0.234934 0.235207
 0.0307686 0.200963 0.283496 0.289759 0.290096
 0.0371368 0.242556 0.342171 0.349731 0.350138
 0.0358001 0.233825 0.329855 0.337143 0.337535
 0.0288835 0.18865 0.266127 0.272006 0.272323
 0.0271801 0.177525 0.250433 0.255965 0.256263
 0.037401 0.244282 0.344606 0.352219 0.352629
Np
 28701 13595 13997.5 3497.39 1200.75
YTP_r0W_actual
 21884.6 117439 66455.4 68937.8 25225.2
YTP_p0W_proyectada
 7829.82 161064 88906.7 30399.7 36068.8
 7829.82 57061.2 114349 37147.7 14166.7
CTP_r0_actual
 2668.86 5436.99 2116.41 1719.15 566.858
CTP_p0_proyectada
 954.857 7456.67 2831.42 758.098 810.535
 954.857 2641.72 3641.69 926.376 318.354
Wmedp
 8.2 21.6 31.4 40.1 44.5
nmprior
 10.8 10.6 4.6 0
nm_flota  nm_reclas  nm_pelaces    nm_pelaL
inf 19.8825 17.0841 53.1652
cv_recla  cv_pelaces  cv_mph
0.688188 0.449736 0.649126
 ------------------------------------------------
Talla a la edad & desviaci?n 
 7.2 14.2025 17.0495 18.207 18.6776
 1.08 2.13037 2.55742 2.73105 2.80164
