years
 1997 1998 1999 2000 2001 2002 2003 2004 2005 2006 2007 2008 2009 2010 2011 2012 2013 2014 2015 2016 2017 2018 2019 2020 2021 2022 2023
reclasobs
 0 0 0 370054 412103 1.49427e+06 250295 1.28982e+06 931140 785840 897777 1.04006e+06 184774 17550 25797 100020 73551 82996 120727 218422 84188 347160 605670 569463 516374 1.08416e+06 1.01767e+06
reclaspred
 447777 131591 444108 318870 427695 505821 1.08489e+06 692842 725683 608997 465084 308552 188546 88328.6 64240.4 67598.7 85853.5 121953 132270 187793 264070 239121 417770 578385 723776 739049 770221
pelacesobs
 0 0 0 0 0 0 0 0 0 2.06254e+06 1.5e+06 0 1.87456e+06 323000 250000 174000 83755 137374 0 501740 490994 745055 786931 1.00524e+06 1.33801e+06 1.41789e+06 0
pelacespred
 1.76682e+06 456651 931880 1.02253e+06 1.16294e+06 1.16065e+06 2.7394e+06 2.25778e+06 2.05436e+06 1.75518e+06 1.20397e+06 820015 496275 194505 139568 156784 207765 298297 333056 460801 718202 637411 908141 1.40652e+06 1.76005e+06 1.96854e+06 1.95461e+06
mphobs
 0 0 0 0 0 112323 0 153150 637223 0 255016 313432 73983 77613 109348 50772 17779 17303 59886 28197 0 207744 136588 643089 65757 70829 0
mphpred
 117043 79771 105274 142040 137999 198986 299967 343048 281288 265296 229399 157883 96671.4 50895.4 25140.2 22488.2 27979.5 39301.2 50727.3 59362.2 86864 100203 125827 182138 274952 304701 283032
desembarqueobs
 350755 77701 442110 56441 14545 235359 269955 359681 431902 328805 639364 411747 362871 311530 167758 66681 60226 58785 57116 73181 50977 67692 138656 160484 209506 203330 245020
desembarquepred
 350767 77705.2 442160 56443 14545.1 235398 269984 359716 431982 328869 639755 412095 363352 312120 167847 66698 60247.7 58789.4 57114.9 73184.2 50978.4 67689.5 138661 160491 209505 203327 245016
Reclutas
 71674.6 89702.9 57487.2 83318 137043 104354 154115 135254 149329 134063 67099.6 40745.8 42628.9 23971.1 19172.3 24167.4 19845.4 24197.3 27477.1 46243 56881.5 73858.5 123133 176242 82986.7 122363 183749
log_desv_Rt
 0.0598919 0.284258 -0.160682 0.21042 0.708048 0.435543 0.825456 0.694908 0.793906 0.686065 -0.00606718 -0.504892 -0.459713 -1.03539 -1.25878 -1.02724 -1.22427 -1.026 -0.898893 -0.378334 -0.171275 0.0899064 0.601022 0.959611 0.206435 0.594747 1.00133
SSB
 853397 581635 767586 1.03566e+06 1.00619e+06 1.45087e+06 2.18716e+06 2.50127e+06 2.05096e+06 1.93436e+06 1.67262e+06 1.15117e+06 704861 371094 183305 163969 204008 286557 369869 432828 633353 730609 917444 1.32802e+06 2.00476e+06 2.22167e+06 2.06368e+06
BT
 2.95402e+06 817451 1.64244e+06 1.5974e+06 1.75966e+06 1.93218e+06 4.30206e+06 3.80705e+06 3.48645e+06 2.96051e+06 2.39776e+06 1.61666e+06 1.10469e+06 593674 353062 290955 361877 495596 549860 752642 1.12184e+06 1.02235e+06 1.46213e+06 2.24552e+06 2.80783e+06 3.13649e+06 3.14711e+06
Ftot
 0.350007 0.255183 0.344866 0.0636406 0.0137392 0.143758 0.0897268 0.182845 0.213744 0.184285 0.41175 0.389661 0.617504 1.08518 0.992567 0.382227 0.268998 0.179763 0.146638 0.150386 0.0719109 0.0966874 0.115252 0.107018 0.0889388 0.0877521 0.110755
BD_Bspro_t
 0.958357 0.807365 0.785614 0.695906 0.789013 0.876945 0.853401 0.855748 0.807122 0.765261 0.718682 0.567988 0.453255 0.339626 0.222225 0.241299 0.361101 0.528841 0.644843 0.726306 0.808941 0.864584 0.869587 0.875344 0.887122 0.866921 0.857406
BD_Bspro
 0.61205 0.417145 0.550508 0.742767 0.721636 1.04055 1.56861 1.7939 1.47093 1.38731 1.19959 0.825613 0.505522 0.266146 0.131465 0.117597 0.146313 0.205517 0.265267 0.310422 0.454236 0.523988 0.657985 0.95245 1.4378 1.59337 1.48006
BD_Bo
 0.303778 0.207041 0.273233 0.368657 0.358169 0.516457 0.778549 0.890363 0.730067 0.688561 0.595391 0.409776 0.250905 0.132096 0.06525 0.0583669 0.0726193 0.102004 0.13166 0.154071 0.225451 0.260071 0.326577 0.472728 0.713622 0.790833 0.734594
BD_Brms
 0.552324 0.376439 0.496787 0.670285 0.651217 0.939013 1.41554 1.61884 1.32739 1.25193 1.08253 0.745047 0.456191 0.240175 0.118636 0.106122 0.132035 0.185462 0.239382 0.28013 0.40991 0.472856 0.593776 0.859506 1.29749 1.43788 1.33563
S_f
 0.194326 1 1 1 1
 0.194326 1 1 1 1
 0.194326 1 1 1 1
 0.194326 1 1 1 1
 0.194326 1 1 1 1
 0.194326 1 1 1 1
 0.194326 1 1 1 1
 0.194326 1 1 1 1
 0.194326 1 1 1 1
 0.194326 1 1 1 1
 0.194326 1 1 1 1
 0.194326 1 1 1 1
 0.194326 1 1 1 1
 0.194326 1 1 1 1
 0.194326 1 1 1 1
 0.194326 1 1 1 1
 0.194326 1 1 1 1
 0.194326 1 1 1 1
 0.194326 1 1 1 1
 0.194326 1 1 1 1
 0.194326 1 1 1 1
 0.194326 1 1 1 1
 0.194326 1 1 1 1
 0.194326 1 1 1 1
 0.194326 1 1 1 1
 0.194326 1 1 1 1
 0.194326 1 1 1 1
Scru_reclas
 1 1 1 1 1
 1 1 1 1 1
 1 1 1 1 1
 1 1 1 1 1
 1 1 1 1 1
 1 1 1 1 1
 1 1 1 1 1
 1 1 1 1 1
 1 1 1 1 1
 1 1 1 1 1
 1 1 1 1 1
 1 1 1 1 1
 1 1 1 1 1
 1 1 1 1 1
 1 1 1 1 1
 1 1 1 1 1
 1 1 1 1 1
 1 1 1 1 1
 1 1 1 1 1
 1 1 1 1 1
 1 1 1 1 1
 1 1 1 1 1
 1 1 1 1 1
 1 1 1 1 1
 1 1 1 1 1
 1 1 1 1 1
 1 1 1 1 1
Scru_pelaces
 1 1 1 1 1
 1 1 1 1 1
 1 1 1 1 1
 1 1 1 1 1
 1 1 1 1 1
 1 1 1 1 1
 1 1 1 1 1
 1 1 1 1 1
 1 1 1 1 1
 1 1 1 1 1
 1 1 1 1 1
 1 1 1 1 1
 1 1 1 1 1
 1 1 1 1 1
 1 1 1 1 1
 1 1 1 1 1
 1 1 1 1 1
 1 1 1 1 1
 1 1 1 1 1
 1 1 1 1 1
 1 1 1 1 1
 1 1 1 1 1
 1 1 1 1 1
 1 1 1 1 1
 1 1 1 1 1
 1 1 1 1 1
 1 1 1 1 1
pf_obs 
 0.256992 0.487395 0.22802 0.0275931 0
 0.321318 0.546541 0.124235 0.00734118 0.000564706
 0.182869 0.594174 0.210203 0.0122559 0.00049798
 0.330522 0.361315 0.267642 0.0388342 0.00168674
 0.649043 0.306663 0.0425973 0.00169635 0
 0.582887 0.30429 0.105238 0.00758474 0
 0.465427 0.430635 0.0974691 0.00646863 0
 0.296916 0.608066 0.0921331 0.00288517 0
 0.311714 0.524322 0.152257 0.0117073 0
 0.15457 0.633149 0.183074 0.0267441 0.00246327
 0.131901 0.49318 0.331252 0.0422183 0.00144891
 0.196976 0.569456 0.194076 0.0375587 0.00193317
 0.518974 0.381816 0.0799577 0.0180837 0.00116848
 0.0928022 0.601141 0.25162 0.0475244 0.00691264
 0.122501 0.610282 0.24278 0.0234846 0.000952079
 0.383417 0.481906 0.127806 0.00687128 0
 0.0376549 0.599619 0.316969 0.0457579 0
 0.0361596 0.667082 0.258105 0.0386534 0
 0.158088 0.579412 0.248529 0.0139706 0
 0.0477256 0.309471 0.559284 0.082774 0.000745712
 0.0406174 0.521527 0.379366 0.0568643 0.0016247
 0.151134 0.462217 0.34131 0.0453401 0
 0.294876 0.26143 0.354403 0.0886775 0.000613685
 0.281977 0.475581 0.204845 0.0348837 0.00271318
 0.0841818 0.532909 0.334909 0.0458182 0.00218182
 0.115287 0.27431 0.454777 0.147771 0.00785563
 0 0 0 0 0
pf_pred 
 0.381047 0.437253 0.16254 0.0191488 1.07587e-05
 0.311044 0.543158 0.102998 0.0382875 0.00451318
 0.176614 0.595441 0.179707 0.0340774 0.0141608
 0.25925 0.417958 0.23343 0.0704503 0.0189108
 0.298428 0.455714 0.138722 0.0774765 0.0296593
 0.177704 0.565532 0.166784 0.0507702 0.0392101
 0.249792 0.407219 0.235889 0.0695676 0.0375318
 0.192721 0.517361 0.15737 0.0911598 0.0413887
 0.216147 0.448221 0.215096 0.0654277 0.0551079
 0.192429 0.492713 0.180042 0.0863999 0.0484168
 0.117753 0.504223 0.230638 0.0842774 0.0631075
 0.117793 0.400628 0.275233 0.125895 0.0804508
 0.196708 0.362756 0.200057 0.13744 0.10304
 0.179882 0.51499 0.137791 0.0759907 0.0913455
 0.258565 0.487685 0.159341 0.0426336 0.051775
 0.336562 0.493775 0.111598 0.0364623 0.0216036
 0.223361 0.588018 0.140384 0.0317281 0.0165086
 0.251043 0.468962 0.211993 0.0506116 0.0173904
 0.239995 0.495415 0.165674 0.0748926 0.0240236
 0.311923 0.436694 0.163866 0.0547991 0.032718
 0.266353 0.523922 0.133104 0.049946 0.0266751
 0.259905 0.487505 0.180383 0.0458267 0.0263801
 0.311567 0.450065 0.157014 0.0580972 0.0232562
 0.297054 0.499432 0.133048 0.0464166 0.0240497
 0.118939 0.612673 0.190685 0.0507984 0.0269043
 0.202638 0.33465 0.321761 0.100143 0.0408076
 0.263755 0.424382 0.130888 0.125847 0.0551284
pobs_RECLAS
 0 0 0 0 0
 0 0 0 0 0
 0 0 0 0 0
 0 0 0 0 0
 0.835266 0.146461 0.0176864 0.000547809 3.91292e-05
 0.385257 0.428462 0.181853 0.0044286 0
 0.867414 0.0963971 0.0333333 0.00285562 0
 0.441836 0.489002 0.0689373 0.000224442 0
 0.779404 0.147425 0.0564933 0.0165055 0.000172143
 0.814271 0.122319 0.05973 0.00367925 0
 0.40263 0.566651 0.0304383 0.000280538 0
 0.475488 0.404961 0.113038 0.00651328 0
 0.955842 0.0263864 0.0167828 0.000988607 0
 0.975058 0.0227948 0.00214734 0 0
 0.738997 0.206755 0.0527124 0.00153531 0
 0.850938 0.134255 0.0134407 0.00136685 0
 0.542534 0.407297 0.0501686 0 0
 0.764087 0.199537 0.0359546 0.000420521 0
 0.470689 0.182191 0.310203 0.0369168 0
 0.84361 0.089868 0.0606195 0.00523954 0.000663233
 0.607945 0.314616 0.071237 0.00620181 0
 0.523733 0.453247 0.0230204 0 0
 0.530135 0.295979 0.169645 0.0042399 0
 0.562478 0.366248 0.0663022 0.0049721 0
 0.250443 0.683176 0.0655157 0.000865301 0
 0.195077 0.31981 0.436473 0.0351445 0.0134964
 0.565238 0.351407 0.0832357 0.000118908 0
ppred_RECLAS
 0.763899 0.166791 0.0620014 0.00730436 4.10392e-06
 0.702117 0.234844 0.044533 0.0165543 0.00195135
 0.529827 0.340011 0.102617 0.019459 0.00808618
 0.643703 0.201036 0.112279 0.0338862 0.00909601
 0.686557 0.203601 0.0619772 0.0346144 0.013251
 0.528405 0.324338 0.0956525 0.0291172 0.0224874
 0.632509 0.199477 0.115551 0.0340779 0.018385
 0.553696 0.286022 0.087002 0.0503976 0.0228817
 0.589452 0.234759 0.112658 0.0342682 0.0288631
 0.553254 0.272567 0.0995986 0.0477962 0.026784
 0.413405 0.335252 0.153349 0.056035 0.0419594
 0.413083 0.266531 0.183108 0.0837559 0.0535225
 0.568238 0.194978 0.107529 0.0738726 0.0553833
 0.553832 0.280169 0.0749625 0.0413412 0.0496946
 0.661149 0.222882 0.0728223 0.0194844 0.0236622
 0.727711 0.202655 0.0458019 0.0149649 0.00886658
 0.600461 0.302504 0.0722202 0.0163224 0.00849282
 0.635248 0.228391 0.103244 0.0246485 0.00846936
 0.620856 0.247148 0.0826498 0.0373617 0.0119847
 0.701608 0.189377 0.0710621 0.0237642 0.0141885
 0.652164 0.248401 0.0631069 0.0236803 0.0126471
 0.644884 0.233917 0.0865521 0.0219887 0.0126578
 0.700841 0.195576 0.0682307 0.0252462 0.010106
 0.686173 0.222969 0.0593987 0.0207225 0.0107369
 0.410997 0.409582 0.127476 0.0339595 0.017986
 0.567761 0.181409 0.174422 0.0542863 0.0221212
 0.649609 0.201971 0.0622917 0.0598925 0.0262366
pobs_PELACES
 0 0 0 0 0
 0 0 0 0 0
 0 0 0 0 0
 0 0 0 0 0
 0 0 0 0 0
 0 0 0 0 0
 0 0 0 0 0
 0 0 0 0 0
 0 0 0 0 0
 0 0 0 0 0
 0.450072 0.473896 0.0757376 0.000293798 0
 0 0 0 0 0
 0.463077 0.371075 0.160297 0.00555027 0
 0.529543 0.364841 0.0842815 0.0213345 0
 0.631943 0.363953 0.00410389 0 0
 0.735681 0.248677 0.0153453 0.000297389 0
 0.695825 0.281241 0.0229344 0 0
 0.275771 0.60734 0.115278 0.00161068 0
 0 0 0 0 0
 0.896147 0.0623911 0.0374545 0.00400742 0
 0.803859 0.145111 0.0509908 3.86294e-05 0
 0.739449 0.233085 0.0266225 0.000797448 4.60066e-05
 0.878498 0.100942 0.0204185 0.000141795 0
 0.694673 0.275183 0.0284847 0.00165964 0
 0.469039 0.446079 0.0841089 0.000773354 0
 0.822795 0.102175 0.0682046 0.00682512 0
 0 0 0 0 0
ppred_PELACES
 0.780269 0.155227 0.0577026 0.00679793 3.81938e-06
 0.71611 0.223812 0.0424412 0.0157767 0.00185969
 0.55259 0.32355 0.0976487 0.0185169 0.0076947
 0.647575 0.198851 0.111059 0.033518 0.00899718
 0.687342 0.20309 0.0618219 0.0345276 0.0132178
 0.537918 0.317795 0.093723 0.0285299 0.0220338
 0.638036 0.196477 0.113813 0.0335653 0.0181085
 0.565676 0.278345 0.0846668 0.0490448 0.0222675
 0.603131 0.226937 0.108904 0.0331264 0.0279014
 0.56533 0.265199 0.0969063 0.0465042 0.02606
 0.44018 0.31995 0.146349 0.0534773 0.0400442
 0.438406 0.255031 0.175207 0.0801422 0.0512133
 0.607983 0.177029 0.0976302 0.0670723 0.0502851
 0.62356 0.236384 0.0632472 0.0348803 0.0419282
 0.717545 0.185787 0.0607024 0.0162416 0.0197241
 0.747376 0.18802 0.0424941 0.0138841 0.00822624
 0.617489 0.289611 0.0691422 0.0156268 0.00813085
 0.646249 0.221502 0.10013 0.0239051 0.00821392
 0.629989 0.241194 0.0806588 0.0364617 0.011696
 0.709911 0.184108 0.0690849 0.023103 0.0137937
 0.656489 0.245313 0.0623223 0.0233859 0.0124899
 0.650749 0.230054 0.0851227 0.0216256 0.0124488
 0.707226 0.191402 0.0667745 0.0247074 0.00989029
 0.692267 0.218639 0.0582452 0.02032 0.0105284
 0.416733 0.405593 0.126235 0.0336288 0.0178108
 0.573477 0.17901 0.172116 0.0535684 0.0218287
 0.656281 0.198124 0.0611054 0.058752 0.0257369
pobs_pel_tallas
 0 0 0 0 0 0 0 0 0 0 0 0 0 0 0 0 0 0 0 0 0 0 0 0 0 0 0 0 0 0 0 0 0 0 0 0
 0 0 0 0 0 0 0 0 0 0 0 0 0 0 0 0 0 0 0 0 0 0 0 0 0 0 0 0 0 0 0 0 0 0 0 0
 0 0 0 0 0 0 0 0 0 0 0 0 0 0 0 0 0 0 0 0 0 0 0 0 0 0 0 0 0 0 0 0 0 0 0 0
 0 0 0 0 0 0 0 0 0 0 0 0 0 0 0 0 0 0 0 0 0 0 0 0 0 0 0 0 0 0 0 0 0 0 0 0
 0 0 0 0 0 0 0 0 0 0 0 0 0 0 0 0 0 0 0 0 0 0 0 0 0 0 0 0 0 0 0 0 0 0 0 0
 0 0 0 0 0 0 0 0 0 0 0 0 0 0 0 0 0 0 0 0 0 0 0 0 0 0 0 0 0 0 0 0 0 0 0 0
 0 0 0 0 0 0 0 0 0 0 0 0 0 0 0 0 0 0 0 0 0 0 0 0 0 0 0 0 0 0 0 0 0 0 0 0
 0 0 0 0 0 0 0 0 0 0 0 0 0 0 0 0 0 0 0 0 0 0 0 0 0 0 0 0 0 0 0 0 0 0 0 0
 0 0 0 0 0 0 0 0 0 0 0 0 0 0 0 0 0 0 0 0 0 0 0 0 0 0 0 0 0 0 0 0 0 0 0 0
 0 0 0 0 0 0 0 0 0 0 0 0 0 0 0 0 0 0 0 0 0 0 0 0 0 0 0 0 0 0 0 0 0 0 0 0
 0 0 0 0 0 0 0 0 1.78061e-05 0.00172719 0.00360574 0.0105946 0.0120993 0.0124554 0.0147524 0.0171206 0.0266825 0.0428682 0.0675386 0.121331 0.153587 0.119568 0.100827 0.0573624 0.0630603 0.0341343 0.0324427 0.0444173 0.0211091 0.0280891 0.0125444 0.00206551 0 0 0 0
 0 0 0 0 0 0 0 0 0 0 0 0 0 0 0 0 0 0 0 0 0 0 0 0 0 0 0 0 0 0 0 0 0 0 0 0
 0 0 0 0 0 0 0.0133647 0.0140871 0.0187388 0.0205184 0.03894 0.0496705 0.03968 0.0493445 0.0407372 0.0367815 0.0215668 0.0243155 0.0234873 0.0199281 0.019796 0.0243948 0.0301388 0.0376714 0.0412746 0.0863199 0.0771752 0.113111 0.0741005 0.0525337 0.0229764 0.00759418 0.00175318 0 0 0
 0 0 0 0 0 0 0 0 0 0 0.00219441 0.00772107 0.0458388 0.0604681 0.0671733 0.0775358 0.0609151 0.0617685 0.073594 0.0568108 0.0755445 0.0548602 0.0670107 0.0636378 0.0643287 0.046367 0.0373049 0.0286899 0.0247887 0.0153202 0.00654259 0.00121912 0.000365735 0 0 0
 0 0 0 0 0 0 0 0 0 0 0 0 0.000112435 0.00938835 0.0111873 0.0202946 0.0414886 0.0713402 0.111592 0.104902 0.108894 0.110636 0.117776 0.105296 0.107544 0.0401394 0.0192827 0.0124803 0.00416011 0.0028671 0.000618394 0 0 0 0 0
 0 0 0 0 0 0 0 0 0 0 0.00291406 0.0102884 0.027416 0.0768956 0.0749926 0.110853 0.0956884 0.0897413 0.0766577 0.0534642 0.0500743 0.0551293 0.0594112 0.0620874 0.0668451 0.0424026 0.0208742 0.0120726 0.0048766 0.00582813 0.00118941 0.000297354 0 0 0 0
 0 0.00264628 0.0354308 0.0461629 0.0458689 0.0383711 0.0214643 0.0164657 0.0346957 0.0420465 0.0363128 0.0245516 0.0311673 0.0291091 0.0169068 0.0133784 0.00837989 0.0085269 0.0148486 0.0160247 0.0276389 0.0546898 0.0760071 0.122758 0.109233 0.0665981 0.0333725 0.0166128 0.00676272 0.00308733 0.000882094 0 0 0 0 0
 0 0 0 0 0 0 0 0.000805153 0.000690131 0.00759144 0.0133425 0.0154129 0.00931677 0.000345066 0.00356568 0.00563607 0.00851162 0.0253048 0.0502646 0.0516448 0.0657925 0.0565908 0.0611916 0.0827007 0.0866115 0.110766 0.145733 0.0935128 0.0569358 0.0249597 0.0138026 0.00621118 0.00161031 0.00115022 0 0
 0 0 0 0 0 0 0 0 0 0 0 0 0 0 0 0 0 0 0 0 0 0 0 0 0 0 0 0 0 0 0 0 0 0 0 0
 0.00147267 0.00158595 0.00478618 0.00569244 0.00954404 0.0108468 0.00647125 0.017049 0.0510054 0.094081 0.124002 0.0959785 0.0687766 0.0820023 0.061753 0.0591476 0.0492212 0.0479892 0.0443925 0.0268479 0.0217502 0.0140895 0.0121071 0.0120363 0.00920419 0.00665534 0.0049561 0.00860946 0.00930331 0.0156896 0.0114698 0.00855282 0.00243557 0.00046729 0 2.83206e-05
 0 0 0 0 0.000772559 0.00158375 0.000888443 0.00281984 0.00712685 0.0440552 0.0773331 0.111326 0.0921469 0.0852325 0.0710754 0.0886704 0.0786465 0.0553345 0.0373146 0.0185414 0.00753245 0.00457741 0.012979 0.0271748 0.0457355 0.0583668 0.034881 0.0177882 0.00938659 0.00492506 0.0015258 0.00185414 0.000309023 5.79419e-05 3.86279e-05 0
 0 0.00173294 0.00326652 0 0.00397197 0.00683976 0.00946217 0.0152591 0.00757587 0.0136028 0.0228656 0.0392903 0.0559909 0.0764795 0.0681675 0.0726916 0.0566044 0.0477403 0.0527397 0.0444891 0.0609904 0.0582453 0.0661739 0.0445044 0.0529084 0.0360697 0.0280645 0.0235558 0.0158879 0.00826598 0.00280645 0.00217768 0.000904811 0.00058276 9.20147e-05 0
 0 0 0 0 0 0 0 0 0 0 0 0 0 0 0 0 0 0 0 0 0 0 0 0 0 0 0 0 0 0 0 0 0 0 0 0
 0 0 0 0 0 0 0 0 0 0 0 0 0 0 0 0 0 0 0 0 0 0 0 0 0 0 0 0 0 0 0 0 0 0 0 0
 0 0 0 0 0 0 0 0 0 0 0 0 0 0 0 0 0 0 0 0 0 0 0 0 0 0 0 0 0 0 0 0 0 0 0 0
 0 0 0 0 0 0 0 0 0 0 0 0 0 0 0 0 0 0 0 0 0 0 0 0 0 0 0 0 0 0 0 0 0 0 0 0
 0 0 0 0 0 0 0 0 0 0 0 0 0 0 0 0 0 0 0 0 0 0 0 0 0 0 0 0 0 0 0 0 0 0 0 0
ppred_pel_tallas
 1.01104e-16 3.40424e-05 0.000199806 0.000949795 0.00365678 0.0114033 0.0288039 0.0589364 0.0976929 0.131197 0.142762 0.125913 0.0901022 0.0525234 0.0253769 0.0109855 0.00562378 0.00490929 0.00615724 0.00819028 0.0105296 0.0128892 0.0150074 0.0166402 0.0176026 0.0178071 0.0172796 0.016145 0.0145897 0.0128151 0.0109965 0.0092599 0.00767716 0.00627627 0.00505775 0.00400991
 1.01305e-16 3.12475e-05 0.000183391 0.000871744 0.00335624 0.0104661 0.0264366 0.0540932 0.0896673 0.120426 0.131061 0.115638 0.0828489 0.048495 0.0238039 0.0109421 0.00652403 0.00654948 0.00855256 0.0114158 0.0146225 0.0177987 0.020575 0.0226081 0.0236468 0.0235886 0.0225006 0.020595 0.0181703 0.0155385 0.0129627 0.0106205 0.00859853 0.00690931 0.00552044 0.00438176
 1.02488e-16 2.41215e-05 0.000141545 0.000672783 0.00259015 0.00807707 0.0204022 0.0417473 0.0692069 0.0929613 0.101209 0.0893884 0.0642383 0.0379971 0.0193894 0.01016 0.00776959 0.009187 0.0125235 0.0168671 0.0216934 0.0265177 0.0308171 0.0340911 0.0359634 0.0362644 0.0350626 0.0326328 0.0293753 0.0257161 0.0220203 0.0185424 0.015418 0.0126874 0.0103327 0.00831278
 1.03214e-16 2.82582e-05 0.000165843 0.000788323 0.00303505 0.0094645 0.0239066 0.0489166 0.0810864 0.108902 0.118521 0.104578 0.0749339 0.0438812 0.0215774 0.00998923 0.00606627 0.00620691 0.0082017 0.0110643 0.014353 0.0177515 0.0209391 0.0236024 0.0254908 0.0264647 0.0265162 0.0257545 0.024363 0.0225474 0.0204907 0.0183296 0.0161523 0.0140114 0.0119423 0.00997703
 1.02748e-16 2.99923e-05 0.000176024 0.000836723 0.0032214 0.0100456 0.0253745 0.05192 0.0860646 0.115587 0.125793 0.110986 0.0795069 0.0465216 0.0228043 0.0104333 0.00615971 0.00614817 0.00804138 0.0107828 0.013899 0.0170571 0.0199283 0.0222013 0.0236398 0.0241324 0.0237113 0.0225317 0.0208229 0.0188273 0.016749 0.0147262 0.0128292 0.0110771 0.0094625 0.00797261
 1.03444e-16 2.34814e-05 0.000137788 0.000654924 0.00252139 0.00786263 0.0198606 0.040639 0.0673697 0.0904939 0.0985234 0.0870191 0.0625407 0.0370033 0.0189017 0.00993665 0.00763932 0.00906225 0.0123701 0.0166781 0.0214778 0.026299 0.0306327 0.0339914 0.0360072 0.036512 0.0355678 0.0334344 0.0304907 0.0271375 0.0237148 0.0204544 0.0174756 0.0148091 0.0124359 0.0103215
 1.0368e-16 2.78422e-05 0.000163401 0.000776713 0.00299035 0.0093251 0.0235545 0.0481961 0.0798922 0.107298 0.116776 0.103039 0.0738334 0.0432409 0.0212705 0.00986128 0.00600916 0.0061676 0.00816203 0.0110231 0.0143181 0.0177375 0.0209663 0.0236962 0.0256784 0.0267718 0.0269635 0.0263532 0.0251131 0.0234361 0.021494 0.0194142 0.017279 0.0151396 0.0130334 0.0109975
 1.04019e-16 2.46901e-05 0.000144888 0.000688686 0.0026514 0.00826807 0.0208847 0.042734 0.070841 0.0951517 0.103581 0.0914545 0.0656595 0.0387099 0.0195181 0.00984794 0.00707944 0.0080971 0.0109715 0.0147974 0.019094 0.0234456 0.0274102 0.0305628 0.0325804 0.0333095 0.0327925 0.0312399 0.028962 0.0262867 0.0234891 0.0207542 0.018175 0.0157758 0.0135462 0.0114703
 1.04062e-16 2.63213e-05 0.00015447 0.000734246 0.00282684 0.00881517 0.0222665 0.045561 0.0755254 0.101437 0.110408 0.0974432 0.0698751 0.0410266 0.0203749 0.00977126 0.00639451 0.00690502 0.00924851 0.0124926 0.0161919 0.0199996 0.0235544 0.0265042 0.0285711 0.0296066 0.0296139 0.0287288 0.0271692 0.0251733 0.0229469 0.0206367 0.0183283 0.0160641 0.0138668 0.0117577
 1.04278e-16 2.46746e-05 0.000144798 0.000688259 0.00264976 0.00826296 0.0208717 0.0427075 0.0707967 0.0950911 0.103513 0.0913875 0.0655975 0.0386455 0.0194345 0.00972293 0.0068889 0.00781756 0.0105838 0.0142918 0.0184765 0.0227426 0.0266698 0.0298515 0.0319741 0.0328812 0.0325994 0.0313126 0.0293001 0.0268595 0.0242427 0.0216219 0.0190881 0.0166728 0.0143794 0.0122079
 1.05891e-16 1.92197e-05 0.000112768 0.000535974 0.0020634 0.00643442 0.0162531 0.0332578 0.0551355 0.0740668 0.0806556 0.071278 0.0513157 0.0305397 0.0159305 0.00891563 0.00751418 0.00934983 0.0129432 0.0175697 0.0227834 0.0281387 0.0331353 0.03728 0.0401837 0.0416401 0.0416568 0.0404275 0.0382603 0.0354899 0.0324037 0.0292033 0.026004 0.0228598 0.0197976 0.0168447
 1.07717e-16 1.91398e-05 0.000112305 0.000533783 0.00205499 0.0064082 0.0161868 0.0331217 0.0549081 0.0737562 0.0803038 0.0709347 0.0509983 0.0302105 0.0155033 0.00827629 0.00653723 0.0079116 0.0109394 0.0149418 0.0195497 0.0244205 0.0291662 0.0333919 0.0367661 0.0390805 0.0402764 0.0404263 0.039687 0.0382402 0.0362466 0.033825 0.0310588 0.0280156 0.0247709 0.0214204
 1.06098e-16 2.65308e-05 0.000155704 0.000740126 0.00284949 0.00888583 0.0224449 0.0459257 0.0761285 0.102243 0.111272 0.0981786 0.0703414 0.0411777 0.0202227 0.00932218 0.00561321 0.00571895 0.00757495 0.0102719 0.0134189 0.0167481 0.0199891 0.0228742 0.0251832 0.0267832 0.0276447 0.0278269 0.027442 0.0266126 0.025439 0.0239858 0.0222887 0.0203717 0.0182679 0.0160304
 1.04133e-16 2.72124e-05 0.0001597 0.000759113 0.00292257 0.00911373 0.0230207 0.0471041 0.0780832 0.104873 0.114146 0.10074 0.0722347 0.0424023 0.0210387 0.0100545 0.00652725 0.00699696 0.00933045 0.0125534 0.0161951 0.01989 0.023263 0.0259572 0.0277034 0.0283763 0.0280162 0.0268035 0.0250006 0.0228801 0.0206663 0.0185033 0.0164556 0.01453 0.0127067 0.0109658
 1.02402e-16 3.13086e-05 0.000183753 0.000873472 0.0033629 0.0104869 0.0264891 0.0542003 0.0898438 0.12066 0.131307 0.115835 0.0829472 0.0484659 0.0236292 0.010594 0.00595576 0.00570087 0.00736568 0.00985529 0.0126964 0.0155741 0.0181848 0.0202424 0.02153 0.0219453 0.0215186 0.0203938 0.0187836 0.0169136 0.0149749 0.0130979 0.0113502 0.0097509 0.00829295 0.00696264
 1.01527e-16 3.26094e-05 0.00019139 0.000909778 0.00350269 0.0109228 0.0275902 0.0564533 0.0935781 0.125674 0.136762 0.120642 0.0863783 0.0504482 0.0245528 0.0109335 0.00603776 0.00567808 0.00728165 0.00970279 0.0124459 0.015184 0.017606 0.0194229 0.0204217 0.0205115 0.0197416 0.0182808 0.0163697 0.0142603 0.012165 0.0102272 0.00851743 0.00704793 0.00579654 0.0047289
 1.01993e-16 2.69499e-05 0.000158154 0.000751751 0.00289421 0.00902527 0.0227973 0.0466475 0.0773278 0.103863 0.113059 0.0998113 0.071634 0.0421809 0.0211719 0.0105208 0.00735392 0.00825588 0.0111074 0.0149109 0.0191383 0.0233404 0.0270459 0.0298097 0.0313019 0.0313818 0.0301255 0.027795 0.0247644 0.0214274 0.0181179 0.015064 0.0123809 0.0100922 0.00816655 0.00655049
 1.02699e-16 2.82013e-05 0.000165507 0.000786721 0.00302888 0.00944523 0.023858 0.0488172 0.0809223 0.108684 0.118289 0.104384 0.074821 0.0438668 0.0216661 0.0101898 0.00640093 0.0067085 0.00890317 0.0119857 0.0154888 0.0190609 0.0223426 0.0249871 0.0267241 0.0274149 0.0270752 0.0258558 0.0239923 0.0217421 0.0193306 0.016921 0.0146109 0.0124461 0.0104442 0.00861276
 1.03023e-16 2.7493e-05 0.000161347 0.000766941 0.00295271 0.00920771 0.0232581 0.0475899 0.0788885 0.105954 0.115324 0.101782 0.0729851 0.0428501 0.0212745 0.0101899 0.00664525 0.0071456 0.0095356 0.0128288 0.0165455 0.020309 0.0237311 0.0264402 0.0281529 0.0287334 0.0282168 0.0267854 0.0247109 0.0222828 0.0197475 0.0172748 0.014955 0.0128178 0.0108599 0.0090698
 1.0248e-16 3.09756e-05 0.000181798 0.00086418 0.00332713 0.0103753 0.0262073 0.0536238 0.0888881 0.119376 0.129911 0.114605 0.0820678 0.0479562 0.0233886 0.0105003 0.00592456 0.00569252 0.00736908 0.00987345 0.0127395 0.0156569 0.0183253 0.0204595 0.0218408 0.0223615 0.022043 0.0210184 0.0194893 0.0176715 0.0157501 0.0138537 0.0120528 0.0103734 0.00881801 0.00738323
 1.02352e-16 2.86487e-05 0.000168131 0.000799193 0.00307689 0.00959496 0.0242362 0.0495913 0.0822059 0.110409 0.12017 0.106053 0.0760363 0.0446171 0.0221057 0.0105092 0.00674549 0.00716522 0.00951526 0.0127624 0.0164044 0.0200506 0.0233027 0.0257844 0.0272154 0.0274718 0.02661 0.0248407 0.0224666 0.0198063 0.0171287 0.0146159 0.0123587 0.0103761 0.00864569 0.00713175
 1.02609e-16 2.83978e-05 0.00016666 0.000792201 0.00304998 0.00951102 0.0240242 0.0491573 0.0814863 0.109442 0.119115 0.105116 0.0753518 0.0441904 0.0218484 0.0103121 0.00652403 0.00686731 0.00911375 0.0122504 0.0157969 0.0193875 0.0226488 0.0252239 0.0268396 0.0273638 0.0268281 0.0254059 0.0233582 0.0209651 0.0184676 0.0160351 0.0137614 0.0116811 0.0097955 0.0080948
 1.02322e-16 3.08589e-05 0.000181112 0.000860916 0.00331456 0.0103361 0.0261083 0.0534212 0.0885526 0.118927 0.129423 0.114179 0.0817721 0.0478022 0.0233486 0.0105415 0.00602979 0.00586139 0.00760953 0.0101931 0.0131392 0.0161269 0.0188436 0.020993 0.0223492 0.0228036 0.0223832 0.0212323 0.0195669 0.0176178 0.0155823 0.0135972 0.0117367 0.0100264 0.00846513 0.00704431
 1.02089e-16 3.02077e-05 0.000177287 0.000842724 0.00324451 0.0101177 0.0255565 0.0522924 0.0866823 0.116418 0.1267 0.111793 0.0801006 0.0468996 0.0230462 0.0106384 0.00640769 0.00649249 0.00851481 0.0114 0.0146532 0.0179154 0.0208292 0.0230584 0.0243521 0.0245984 0.0238458 0.0222799 0.0201693 0.0177969 0.015402 0.0131477 0.0111165 0.00932721 0.00776227 0.00639176
 1.03912e-16 1.82008e-05 0.000106778 0.00050748 0.00195366 0.00609218 0.0153887 0.0314899 0.0522076 0.0701424 0.0764055 0.0675776 0.0487725 0.0292683 0.0157095 0.00948899 0.00876951 0.0113235 0.0157407 0.0212792 0.0274088 0.0335557 0.0390733 0.0433367 0.0458735 0.0464662 0.0451921 0.0423827 0.0385241 0.0341333 0.0296517 0.025385 0.021495 0.0180299 0.0149714 0.0122782
 1.05363e-16 2.50265e-05 0.000146872 0.000698135 0.00268781 0.00838164 0.0211714 0.04332 0.0718097 0.0964445 0.104967 0.092626 0.0663879 0.0389138 0.0192067 0.00901914 0.00566474 0.00597291 0.00800922 0.0109238 0.0143472 0.0180154 0.021649 0.0249596 0.027695 0.0296804 0.0308396 0.0311875 0.030802 0.0297895 0.0282565 0.0262973 0.0239966 0.0214394 0.0187209 0.0159482
 1.04154e-16 2.86376e-05 0.000168071 0.000798917 0.00307584 0.0095917 0.0242279 0.049574 0.082176 0.110365 0.120111 0.105977 0.0759273 0.0444444 0.021819 0.0100397 0.00600966 0.00607277 0.00798451 0.0107419 0.0138976 0.0171367 0.0201461 0.0226268 0.0243489 0.0251975 0.0251912 0.0244611 0.0232043 0.0216269 0.0198979 0.0181254 0.0163596 0.0146111 0.0128766 0.0111588
pSPR Fmed_Fpbrs
0.442996   0.6 0.325
Fs Fmed_Fpbrs
0.64   0.344782 1.05221
SSBpbr Bo_Bmed_Bpbrs
2.80927e+06  1.10403e+06  1.5451e+06 772550
Ro
67507.9
SPR SPRFo_SPRFmed_SPRFpbrs
1.39432e+06 617680 453155
log_Ro
10.94
likeval ReclasPelacesDesembMPH_pf_preclas_ppelaces_ptallas_desvR_qrecl_qpela
 63.8541 24.2639 0.0352483 0.000648355 339.576 221.987 54.9935 0 18.7639 9.20799e-05 1.50332e-06 9.55187e-16 0 0 0
q_reclas_q_pelaces
0.25672 1.19058
M
0.7
N
 71674.6 18019.2 6698.3 789.124 0.443365
 89702.9 33252.2 6305.56 2343.97 276.298
 57487.2 42390.1 12793.5 2426.01 1008.13
 83318 26696.9 14910.2 4499.97 1207.92
 137043 40866 12439.9 6947.68 2659.69
 104354 67871.9 20016.5 6093.15 4705.78
 154115 50393 29191.1 8608.93 4644.53
 135254 75208.5 22876.8 13251.9 6016.66
 149329 64820.5 31106.6 9461.97 7969.54
 134063 71137.5 25994.3 12474.3 6990.38
 67099.6 64231.8 29380.5 10735.9 8039.12
 40745.8 30758.4 21131.2 9665.67 6176.66
 42628.9 18758.2 10345 7107.05 5328.26
 23971.1 18775.2 5023.51 2770.42 3330.21
 19172.3 9640.48 3149.84 842.775 1023.48
 24167.4 7850.55 1774.3 579.717 343.478
 19845.4 11142.1 2660.08 601.202 312.815
 24197.3 9353.01 4228.01 1009.4 346.836
 27477.1 11603.5 3880.39 1754.12 562.678
 46243 13261.4 4976.22 1664.12 993.57
 56881.5 22302.2 5665.93 2126.09 1135.5
 73858.5 27854.5 10306.5 2618.39 1507.28
 123133 35994.4 12557.4 4646.38 1859.93
 176242 59791.9 15928.5 5556.98 2879.22
 82986.7 85717.7 26678.4 7107.09 3764.12
 122363 40503.8 38943.8 12120.7 4939.08
 183749 59736.3 18423.8 17714.2 7759.91
pred_Ctot
 3402.69 3904.61 1451.46 170.996 0.0960734
 3129.96 5465.67 1036.45 385.279 45.4151
 2690.24 9069.93 2737.34 519.078 215.702
 736.988 1188.16 663.587 200.274 53.759
 262.824 401.345 122.172 68.2331 26.1208
 2070.85 6590.37 1943.61 591.646 456.931
 1917.71 3126.32 1810.98 534.087 288.14
 3402.45 9133.91 2778.34 1609.41 730.71
 4379.78 9082.27 4358.47 1325.76 1116.65
 3398.62 8702.15 3179.84 1525.97 855.123
 3727.87 15962.8 7301.61 2668.08 1997.88
 2146.3 7299.81 5015 2293.93 1465.89
 3490.71 6437.35 3550.14 2438.96 1828.52
 3317.72 9498.37 2541.4 1401.56 1684.76
 2445.74 4612.94 1507.19 403.266 489.733
 1249.53 1833.2 414.32 135.371 80.2063
 729.085 1919.38 458.235 103.565 53.8867
 598.604 1118.23 505.492 120.682 41.4669
 556.056 1147.85 383.858 173.523 55.6616
 959.434 1343.21 504.029 168.555 100.636
 568.125 1117.52 283.907 106.534 56.8974
 989.754 1856.49 686.923 174.514 100.459
 1963.77 2836.71 989.644 366.18 146.581
 2611.79 4391.15 1169.8 408.108 211.452
 1023.63 5272.92 1641.12 437.192 231.55
 1489.35 2459.62 2364.88 736.035 299.928
 2817.22 4532.91 1398.04 1344.19 588.838
F
 0.0680155 0.350007 0.350007 0.350007 0.350007
 0.0495887 0.255183 0.255183 0.255183 0.255183
 0.0670164 0.344866 0.344866 0.344866 0.344866
 0.012367 0.0636406 0.0636406 0.0636406 0.0636406
 0.00266989 0.0137392 0.0137392 0.0137392 0.0137392
 0.0279359 0.143758 0.143758 0.143758 0.143758
 0.0174363 0.0897268 0.0897268 0.0897268 0.0897268
 0.0355316 0.182845 0.182845 0.182845 0.182845
 0.0415361 0.213744 0.213744 0.213744 0.213744
 0.0358113 0.184285 0.184285 0.184285 0.184285
 0.0800137 0.41175 0.41175 0.41175 0.41175
 0.0757213 0.389661 0.389661 0.389661 0.389661
 0.119997 0.617504 0.617504 0.617504 0.617504
 0.210879 1.08518 1.08518 1.08518 1.08518
 0.192882 0.992567 0.992567 0.992567 0.992567
 0.0742767 0.382227 0.382227 0.382227 0.382227
 0.0522733 0.268998 0.268998 0.268998 0.268998
 0.0349326 0.179763 0.179763 0.179763 0.179763
 0.0284956 0.146638 0.146638 0.146638 0.146638
 0.0292239 0.150386 0.150386 0.150386 0.150386
 0.0139742 0.0719109 0.0719109 0.0719109 0.0719109
 0.0187889 0.0966874 0.0966874 0.0966874 0.0966874
 0.0223965 0.115252 0.115252 0.115252 0.115252
 0.0207963 0.107018 0.107018 0.107018 0.107018
 0.0172831 0.0889388 0.0889388 0.0889388 0.0889388
 0.0170525 0.0877521 0.0877521 0.0877521 0.0877521
 0.0215225 0.110755 0.110755 0.110755 0.110755
Np
 55561.7 25803.1 31414.4 9340.9 3894.33
YTP_r0W_actual
 70494.7 276020 123754 151955 73869.6
YTP_p0W_proyectada
 21316.1 412643 178365 70253.4 108280
 21316.1 119227 211012 80127.7 37071.7
CTP_r0_actual
 8596.91 12778.7 3941.2 3789.41 1659.99
CTP_p0_proyectada
 2599.52 19103.9 5680.43 1751.95 2433.27
 2599.52 5519.77 6720.13 1998.2 833.071
Wmedp
 8.2 21.6 31.4 40.1 44.5
nmprior
 10.8 10.6 4.6 0
nm_flota  nm_reclas  nm_pelaces    nm_pelaL
inf 11.7951 19.8596 65.6385
cv_recla  cv_pelaces  cv_mph
0.69203 0.539599 0.680522
 ------------------------------------------------
Talla a la edad & desviaci?n 
 7.2 14.2025 17.0495 18.207 18.6776
 1.08 2.13037 2.55742 2.73105 2.80164
