years
 1997 1998 1999 2000 2001 2002 2003 2004 2005 2006 2007 2008 2009 2010 2011 2012 2013 2014 2015 2016 2017 2018 2019 2020 2021 2022 2023
reclasobs
 0 0 0 370054 412103 1.49427e+06 250295 1.28982e+06 931140 785840 897777 1.04006e+06 184774 17550 25797 100020 73551 82996 120727 218422 84188 347160 605670 569463 516374 1.08416e+06 1.01767e+06
reclaspred
 460503 130096 414297 290988 407285 494018 1.0648e+06 699278 753867 673927 530789 351707 213149 92988.3 62451.9 64694 81920.2 115642 127229 179150 257740 236795 411558 564032 717935 721756 740782
pelacesobs
 0 0 0 0 0 0 0 0 0 2.06254e+06 1.5e+06 0 1.87456e+06 323000 250000 174000 83755 137374 0 501740 490994 745055 786931 1.00524e+06 1.33801e+06 1.41789e+06 0
pelacespred
 1.8937e+06 449016 878873 942334 1.14005e+06 1.11143e+06 2.78725e+06 2.26299e+06 2.16456e+06 1.94216e+06 1.33791e+06 911091 551795 192419 133700 148802 197835 286108 317084 444056 715966 629835 898591 1.39378e+06 1.73152e+06 1.91424e+06 1.88381e+06
mphobs
 0 0 0 0 0 112323 0 153150 637223 0 255016 313432 73983 77613 109348 50772 17779 17303 59886 28197 0 207744 136588 643089 65757 70829 0
mphpred
 128382 81663.1 102873 127619 128954 194562 290091 340668 284464 279036 255195 174349 105565 54487.3 24480.9 21466.1 26772 37308.9 48271 56814.4 84220.7 99126.5 124362 179440 271016 296181 272681
desembarqueobs
 350755 77701 442110 56441 14545 235359 269955 359681 431902 328805 639364 411747 362871 311530 167758 66681 60226 58785 57116 73181 50977 67692 138656 160484 209506 203330 245020
desembarquepred
 350767 77705.2 442161 56443.7 14545.2 235412 269995 359714 431982 328859 639648 412023 363249 311981 167772 66694.5 60252.2 58788.2 57112.5 73183.9 50978.8 67687.8 138662 160493 209502 203325 245013
Reclutas
 54510.5 67061.4 40572.9 58704.5 99799 74687 118146 107584 126947 125073 64802.1 41059.5 43944.3 23835.9 17195.4 18888.1 14725.9 17890.6 20300.5 33426 41907.3 54043.7 89419.8 127568 59780.7 87982.7 131511
log_desv_Rt
 0.0261493 0.233364 -0.269145 0.100272 0.630913 0.341061 0.799674 0.706024 0.871528 0.856652 0.199094 -0.257223 -0.189322 -0.801051 -1.12761 -1.03371 -1.28264 -1.08797 -0.9616 -0.46291 -0.236784 0.0175479 0.521098 0.876405 0.118438 0.504896 0.906842
SSB
 656656 417695 526180 652751 659580 995159 1.48377e+06 1.74247e+06 1.45499e+06 1.42723e+06 1.30528e+06 891770 539952 278695 125216 109796 136935 190830 246899 290598 430777 507018 636095 917812 1.38621e+06 1.51492e+06 1.39472e+06
BT
 2.26715e+06 599727 1.15721e+06 1.04286e+06 1.20022e+06 1.34578e+06 3.08987e+06 2.7693e+06 2.65345e+06 2.34407e+06 1.97545e+06 1.32997e+06 930350 496158 279041 209644 254997 345394 379345 522343 788460 720690 1.03328e+06 1.58376e+06 1.96693e+06 2.17294e+06 2.17221e+06
Ftot
 0.47433 0.367438 0.527973 0.102115 0.0210232 0.212952 0.134451 0.266346 0.307498 0.251791 0.535932 0.511509 0.831698 1.52596 1.54379 0.590039 0.408818 0.276901 0.222205 0.227249 0.106708 0.140845 0.168256 0.157039 0.129892 0.130173 0.166114
BD_Bspro_t
 0.944018 0.750664 0.714391 0.592446 0.711198 0.829716 0.7977 0.804224 0.746913 0.704915 0.662536 0.500636 0.383201 0.271399 0.158635 0.169536 0.265391 0.415689 0.53765 0.633547 0.738698 0.813615 0.820983 0.828663 0.8444 0.816118 0.802416
BD_Bspro
 0.598694 0.380826 0.479735 0.595134 0.60136 0.907318 1.3528 1.58866 1.32656 1.30125 1.19007 0.813055 0.492292 0.254095 0.114164 0.100105 0.124848 0.173985 0.225106 0.264947 0.392753 0.462264 0.579948 0.836798 1.26385 1.3812 1.27161
BD_Bo
 0.337103 0.214429 0.270122 0.335099 0.338605 0.510878 0.761715 0.894519 0.74694 0.732689 0.670086 0.457802 0.277192 0.143072 0.0642814 0.0563653 0.0702975 0.097965 0.126749 0.149182 0.221145 0.260285 0.326548 0.471171 0.711629 0.777706 0.716
BD_Brms
 0.612915 0.389872 0.49113 0.60927 0.615645 0.92887 1.38494 1.6264 1.35807 1.33216 1.21834 0.832368 0.503985 0.26013 0.116875 0.102482 0.127814 0.178118 0.230453 0.27124 0.402082 0.473245 0.593724 0.856675 1.29387 1.41401 1.30182
S_f
 0.176206 1 1 1 1
 0.176206 1 1 1 1
 0.176206 1 1 1 1
 0.176206 1 1 1 1
 0.176206 1 1 1 1
 0.176206 1 1 1 1
 0.176206 1 1 1 1
 0.176206 1 1 1 1
 0.176206 1 1 1 1
 0.176206 1 1 1 1
 0.176206 1 1 1 1
 0.176206 1 1 1 1
 0.176206 1 1 1 1
 0.176206 1 1 1 1
 0.176206 1 1 1 1
 0.176206 1 1 1 1
 0.176206 1 1 1 1
 0.176206 1 1 1 1
 0.176206 1 1 1 1
 0.176206 1 1 1 1
 0.176206 1 1 1 1
 0.176206 1 1 1 1
 0.176206 1 1 1 1
 0.176206 1 1 1 1
 0.176206 1 1 1 1
 0.176206 1 1 1 1
 0.176206 1 1 1 1
Scru_reclas
 0.874856 1 1 1 1
 0.874856 1 1 1 1
 0.874856 1 1 1 1
 0.874856 1 1 1 1
 0.874856 1 1 1 1
 0.874856 1 1 1 1
 0.874856 1 1 1 1
 0.874856 1 1 1 1
 0.874856 1 1 1 1
 0.874856 1 1 1 1
 0.874856 1 1 1 1
 0.874856 1 1 1 1
 0.874856 1 1 1 1
 0.874856 1 1 1 1
 0.874856 1 1 1 1
 0.874856 1 1 1 1
 0.874856 1 1 1 1
 0.874856 1 1 1 1
 0.874856 1 1 1 1
 0.874856 1 1 1 1
 0.874856 1 1 1 1
 0.874856 1 1 1 1
 0.874856 1 1 1 1
 0.874856 1 1 1 1
 0.874856 1 1 1 1
 0.874856 1 1 1 1
 0.874856 1 1 1 1
Scru_pelaces
 1 1 1 1 1
 1 1 1 1 1
 1 1 1 1 1
 1 1 1 1 1
 1 1 1 1 1
 1 1 1 1 1
 1 1 1 1 1
 1 1 1 1 1
 1 1 1 1 1
 1 1 1 1 1
 1 1 1 1 1
 1 1 1 1 1
 1 1 1 1 1
 1 1 1 1 1
 1 1 1 1 1
 1 1 1 1 1
 1 1 1 1 1
 1 1 1 1 1
 1 1 1 1 1
 1 1 1 1 1
 1 1 1 1 1
 1 1 1 1 1
 1 1 1 1 1
 1 1 1 1 1
 1 1 1 1 1
 1 1 1 1 1
 1 1 1 1 1
pf_obs 
 0.256992 0.487395 0.22802 0.0275931 0
 0.321318 0.546541 0.124235 0.00734118 0.000564706
 0.182869 0.594174 0.210203 0.0122559 0.00049798
 0.330522 0.361315 0.267642 0.0388342 0.00168674
 0.649043 0.306663 0.0425973 0.00169635 0
 0.582887 0.30429 0.105238 0.00758474 0
 0.465427 0.430635 0.0974691 0.00646863 0
 0.296916 0.608066 0.0921331 0.00288517 0
 0.311714 0.524322 0.152257 0.0117073 0
 0.15457 0.633149 0.183074 0.0267441 0.00246327
 0.131901 0.49318 0.331252 0.0422183 0.00144891
 0.196976 0.569456 0.194076 0.0375587 0.00193317
 0.518974 0.381816 0.0799577 0.0180837 0.00116848
 0.0928022 0.601141 0.25162 0.0475244 0.00691264
 0.122501 0.610282 0.24278 0.0234846 0.000952079
 0.383417 0.481906 0.127806 0.00687128 0
 0.0376549 0.599619 0.316969 0.0457579 0
 0.0361596 0.667082 0.258105 0.0386534 0
 0.158088 0.579412 0.248529 0.0139706 0
 0.0477256 0.309471 0.559284 0.082774 0.000745712
 0.0406174 0.521527 0.379366 0.0568643 0.0016247
 0.151134 0.462217 0.34131 0.0453401 0
 0.294876 0.26143 0.354403 0.0886775 0.000613685
 0.281977 0.475581 0.204845 0.0348837 0.00271318
 0.0841818 0.532909 0.334909 0.0458182 0.00218182
 0.115287 0.27431 0.454777 0.147771 0.00785563
 0 0 0 0 0
pf_pred 
 0.359711 0.452358 0.168122 0.0197978 1.10854e-05
 0.301556 0.558747 0.0986948 0.0366807 0.00432187
 0.169776 0.618234 0.169589 0.0299555 0.012445
 0.259428 0.443789 0.221002 0.0606236 0.0151571
 0.294901 0.4765 0.136988 0.0682188 0.0233919
 0.168657 0.586591 0.165401 0.047551 0.0317997
 0.255064 0.417055 0.231351 0.0652342 0.0312959
 0.196835 0.541418 0.14654 0.0812894 0.0339176
 0.230298 0.470941 0.201397 0.0545099 0.0428547
 0.210936 0.522759 0.162938 0.0696801 0.0336866
 0.127167 0.550452 0.213579 0.0665702 0.0422317
 0.13217 0.448511 0.264443 0.102606 0.0522696
 0.223326 0.407628 0.19073 0.112455 0.0658611
 0.201966 0.567119 0.121193 0.0567067 0.0530159
 0.289987 0.539304 0.121314 0.0259248 0.023471
 0.343845 0.549471 0.0810334 0.0182281 0.007422
 0.220257 0.622324 0.131825 0.0194409 0.00615375
 0.252367 0.493945 0.202471 0.0428887 0.00832713
 0.238816 0.521983 0.158036 0.0647797 0.0163863
 0.304269 0.461934 0.160326 0.0485404 0.02493
 0.261029 0.542476 0.130464 0.0452809 0.0207502
 0.249565 0.508855 0.177344 0.0426505 0.0215865
 0.299323 0.468288 0.157578 0.0549184 0.0198924
 0.285369 0.517339 0.131858 0.0443699 0.0210648
 0.112702 0.629227 0.186824 0.0476171 0.0236301
 0.195363 0.348929 0.323164 0.095951 0.0365918
 0.254937 0.442664 0.131135 0.121452 0.0498125
pobs_RECLAS
 0 0 0 0 0
 0 0 0 0 0
 0 0 0 0 0
 0 0 0 0 0
 0.835266 0.146461 0.0176864 0.000547809 3.91292e-05
 0.385257 0.428462 0.181853 0.0044286 0
 0.867414 0.0963971 0.0333333 0.00285562 0
 0.441836 0.489002 0.0689373 0.000224442 0
 0.779404 0.147425 0.0564933 0.0165055 0.000172143
 0.814271 0.122319 0.05973 0.00367925 0
 0.40263 0.566651 0.0304383 0.000280538 0
 0.475488 0.404961 0.113038 0.00651328 0
 0.955842 0.0263864 0.0167828 0.000988607 0
 0.975058 0.0227948 0.00214734 0 0
 0.738997 0.206755 0.0527124 0.00153531 0
 0.850938 0.134255 0.0134407 0.00136685 0
 0.542534 0.407297 0.0501686 0 0
 0.764087 0.199537 0.0359546 0.000420521 0
 0.470689 0.182191 0.310203 0.0369168 0
 0.84361 0.089868 0.0606195 0.00523954 0.000663233
 0.607945 0.314616 0.071237 0.00620181 0
 0.523733 0.453247 0.0230204 0 0
 0.530135 0.295979 0.169645 0.0042399 0
 0.562478 0.366248 0.0663022 0.0049721 0
 0.250443 0.683176 0.0655157 0.000865301 0
 0.195077 0.31981 0.436473 0.0351445 0.0134964
 0.565238 0.351407 0.0832357 0.000118908 0
ppred_RECLAS
 0.742145 0.182172 0.0677056 0.00797289 4.46429e-06
 0.686818 0.250541 0.0442546 0.0164476 0.00193792
 0.512793 0.362804 0.0995215 0.0175791 0.00730319
 0.636161 0.218031 0.108577 0.0297841 0.00744658
 0.675184 0.219508 0.063106 0.0314261 0.0107759
 0.504789 0.349418 0.0985256 0.028325 0.0189423
 0.631286 0.206425 0.11451 0.0322883 0.0154902
 0.552724 0.301511 0.0816067 0.0452694 0.0188884
 0.602077 0.243468 0.104119 0.0281807 0.0221552
 0.573855 0.282323 0.0879969 0.0376317 0.0181929
 0.428703 0.360288 0.139794 0.0435723 0.0276419
 0.439066 0.289901 0.170927 0.0663208 0.0337852
 0.60402 0.207825 0.0972419 0.0573341 0.0335787
 0.595821 0.287228 0.0613807 0.0287202 0.0268509
 0.704644 0.224343 0.0504649 0.0107844 0.00976363
 0.730629 0.225574 0.0332666 0.00748316 0.00304695
 0.590066 0.327174 0.0693041 0.0102206 0.00323521
 0.630084 0.244396 0.100179 0.0212206 0.00412012
 0.612005 0.266068 0.0805547 0.0330199 0.0083525
 0.687447 0.207521 0.0720257 0.0218065 0.0111997
 0.638142 0.265639 0.0638851 0.022173 0.0101609
 0.624563 0.254576 0.0887236 0.0213377 0.0107996
 0.681574 0.212816 0.0716123 0.024958 0.00904022
 0.666606 0.241352 0.0615149 0.0206997 0.00982725
 0.388368 0.433738 0.128782 0.0328234 0.0162887
 0.548286 0.195885 0.181421 0.0538659 0.0205423
 0.631568 0.218896 0.064846 0.0600577 0.0246321
pobs_PELACES
 0 0 0 0 0
 0 0 0 0 0
 0 0 0 0 0
 0 0 0 0 0
 0 0 0 0 0
 0 0 0 0 0
 0 0 0 0 0
 0 0 0 0 0
 0 0 0 0 0
 0 0 0 0 0
 0.450072 0.473896 0.0757376 0.000293798 0
 0 0 0 0 0
 0.463077 0.371075 0.160297 0.00555027 0
 0.529543 0.364841 0.0842815 0.0213345 0
 0.631943 0.363953 0.00410389 0 0
 0.735681 0.248677 0.0153453 0.000297389 0
 0.695825 0.281241 0.0229344 0 0
 0.275771 0.60734 0.115278 0.00161068 0
 0 0 0 0 0
 0.896147 0.0623911 0.0374545 0.00400742 0
 0.803859 0.145111 0.0509908 3.86294e-05 0
 0.739449 0.233085 0.0266225 0.000797448 4.60066e-05
 0.878498 0.100942 0.0204185 0.000141795 0
 0.694673 0.275183 0.0284847 0.00165964 0
 0.469039 0.446079 0.0841089 0.000773354 0
 0.822795 0.102175 0.0682046 0.00682512 0
 0 0 0 0 0
ppred_PELACES
 0.789147 0.148966 0.0553642 0.00651959 3.65054e-06
 0.734753 0.212195 0.0374812 0.0139302 0.00164131
 0.581372 0.311735 0.0855128 0.0151046 0.0062752
 0.67265 0.196165 0.097688 0.026797 0.00669977
 0.704983 0.19937 0.0573168 0.0285431 0.00978732
 0.552492 0.315759 0.0890348 0.0255965 0.0171176
 0.669956 0.184776 0.1025 0.028902 0.0138656
 0.602953 0.267651 0.0724423 0.0401856 0.0167672
 0.652811 0.212427 0.090844 0.0245878 0.0193305
 0.622399 0.250163 0.0779729 0.0333449 0.0161205
 0.498062 0.316547 0.122823 0.0382824 0.0242861
 0.506949 0.254818 0.150241 0.0582948 0.0296966
 0.686119 0.164736 0.0770806 0.0454469 0.0266167
 0.718415 0.200107 0.0427629 0.0200089 0.0187066
 0.805791 0.147515 0.0331828 0.00709117 0.00642
 0.784471 0.180486 0.0266172 0.00598742 0.00243792
 0.647729 0.281153 0.0595555 0.00878297 0.00278013
 0.677335 0.213178 0.0873831 0.01851 0.00359385
 0.656977 0.235229 0.0712178 0.0291926 0.00738438
 0.727839 0.180703 0.0627177 0.0189884 0.00975232
 0.674809 0.238722 0.0574118 0.0199263 0.00913133
 0.66395 0.227869 0.0794157 0.0190992 0.0096666
 0.71919 0.187675 0.0631525 0.0220096 0.00797227
 0.704592 0.213853 0.0545061 0.0183412 0.00870756
 0.429186 0.404792 0.120187 0.0306329 0.0152016
 0.589725 0.177915 0.164778 0.0489243 0.0186578
 0.672123 0.194801 0.0577081 0.0534469 0.0219207
pobs_pel_tallas
 0 0 0 0 0 0 0 0 0 0 0 0 0 0 0 0 0 0 0 0 0 0 0 0 0 0 0 0 0 0 0 0 0 0 0 0
 0 0 0 0 0 0 0 0 0 0 0 0 0 0 0 0 0 0 0 0 0 0 0 0 0 0 0 0 0 0 0 0 0 0 0 0
 0 0 0 0 0 0 0 0 0 0 0 0 0 0 0 0 0 0 0 0 0 0 0 0 0 0 0 0 0 0 0 0 0 0 0 0
 0 0 0 0 0 0 0 0 0 0 0 0 0 0 0 0 0 0 0 0 0 0 0 0 0 0 0 0 0 0 0 0 0 0 0 0
 0 0 0 0 0 0 0 0 0 0 0 0 0 0 0 0 0 0 0 0 0 0 0 0 0 0 0 0 0 0 0 0 0 0 0 0
 0 0 0 0 0 0 0 0 0 0 0 0 0 0 0 0 0 0 0 0 0 0 0 0 0 0 0 0 0 0 0 0 0 0 0 0
 0 0 0 0 0 0 0 0 0 0 0 0 0 0 0 0 0 0 0 0 0 0 0 0 0 0 0 0 0 0 0 0 0 0 0 0
 0 0 0 0 0 0 0 0 0 0 0 0 0 0 0 0 0 0 0 0 0 0 0 0 0 0 0 0 0 0 0 0 0 0 0 0
 0 0 0 0 0 0 0 0 0 0 0 0 0 0 0 0 0 0 0 0 0 0 0 0 0 0 0 0 0 0 0 0 0 0 0 0
 0 0 0 0 0 0 0 0 0 0 0 0 0 0 0 0 0 0 0 0 0 0 0 0 0 0 0 0 0 0 0 0 0 0 0 0
 0 0 0 0 0 0 0 0 1.78061e-05 0.00172719 0.00360574 0.0105946 0.0120993 0.0124554 0.0147524 0.0171206 0.0266825 0.0428682 0.0675386 0.121331 0.153587 0.119568 0.100827 0.0573624 0.0630603 0.0341343 0.0324427 0.0444173 0.0211091 0.0280891 0.0125444 0.00206551 0 0 0 0
 0 0 0 0 0 0 0 0 0 0 0 0 0 0 0 0 0 0 0 0 0 0 0 0 0 0 0 0 0 0 0 0 0 0 0 0
 0 0 0 0 0 0 0.0133647 0.0140871 0.0187388 0.0205184 0.03894 0.0496705 0.03968 0.0493445 0.0407372 0.0367815 0.0215668 0.0243155 0.0234873 0.0199281 0.019796 0.0243948 0.0301388 0.0376714 0.0412746 0.0863199 0.0771752 0.113111 0.0741005 0.0525337 0.0229764 0.00759418 0.00175318 0 0 0
 0 0 0 0 0 0 0 0 0 0 0.00219441 0.00772107 0.0458388 0.0604681 0.0671733 0.0775358 0.0609151 0.0617685 0.073594 0.0568108 0.0755445 0.0548602 0.0670107 0.0636378 0.0643287 0.046367 0.0373049 0.0286899 0.0247887 0.0153202 0.00654259 0.00121912 0.000365735 0 0 0
 0 0 0 0 0 0 0 0 0 0 0 0 0.000112435 0.00938835 0.0111873 0.0202946 0.0414886 0.0713402 0.111592 0.104902 0.108894 0.110636 0.117776 0.105296 0.107544 0.0401394 0.0192827 0.0124803 0.00416011 0.0028671 0.000618394 0 0 0 0 0
 0 0 0 0 0 0 0 0 0 0 0.00291406 0.0102884 0.027416 0.0768956 0.0749926 0.110853 0.0956884 0.0897413 0.0766577 0.0534642 0.0500743 0.0551293 0.0594112 0.0620874 0.0668451 0.0424026 0.0208742 0.0120726 0.0048766 0.00582813 0.00118941 0.000297354 0 0 0 0
 0 0.00264628 0.0354308 0.0461629 0.0458689 0.0383711 0.0214643 0.0164657 0.0346957 0.0420465 0.0363128 0.0245516 0.0311673 0.0291091 0.0169068 0.0133784 0.00837989 0.0085269 0.0148486 0.0160247 0.0276389 0.0546898 0.0760071 0.122758 0.109233 0.0665981 0.0333725 0.0166128 0.00676272 0.00308733 0.000882094 0 0 0 0 0
 0 0 0 0 0 0 0 0.000805153 0.000690131 0.00759144 0.0133425 0.0154129 0.00931677 0.000345066 0.00356568 0.00563607 0.00851162 0.0253048 0.0502646 0.0516448 0.0657925 0.0565908 0.0611916 0.0827007 0.0866115 0.110766 0.145733 0.0935128 0.0569358 0.0249597 0.0138026 0.00621118 0.00161031 0.00115022 0 0
 0 0 0 0 0 0 0 0 0 0 0 0 0 0 0 0 0 0 0 0 0 0 0 0 0 0 0 0 0 0 0 0 0 0 0 0
 0.00147267 0.00158595 0.00478618 0.00569244 0.00954404 0.0108468 0.00647125 0.017049 0.0510054 0.094081 0.124002 0.0959785 0.0687766 0.0820023 0.061753 0.0591476 0.0492212 0.0479892 0.0443925 0.0268479 0.0217502 0.0140895 0.0121071 0.0120363 0.00920419 0.00665534 0.0049561 0.00860946 0.00930331 0.0156896 0.0114698 0.00855282 0.00243557 0.00046729 0 2.83206e-05
 0 0 0 0 0.000772559 0.00158375 0.000888443 0.00281984 0.00712685 0.0440552 0.0773331 0.111326 0.0921469 0.0852325 0.0710754 0.0886704 0.0786465 0.0553345 0.0373146 0.0185414 0.00753245 0.00457741 0.012979 0.0271748 0.0457355 0.0583668 0.034881 0.0177882 0.00938659 0.00492506 0.0015258 0.00185414 0.000309023 5.79419e-05 3.86279e-05 0
 0 0.00173294 0.00326652 0 0.00397197 0.00683976 0.00946217 0.0152591 0.00757587 0.0136028 0.0228656 0.0392903 0.0559909 0.0764795 0.0681675 0.0726916 0.0566044 0.0477403 0.0527397 0.0444891 0.0609904 0.0582453 0.0661739 0.0445044 0.0529084 0.0360697 0.0280645 0.0235558 0.0158879 0.00826598 0.00280645 0.00217768 0.000904811 0.00058276 9.20147e-05 0
 0 0 0 0 0 0 0 0 0 0 0 0 0 0 0 0 0 0 0 0 0 0 0 0 0 0 0 0 0 0 0 0 0 0 0 0
 0 0 0 0 0 0 0 0 0 0 0 0 0 0 0 0 0 0 0 0 0 0 0 0 0 0 0 0 0 0 0 0 0 0 0 0
 0 0 0 0 0 0 0 0 0 0 0 0 0 0 0 0 0 0 0 0 0 0 0 0 0 0 0 0 0 0 0 0 0 0 0 0
 0 0 0 0 0 0 0 0 0 0 0 0 0 0 0 0 0 0 0 0 0 0 0 0 0 0 0 0 0 0 0 0 0 0 0 0
 0 0 0 0 0 0 0 0 0 0 0 0 0 0 0 0 0 0 0 0 0 0 0 0 0 0 0 0 0 0 0 0 0 0 0 0
ppred_pel_tallas
 1.01059e-16 3.44293e-05 0.000202078 0.000960597 0.00369837 0.011533 0.0291315 0.0596067 0.0988037 0.132688 0.144383 0.127337 0.0911112 0.0530906 0.0256118 0.01102 0.00554377 0.00474779 0.00591617 0.00786098 0.0101048 0.012369 0.0144017 0.0159685 0.0168919 0.017088 0.0165816 0.0154926 0.014 0.0122969 0.0105516 0.00888506 0.00736622 0.00602194 0.0048527 0.00384726
 1.01157e-16 3.206e-05 0.000188162 0.000894427 0.00344358 0.0107385 0.0271246 0.0555008 0.092 0.123557 0.134464 0.118631 0.0849703 0.0496913 0.0243062 0.0110297 0.00637968 0.00624549 0.00809557 0.0107892 0.013811 0.0167997 0.0194039 0.0212982 0.0222454 0.0221502 0.021079 0.0192358 0.0169069 0.014391 0.0119395 0.00972174 0.00781928 0.00624254 0.00495828 0.00391597
 1.02128e-16 2.5376e-05 0.000148912 0.000707806 0.00272501 0.0084976 0.0214645 0.0439206 0.0728087 0.0977966 0.106466 0.0940138 0.0675241 0.0398636 0.0201994 0.0103525 0.0076364 0.00885016 0.0120023 0.0161408 0.0207361 0.0253137 0.029368 0.0324173 0.0341025 0.0342656 0.0329811 0.0305231 0.0272875 0.0236937 0.0200999 0.0167542 0.0137867 0.0112311 0.00906279 0.00723296
 1.02685e-16 2.93515e-05 0.000172262 0.000818839 0.00315255 0.00983091 0.0248321 0.0508102 0.0842251 0.113116 0.123105 0.108615 0.07781 0.0455323 0.0223269 0.0102299 0.00606486 0.00608329 0.00798474 0.0107431 0.013903 0.0171454 0.0201511 0.0226118 0.0242845 0.0250401 0.0248832 0.0239364 0.0223968 0.0204821 0.0183843 0.0162445 0.0141497 0.012146 0.0102576 0.00850181
 1.02317e-16 3.07613e-05 0.000180539 0.00085819 0.00330406 0.0103034 0.0260256 0.0532521 0.0882724 0.118551 0.129016 0.113824 0.0815274 0.0476781 0.0233229 0.0105884 0.00613679 0.00602949 0.00784587 0.0105028 0.0135197 0.0165641 0.0193108 0.0214536 0.0227619 0.0231292 0.0225926 0.0213119 0.019521 0.0174667 0.0153576 0.0133354 0.0114723 0.00978684 0.00826831 0.00689801
 1.03047e-16 2.41168e-05 0.000141519 0.000672659 0.00258968 0.00807559 0.0203985 0.0417396 0.0691938 0.0929431 0.101187 0.0893649 0.0642118 0.0379621 0.0193361 0.0100746 0.00763586 0.00898712 0.0122406 0.0164888 0.0212162 0.0259514 0.0301867 0.0334371 0.0353384 0.0357269 0.0346695 0.0324315 0.0293978 0.0259753 0.0225092 0.0192357 0.016276 0.0136603 0.0113663 0.00935388
 1.03157e-16 2.92335e-05 0.00017157 0.000815555 0.00313991 0.00979148 0.0247325 0.0506064 0.0838868 0.112661 0.122607 0.10817 0.0774802 0.0453162 0.0221782 0.0100905 0.00588645 0.00583163 0.00763746 0.0102896 0.0133477 0.0165115 0.0194822 0.0219693 0.0237405 0.0246666 0.0247406 0.0240633 0.0228042 0.0211526 0.0192763 0.0172994 0.0153013 0.0133284 0.0114122 0.00958162
 1.0328e-16 2.63152e-05 0.00015443 0.000734049 0.00282606 0.00881276 0.0222605 0.0455489 0.0755064 0.101415 0.110392 0.0974497 0.0699239 0.0411437 0.0205961 0.0101456 0.00698345 0.00777518 0.0104579 0.0140717 0.0181239 0.0222045 0.0258847 0.0287558 0.0305102 0.0310072 0.0302986 0.0286005 0.0262271 0.0235086 0.0207226 0.0180555 0.0155995 0.0133751 0.0113639 0.00953854
 1.03107e-16 2.8487e-05 0.000167185 0.000794701 0.00305961 0.00954107 0.0241 0.0493124 0.0817429 0.109785 0.119484 0.105433 0.0755576 0.044269 0.0218094 0.0101644 0.0062608 0.00646719 0.00855123 0.0115081 0.0148764 0.0183177 0.0214892 0.0240609 0.0257766 0.0265053 0.026263 0.0251932 0.0235181 0.0214785 0.019282 0.0170757 0.0149432 0.0129206 0.0110193 0.00924507
 1.03088e-16 2.71624e-05 0.000159405 0.000757707 0.00291716 0.00909683 0.022978 0.0470169 0.0779391 0.10468 0.11394 0.100567 0.0721283 0.0423759 0.0210927 0.0101919 0.00676275 0.00735566 0.00984081 0.0132382 0.0170625 0.0209254 0.0244245 0.0271756 0.0288874 0.029423 0.028824 0.0272855 0.0250952 0.0225577 0.0199312 0.017392 0.0150313 0.0128752 0.0109143 0.00913012
 1.04297e-16 2.17435e-05 0.000127585 0.000606417 0.00233463 0.00728022 0.0183895 0.037629 0.0623806 0.0837948 0.0912365 0.0805986 0.0579605 0.0343623 0.0176811 0.00950564 0.00756597 0.00914781 0.012562 0.0169908 0.0219541 0.0269945 0.0316092 0.0353094 0.0377176 0.0386464 0.0381301 0.0363944 0.033783 0.0306651 0.0273578 0.0240827 0.0209627 0.0180449 0.0153368 0.0128355
 1.05607e-16 2.21286e-05 0.000129851 0.000617203 0.00237618 0.00740981 0.0187167 0.0382982 0.0634881 0.0852768 0.0928353 0.0819758 0.0588742 0.0347507 0.0176003 0.00901502 0.00666188 0.00776698 0.0106215 0.0144341 0.0187908 0.0233286 0.0276495 0.0313565 0.0341265 0.0357718 0.0362665 0.0357266 0.0343586 0.0323948 0.0300399 0.0274447 0.0247066 0.0218892 0.0190452 0.0162335
 1.03954e-16 2.99374e-05 0.000175705 0.000835215 0.00321561 0.0100276 0.0253289 0.0518263 0.0859083 0.115374 0.125553 0.110754 0.0792989 0.0463147 0.0225452 0.0100513 0.00557809 0.00529214 0.0068479 0.00921593 0.0119682 0.0148328 0.0175479 0.0198609 0.0215709 0.0225669 0.0228435 0.0224861 0.0216352 0.0204432 0.0190383 0.0175079 0.0159005 0.0142401 0.0125449 0.01084
 1.02234e-16 3.1347e-05 0.000183978 0.000874537 0.003367 0.0104997 0.0265214 0.0542665 0.0899538 0.120809 0.131472 0.115988 0.0830709 0.0485677 0.0237333 0.0107318 0.00615801 0.00599429 0.00777018 0.0103793 0.0133309 0.016288 0.0189239 0.0209339 0.0220928 0.022304 0.0216175 0.0202083 0.0183244 0.0162244 0.0141231 0.0121623 0.0104076 0.00886591 0.00751134 0.00630962
 1.01063e-16 3.51549e-05 0.000206338 0.000980852 0.00377636 0.0117762 0.0297458 0.0608636 0.100887 0.135485 0.147425 0.130016 0.0930191 0.0541844 0.0261052 0.0111723 0.00552979 0.00464392 0.00573725 0.00759433 0.00972816 0.0118584 0.0137359 0.0151331 0.0158828 0.0159145 0.0152684 0.0140794 0.0125391 0.0108483 0.00917682 0.00763976 0.00629398 0.00514955 0.00418822 0.00338109
 1.00757e-16 3.42266e-05 0.000200885 0.000954921 0.00367651 0.0114649 0.0289593 0.0592546 0.0982209 0.131908 0.143541 0.126611 0.090627 0.0528797 0.0256424 0.0112577 0.00598596 0.00542208 0.00685959 0.00909644 0.0116213 0.0141082 0.0162542 0.0177824 0.0184933 0.0183099 0.0172948 0.0156292 0.0135648 0.0113631 0.00924398 0.00735464 0.0057646 0.00447973 0.00346611 0.00267349
 1.01369e-16 2.82682e-05 0.000165894 0.00078855 0.0030359 0.00946712 0.0239133 0.0489309 0.0811124 0.108944 0.118584 0.104675 0.0750937 0.0441561 0.0220478 0.0107648 0.00728004 0.00800075 0.0106993 0.0143338 0.0183662 0.0223514 0.0258289 0.0283656 0.0296441 0.0295338 0.0281181 0.0256639 0.0225487 0.0191688 0.0158604 0.0128535 0.0102632 0.00811063 0.00635825 0.00494343
 1.02114e-16 2.95564e-05 0.000173464 0.000824549 0.00317453 0.00989944 0.0250053 0.0511646 0.0848128 0.113907 0.123968 0.109384 0.0783778 0.0458978 0.0225675 0.010442 0.00632701 0.00644875 0.0084863 0.0113945 0.0146951 0.0180409 0.0210826 0.0234866 0.024996 0.0254837 0.0249747 0.0236265 0.0216793 0.019394 0.016998 0.0146551 0.0124608 0.0104558 0.00864904 0.00703687
 1.02436e-16 2.86696e-05 0.000168255 0.000799782 0.00307916 0.00960205 0.0242541 0.0496278 0.0822662 0.110489 0.120255 0.106124 0.0760755 0.0446179 0.0220652 0.0104225 0.00660262 0.00695236 0.00921934 0.0123766 0.0159334 0.0195146 0.0227384 0.0252423 0.0267523 0.027142 0.0264548 0.0248804 0.0226974 0.0202012 0.0176433 0.015197 0.0129532 0.0109383 0.00914228 0.00754339
 1.02058e-16 3.17572e-05 0.000186387 0.000885998 0.00341113 0.0106373 0.026869 0.0549776 0.0911319 0.122389 0.133187 0.117489 0.0841217 0.0491325 0.0239172 0.0106604 0.00590509 0.00557732 0.00717751 0.00959755 0.0123634 0.015165 0.0177051 0.0197035 0.0209473 0.0213347 0.020893 0.0197612 0.0181464 0.0162697 0.0143207 0.0124312 0.0106726 0.00906928 0.00761912 0.00631169
 1.02005e-16 2.94472e-05 0.00017282 0.000821486 0.00316273 0.00986263 0.0249123 0.0509746 0.0844986 0.113487 0.123517 0.108999 0.0781298 0.045809 0.0226281 0.0106432 0.00667914 0.00697874 0.00922361 0.0123547 0.0158653 0.0193698 0.0224786 0.0248251 0.0261376 0.0262982 0.0253661 0.0235519 0.0211571 0.0184985 0.0158435 0.0133738 0.0111796 0.00927908 0.00764754 0.00624526
 1.0231e-16 2.89734e-05 0.000170039 0.000808266 0.00311183 0.00970391 0.0245114 0.0501542 0.0831385 0.11166 0.121527 0.107241 0.0768646 0.0450573 0.0222391 0.0104324 0.0065134 0.00678782 0.00897986 0.0120562 0.0155303 0.019036 0.0222019 0.0246746 0.0261851 0.0266062 0.0259744 0.0244684 0.0223542 0.0199165 0.0173998 0.0149758 0.0127383 0.0107199 0.00891758 0.00731571
 1.02087e-16 3.13804e-05 0.000184175 0.000875476 0.00337062 0.0105109 0.0265498 0.0543247 0.09005 0.120937 0.131609 0.116103 0.0831403 0.0485825 0.023693 0.0106343 0.00599483 0.00575195 0.0074362 0.00994916 0.0128144 0.0157135 0.0183382 0.0203981 0.0216724 0.0220563 0.0215796 0.0203878 0.0186973 0.0167391 0.0147105 0.0127489 0.0109281 0.0092726 0.00777925 0.00643611
 1.01881e-16 3.07449e-05 0.000180441 0.000857722 0.00330225 0.0102977 0.0260113 0.0532231 0.0882247 0.118488 0.128951 0.113774 0.0815083 0.0477001 0.0233953 0.0107247 0.00635697 0.0063579 0.00830565 0.0111083 0.0142687 0.0174313 0.0202456 0.0223828 0.0235979 0.0237836 0.0229901 0.0214029 0.0192886 0.0169282 0.0145593 0.0123435 0.0103625 0.00863399 0.00713856 0.0058437
 1.03601e-16 1.87438e-05 0.000109966 0.000522636 0.00201202 0.00627416 0.0158484 0.0324304 0.0537664 0.0722354 0.078682 0.0695829 0.050202 0.0300903 0.0160853 0.00961442 0.00877818 0.0112762 0.0156529 0.0211465 0.0272194 0.0332954 0.0387276 0.0428927 0.0453211 0.0457999 0.0444127 0.0414981 0.03755 0.0330926 0.0285731 0.0243008 0.0204381 0.0170307 0.0140554 0.0114637
 1.0495e-16 2.5735e-05 0.000151031 0.000717909 0.00276395 0.00861907 0.0217711 0.0445471 0.0738435 0.0991752 0.107937 0.0952422 0.0682528 0.0399862 0.0196968 0.00918266 0.00567588 0.00591099 0.0078946 0.0107507 0.0141005 0.0176768 0.0211999 0.0243833 0.0269783 0.0288161 0.0298283 0.0300389 0.0295358 0.0284349 0.0268502 0.0248809 0.0226128 0.0201283 0.0175163 0.0148747
 1.03744e-16 2.93283e-05 0.000172126 0.000818196 0.00315007 0.00982319 0.0248126 0.0507703 0.0841588 0.113027 0.123006 0.108526 0.077742 0.0454833 0.0222852 0.0101798 0.00599033 0.00596818 0.00781195 0.0104949 0.013563 0.0167019 0.0196016 0.0219675 0.0235741 0.0243109 0.0242005 0.0233777 0.0220436 0.0204085 0.0186454 0.0168664 0.0151239 0.0134287 0.0117753 0.0101614
pSPR Fmed_Fpbrs
0.447762   0.6 0.325
Fs Fmed_Fpbrs
0.64   0.349801 1.07981
SSBpbr Bo_Bmed_Bpbrs
1.94794e+06  774815  1.07137e+06 535683
Ro
53103.6
SPR SPRFo_SPRFmed_SPRFpbrs
1.09681e+06 491112 356465
log_Ro
10.7
likeval ReclasPelacesDesembMPH_pf_preclas_ppelaces_ptallas_desvR_qrecl_qpela
 61.8488 21.8901 0.021233 0.000635069 335.842 216.624 54.6238 0 17.447 4.68626e-05 1.44419e-05 8.59367e-16 0 0 0
q_reclas_q_pelaces
0.379063 1.71714
M
0.7
N
 54510.5 14231.8 5289.36 622.866 0.348764
 67061.4 24898.7 4398 1634.55 192.589
 40572.9 31213.9 8562.36 1512.42 628.333
 58704.5 18358 9142.11 2507.79 626.996
 99799 28632 8231.37 4099.14 1405.58
 74687 49375.5 13922.4 4002.54 2676.69
 118146 35722.6 19816.2 5587.59 2680.63
 107584 57295.8 15507.6 8602.49 3589.34
 126947 50975.1 21799.4 5900.2 4638.64
 125073 59715.4 18612.6 7959.64 3848.06
 64802.1 59414 23053.1 7185.37 4558.35
 41059.5 29280 17263.6 6698.39 3412.3
 43944.3 18632.2 8718.05 5140.19 3010.44
 23835.9 18847.4 4027.69 1884.56 1761.91
 17195.4 9045.88 2034.83 434.843 393.686
 18888.1 6505.28 959.367 215.805 87.8702
 14725.9 8453.35 1790.64 264.075 83.5896
 17890.6 6804.42 2789.17 590.82 114.712
 20300.5 8461.16 2561.7 1050.06 265.616
 33426 9693.84 3364.5 1018.64 523.165
 41907.3 15947.3 3835.28 1331.14 610
 54043.7 20422.9 7117.7 1711.78 866.377
 89419.8 26179.5 8809.35 3070.19 1112.08
 127568 43107.4 10987.1 3697.13 1755.23
 59780.7 61619.5 18295.5 4663.1 2314.07
 87982.7 29014.5 26872 7978.61 3042.72
 131511 42700.2 12649.6 11715.5 4805.01
pred_Ctot
 3158.52 3972.03 1476.24 173.839 0.0973382
 3034.92 5623.35 993.286 369.162 43.4962
 2606.06 9489.88 2603.19 459.817 191.03
 753.635 1289.2 642.008 176.111 44.031
 265.438 428.893 123.302 61.403 21.0548
 1982.41 6894.87 1944.15 558.921 373.777
 1992 3257.13 1806.81 509.468 244.415
 3556.87 9783.58 2648.01 1468.92 612.9
 4830.18 9877.34 4224.02 1143.27 898.819
 3913.52 9698.81 3023.01 1292.78 624.991
 4222.52 18277.5 7091.81 2210.43 1402.28
 2558.3 8681.42 5118.59 1986.05 1011.74
 4344.65 7930.11 3710.52 2187.73 1281.28
 4104.52 11525.5 2463 1152.44 1077.43
 2991.66 5563.75 1251.54 267.454 242.14
 1349.41 2156.38 318.013 71.5355 29.1274
 739.13 2088.37 442.371 65.2388 20.6505
 614.43 1202.59 492.949 104.42 20.2738
 561.847 1228.04 371.8 152.403 38.551
 945.746 1435.81 498.335 150.876 77.4889
 561.993 1167.95 280.887 97.4893 44.675
 954.069 1945.32 677.973 163.05 82.5239
 1881.81 2944.08 990.678 345.266 125.062
 2507.84 4546.4 1158.77 389.924 185.118
 974.105 5438.54 1614.76 411.565 204.24
 1436.72 2566.06 2376.59 705.634 269.1
 2732.82 4745.18 1405.72 1301.92 533.97
F
 0.0835799 0.47433 0.47433 0.47433 0.47433
 0.0647448 0.367438 0.367438 0.367438 0.367438
 0.0930321 0.527973 0.527973 0.527973 0.527973
 0.0179933 0.102115 0.102115 0.102115 0.102115
 0.00370442 0.0210232 0.0210232 0.0210232 0.0210232
 0.0375234 0.212952 0.212952 0.212952 0.212952
 0.023691 0.134451 0.134451 0.134451 0.134451
 0.0469318 0.266346 0.266346 0.266346 0.266346
 0.0541831 0.307498 0.307498 0.307498 0.307498
 0.0443671 0.251791 0.251791 0.251791 0.251791
 0.0944345 0.535932 0.535932 0.535932 0.535932
 0.0901311 0.511509 0.511509 0.511509 0.511509
 0.14655 0.831698 0.831698 0.831698 0.831698
 0.268884 1.52596 1.52596 1.52596 1.52596
 0.272026 1.54379 1.54379 1.54379 1.54379
 0.103969 0.590039 0.590039 0.590039 0.590039
 0.0720363 0.408818 0.408818 0.408818 0.408818
 0.0487917 0.276901 0.276901 0.276901 0.276901
 0.0391539 0.222205 0.222205 0.222205 0.222205
 0.0400426 0.227249 0.227249 0.227249 0.227249
 0.0188026 0.106708 0.106708 0.106708 0.106708
 0.0248177 0.140845 0.140845 0.140845 0.140845
 0.0296478 0.168256 0.168256 0.168256 0.168256
 0.0276713 0.157039 0.157039 0.157039 0.157039
 0.0228877 0.129892 0.129892 0.129892 0.129892
 0.0229373 0.130173 0.130173 0.130173 0.130173
 0.0292703 0.166114 0.166114 0.166114 0.166114
Np
 41363.5 19312.7 22198.3 6285.77 2513.85
YTP_r0W_actual
 46523.8 199759 86025.5 101748 46310.2
YTP_p0W_proyectada
 14633 296701 122133 46205.4 67462.3
 14633 90348 150963 54591.5 24228.3
CTP_r0_actual
 5673.64 9248.08 2739.66 2537.37 1040.68
CTP_p0_proyectada
 1784.51 13736.1 3889.58 1152.26 1516.01
 1784.51 4182.78 4807.75 1361.38 544.455
Wmedp
 8.2 21.6 31.4 40.1 44.5
nmprior
 10.8 10.6 4.6 0
nm_flota  nm_reclas  nm_pelaces    nm_pelaL
inf 14.5166 17.7771 56.2087
cv_recla  cv_pelaces  cv_mph
0.681077 0.512525 0.673514
 ------------------------------------------------
Talla a la edad & desviaci?n 
 7.2 14.2025 17.0495 18.207 18.6776
 1.08 2.13037 2.55742 2.73105 2.80164
