years
 1997 1998 1999 2000 2001 2002 2003 2004 2005 2006 2007 2008 2009 2010 2011 2012 2013 2014 2015 2016 2017 2018 2019 2020 2021 2022 2023
reclasobs
 0 0 0 370054 412103 1.49427e+06 250295 1.28982e+06 931140 785840 897777 1.04006e+06 184774 17550 25797 100020 73551 82996 120727 218422 84188 347160 605670 569463 516374 1.08416e+06 1.01767e+06
reclaspred
 445317 120874 346066 241811 371292 466129 1.00764e+06 684270 759746 736864 606503 407253 246168 102417 64523.2 65708.4 80061.9 109878 122598 169963 252417 236952 408708 552172 723957 716006 710778
pelacesobs
 0 0 0 0 0 0 0 0 0 2.06254e+06 1.5e+06 0 1.87456e+06 323000 250000 174000 83755 137374 0 501740 490994 745055 786931 1.00524e+06 1.33801e+06 1.41789e+06 0
pelacespred
 1.91919e+06 384800 740520 767134 1.04837e+06 977476 2.70473e+06 2.12672e+06 2.18393e+06 2.09326e+06 1.45568e+06 1.0118e+06 630769 206412 141590 148366 188047 269056 291611 412181 698979 605649 863197 1.34138e+06 1.66677e+06 1.81872e+06 1.74151e+06
mphobs
 0 0 0 0 0 112323 0 153150 637223 0 255016 313432 73983 77613 109348 50772 17779 17303 59886 28197 0 207744 136588 643089 65757 70829 0
mphpred
 131322 76527.3 91249.6 99261.1 110972 181085 264567 322604 274997 284640 279348 191350 116286 60308.4 26024 22481.3 26490.4 35269.7 45289.7 53293.3 80237.1 97067.6 121565 174246 264138 285715 259351
desembarqueobs
 350755 77701 442110 56441 14545 235359 269955 359681 431902 328805 639364 411747 362871 311530 167758 66681 60226 58785 57116 73181 50977 67692 138656 160484 209506 203330 245020
desembarquepred
 350768 77704.6 442153 56444.9 14545.3 235440 270018 359716 431989 328846 639512 411922 363102 311807 167673 66686 60255.4 58786.1 57108 73182.5 50979.7 67685.9 138664 160498 209501 203320 245010
Reclutas
 40542 48885 28082.5 40740.2 70923.2 51732.9 89371.7 84543.3 107224 116039 63887.2 42626.3 45876.2 24492.2 15731.2 14976.6 11043.7 13405.1 15109.7 24110.2 31012.3 39776.6 64749.6 92310.2 44419.6 63828.1 91388
log_desv_Rt
 -0.0299066 0.157225 -0.3971 -0.0250293 0.529353 0.213848 0.76056 0.70502 0.942679 1.02168 0.424874 0.0202264 0.0937022 -0.533891 -0.976602 -1.02575 -1.33038 -1.13661 -1.01691 -0.549608 -0.29786 -0.0489662 0.438283 0.79291 0.0614362 0.423949 0.782869
SSB
 468202 272842 325331 353894 395648 645618 943258 1.15017e+06 980441 1.01482e+06 995955 682218 414591 215016 92782.9 80152.3 94445.8 125746 161471 190006 286068 346073 433412 621235 941726 1.01865e+06 924659
BT
 1.67933e+06 411693 778097 616670 771883 897007 2.1465e+06 1.95336e+06 1.97927e+06 1.83507e+06 1.63086e+06 1.10886e+06 807256 437395 238638 161717 185218 242382 260371 358743 549185 504007 724052 1.10657e+06 1.3722e+06 1.49744e+06 1.47454e+06
Ftot
 0.908875 0.764898 1.20091 0.234935 0.0430818 0.417366 0.258042 0.511863 0.578156 0.446792 0.883762 0.804769 1.33142 2.6364 2.94146 1.15076 0.811425 0.547933 0.435797 0.441801 0.206082 0.256681 0.308559 0.29613 0.240071 0.224981 0.303839
BD_Bspro_t
 0.915858 0.662394 0.603772 0.444848 0.599139 0.759146 0.715214 0.729978 0.665666 0.630442 0.597746 0.433054 0.320672 0.219095 0.120323 0.126893 0.194731 0.313068 0.426783 0.527022 0.651701 0.748483 0.757746 0.766959 0.788754 0.751752 0.731177
BD_Bspro
 0.542664 0.316234 0.377071 0.410177 0.458571 0.748296 1.09327 1.33309 1.13637 1.17622 1.15435 0.790717 0.480526 0.249212 0.107539 0.0928996 0.109466 0.145745 0.187151 0.220224 0.331564 0.401112 0.502341 0.720035 1.0915 1.18066 1.07172
BD_Bo
 0.409716 0.23876 0.284692 0.309687 0.346226 0.564971 0.825431 1.0065 0.857969 0.888057 0.871545 0.596999 0.362802 0.188158 0.0811929 0.0701401 0.0826482 0.110039 0.141301 0.166271 0.250334 0.302844 0.379272 0.543633 0.82409 0.891408 0.809156
BD_Brms
 0.744939 0.434108 0.517622 0.563068 0.629501 1.02722 1.50078 1.83 1.55994 1.61465 1.58463 1.08545 0.65964 0.342105 0.147624 0.127528 0.150269 0.200071 0.25691 0.302311 0.455152 0.550625 0.689586 0.988424 1.49835 1.62074 1.47119
S_f
 0.113888 0.70947 0.978902 0.998867 0.99994
 0.113888 0.70947 0.978902 0.998867 0.99994
 0.113888 0.70947 0.978902 0.998867 0.99994
 0.113888 0.70947 0.978902 0.998867 0.99994
 0.113888 0.70947 0.978902 0.998867 0.99994
 0.113888 0.70947 0.978902 0.998867 0.99994
 0.113888 0.70947 0.978902 0.998867 0.99994
 0.113888 0.70947 0.978902 0.998867 0.99994
 0.113888 0.70947 0.978902 0.998867 0.99994
 0.113888 0.70947 0.978902 0.998867 0.99994
 0.113888 0.70947 0.978902 0.998867 0.99994
 0.113888 0.70947 0.978902 0.998867 0.99994
 0.113888 0.70947 0.978902 0.998867 0.99994
 0.113888 0.70947 0.978902 0.998867 0.99994
 0.113888 0.70947 0.978902 0.998867 0.99994
 0.113888 0.70947 0.978902 0.998867 0.99994
 0.113888 0.70947 0.978902 0.998867 0.99994
 0.113888 0.70947 0.978902 0.998867 0.99994
 0.113888 0.70947 0.978902 0.998867 0.99994
 0.113888 0.70947 0.978902 0.998867 0.99994
 0.113888 0.70947 0.978902 0.998867 0.99994
 0.113888 0.70947 0.978902 0.998867 0.99994
 0.113888 0.70947 0.978902 0.998867 0.99994
 0.113888 0.70947 0.978902 0.998867 0.99994
 0.113888 0.70947 0.978902 0.998867 0.99994
 0.113888 0.70947 0.978902 0.998867 0.99994
 0.113888 0.70947 0.978902 0.998867 0.99994
Scru_reclas
 0.732661 1 1 1 1
 0.732661 1 1 1 1
 0.732661 1 1 1 1
 0.732661 1 1 1 1
 0.732661 1 1 1 1
 0.732661 1 1 1 1
 0.732661 1 1 1 1
 0.732661 1 1 1 1
 0.732661 1 1 1 1
 0.732661 1 1 1 1
 0.732661 1 1 1 1
 0.732661 1 1 1 1
 0.732661 1 1 1 1
 0.732661 1 1 1 1
 0.732661 1 1 1 1
 0.732661 1 1 1 1
 0.732661 1 1 1 1
 0.732661 1 1 1 1
 0.732661 1 1 1 1
 0.732661 1 1 1 1
 0.732661 1 1 1 1
 0.732661 1 1 1 1
 0.732661 1 1 1 1
 0.732661 1 1 1 1
 0.732661 1 1 1 1
 0.732661 1 1 1 1
 0.732661 1 1 1 1
Scru_pelaces
 1 1 1 1 1
 1 1 1 1 1
 1 1 1 1 1
 1 1 1 1 1
 1 1 1 1 1
 1 1 1 1 1
 1 1 1 1 1
 1 1 1 1 1
 1 1 1 1 1
 1 1 1 1 1
 1 1 1 1 1
 1 1 1 1 1
 1 1 1 1 1
 1 1 1 1 1
 1 1 1 1 1
 1 1 1 1 1
 1 1 1 1 1
 1 1 1 1 1
 1 1 1 1 1
 1 1 1 1 1
 1 1 1 1 1
 1 1 1 1 1
 1 1 1 1 1
 1 1 1 1 1
 1 1 1 1 1
 1 1 1 1 1
 1 1 1 1 1
pf_obs 
 0.256992 0.487395 0.22802 0.0275931 0
 0.321318 0.546541 0.124235 0.00734118 0.000564706
 0.182869 0.594174 0.210203 0.0122559 0.00049798
 0.330522 0.361315 0.267642 0.0388342 0.00168674
 0.649043 0.306663 0.0425973 0.00169635 0
 0.582887 0.30429 0.105238 0.00758474 0
 0.465427 0.430635 0.0974691 0.00646863 0
 0.296916 0.608066 0.0921331 0.00288517 0
 0.311714 0.524322 0.152257 0.0117073 0
 0.15457 0.633149 0.183074 0.0267441 0.00246327
 0.131901 0.49318 0.331252 0.0422183 0.00144891
 0.196976 0.569456 0.194076 0.0375587 0.00193317
 0.518974 0.381816 0.0799577 0.0180837 0.00116848
 0.0928022 0.601141 0.25162 0.0475244 0.00691264
 0.122501 0.610282 0.24278 0.0234846 0.000952079
 0.383417 0.481906 0.127806 0.00687128 0
 0.0376549 0.599619 0.316969 0.0457579 0
 0.0361596 0.667082 0.258105 0.0386534 0
 0.158088 0.579412 0.248529 0.0139706 0
 0.0477256 0.309471 0.559284 0.082774 0.000745712
 0.0406174 0.521527 0.379366 0.0568643 0.0016247
 0.151134 0.462217 0.34131 0.0453401 0
 0.294876 0.26143 0.354403 0.0886775 0.000613685
 0.281977 0.475581 0.204845 0.0348837 0.00271318
 0.0841818 0.532909 0.334909 0.0458182 0.00218182
 0.115287 0.27431 0.454777 0.147771 0.00785563
 0 0 0 0 0
pf_pred 
 0.336765 0.455152 0.186064 0.0220044 1.44735e-05
 0.293412 0.561332 0.112777 0.0291354 0.00334323
 0.168174 0.622232 0.179706 0.0233547 0.00653261
 0.26012 0.455246 0.236927 0.0411075 0.00660025
 0.278488 0.476387 0.169743 0.0629771 0.0124051
 0.150304 0.570265 0.203299 0.0530421 0.0230902
 0.243401 0.38883 0.275217 0.0677841 0.0247683
 0.191797 0.535007 0.16403 0.0821567 0.0270097
 0.233109 0.463683 0.225787 0.046963 0.0304585
 0.218926 0.522948 0.17974 0.0587679 0.0196176
 0.130287 0.559782 0.232105 0.0546039 0.0232227
 0.134935 0.463538 0.297711 0.0783469 0.0254688
 0.226619 0.433192 0.219231 0.090374 0.0305843
 0.212306 0.600888 0.128958 0.037778 0.0200694
 0.300072 0.578548 0.107043 0.010078 0.0042587
 0.333836 0.588074 0.0719234 0.00547878 0.000687846
 0.208969 0.629111 0.149927 0.0110753 0.000917406
 0.241552 0.488745 0.23142 0.0355243 0.00275892
 0.22589 0.521258 0.184414 0.0589386 0.00950002
 0.280175 0.461881 0.193734 0.0471411 0.0170688
 0.244679 0.53047 0.16269 0.0469738 0.0151873
 0.224567 0.495134 0.215416 0.0472292 0.0176548
 0.267642 0.45628 0.197308 0.0608507 0.0179197
 0.259778 0.504275 0.165854 0.0504231 0.01967
 0.102292 0.597533 0.226115 0.0524135 0.021647
 0.164183 0.324469 0.377284 0.101541 0.0325234
 0.219135 0.426779 0.167307 0.138605 0.0481741
pobs_RECLAS
 0 0 0 0 0
 0 0 0 0 0
 0 0 0 0 0
 0 0 0 0 0
 0.835266 0.146461 0.0176864 0.000547809 3.91292e-05
 0.385257 0.428462 0.181853 0.0044286 0
 0.867414 0.0963971 0.0333333 0.00285562 0
 0.441836 0.489002 0.0689373 0.000224442 0
 0.779404 0.147425 0.0564933 0.0165055 0.000172143
 0.814271 0.122319 0.05973 0.00367925 0
 0.40263 0.566651 0.0304383 0.000280538 0
 0.475488 0.404961 0.113038 0.00651328 0
 0.955842 0.0263864 0.0167828 0.000988607 0
 0.975058 0.0227948 0.00214734 0 0
 0.738997 0.206755 0.0527124 0.00153531 0
 0.850938 0.134255 0.0134407 0.00136685 0
 0.542534 0.407297 0.0501686 0 0
 0.764087 0.199537 0.0359546 0.000420521 0
 0.470689 0.182191 0.310203 0.0369168 0
 0.84361 0.089868 0.0606195 0.00523954 0.000663233
 0.607945 0.314616 0.071237 0.00620181 0
 0.523733 0.453247 0.0230204 0 0
 0.530135 0.295979 0.169645 0.0042399 0
 0.562478 0.366248 0.0663022 0.0049721 0
 0.250443 0.683176 0.0655157 0.000865301 0
 0.195077 0.31981 0.436473 0.0351445 0.0134964
 0.565238 0.351407 0.0832357 0.000118908 0
ppred_RECLAS
 0.728294 0.205661 0.0591963 0.00684486 4.49686e-06
 0.676936 0.273207 0.0388994 0.00983095 0.00112676
 0.517502 0.39138 0.07839 0.00994844 0.00277918
 0.64486 0.245012 0.0919853 0.0156351 0.00250764
 0.661018 0.24737 0.0638361 0.0232095 0.00456683
 0.475704 0.388456 0.0994004 0.0253967 0.0110433
 0.632322 0.219068 0.111792 0.0269725 0.00984495
 0.551325 0.32935 0.0722574 0.0354323 0.0116355
 0.616731 0.261748 0.0909937 0.018526 0.0120016
 0.590362 0.303053 0.0746958 0.0239145 0.00797408
 0.444788 0.399982 0.116911 0.0268943 0.0114243
 0.462267 0.33414 0.151823 0.0390803 0.0126892
 0.627497 0.242548 0.0844811 0.033987 0.0114869
 0.627813 0.312367 0.0417173 0.0118291 0.00627322
 0.731737 0.238176 0.0266427 0.00242231 0.00102169
 0.71693 0.25918 0.0220447 0.00164021 0.000205666
 0.571997 0.362182 0.0610455 0.00441074 0.000364925
 0.624027 0.269863 0.0913228 0.0137233 0.00106458
 0.599568 0.297496 0.0755026 0.0236294 0.00380444
 0.668645 0.236945 0.0712826 0.0169845 0.00614285
 0.619338 0.291865 0.0646163 0.0182783 0.0059032
 0.597926 0.285928 0.0896898 0.0192634 0.00719299
 0.65418 0.241311 0.0751345 0.0226972 0.00667665
 0.640607 0.269222 0.0637767 0.0189928 0.00740092
 0.366983 0.465283 0.126997 0.028839 0.0118976
 0.522282 0.224176 0.188084 0.0495916 0.0158668
 0.598601 0.252306 0.0712264 0.0577995 0.0200668
pobs_PELACES
 0 0 0 0 0
 0 0 0 0 0
 0 0 0 0 0
 0 0 0 0 0
 0 0 0 0 0
 0 0 0 0 0
 0 0 0 0 0
 0 0 0 0 0
 0 0 0 0 0
 0 0 0 0 0
 0.450072 0.473896 0.0757376 0.000293798 0
 0 0 0 0 0
 0.463077 0.371075 0.160297 0.00555027 0
 0.529543 0.364841 0.0842815 0.0213345 0
 0.631943 0.363953 0.00410389 0 0
 0.735681 0.248677 0.0153453 0.000297389 0
 0.695825 0.281241 0.0229344 0 0
 0.275771 0.60734 0.115278 0.00161068 0
 0 0 0 0 0
 0.896147 0.0623911 0.0374545 0.00400742 0
 0.803859 0.145111 0.0509908 3.86294e-05 0
 0.739449 0.233085 0.0266225 0.000797448 4.60066e-05
 0.878498 0.100942 0.0204185 0.000141795 0
 0.694673 0.275183 0.0284847 0.00165964 0
 0.469039 0.446079 0.0841089 0.000773354 0
 0.822795 0.102175 0.0682046 0.00682512 0
 0 0 0 0 0
ppred_PELACES
 0.81681 0.141348 0.0375264 0.00431327 2.83277e-06
 0.770563 0.196049 0.0260784 0.0065576 0.000751388
 0.653994 0.286192 0.0515166 0.00648642 0.00181127
 0.723178 0.192228 0.0706766 0.0119946 0.0019236
 0.728778 0.198132 0.0509343 0.0185134 0.00364275
 0.57579 0.317356 0.0782486 0.0199376 0.00866824
 0.713687 0.172197 0.0858806 0.0206855 0.0075495
 0.652478 0.258242 0.0541361 0.0264569 0.00868656
 0.714372 0.198273 0.0654738 0.0132796 0.0086011
 0.68455 0.235815 0.0558594 0.0178313 0.00594474
 0.570712 0.316062 0.0854005 0.0195316 0.00829415
 0.585407 0.264669 0.111954 0.0286652 0.00930479
 0.756756 0.164967 0.0510445 0.020356 0.00687667
 0.800104 0.173719 0.0183526 0.00511434 0.0027097
 0.872026 0.116654 0.0100461 0.000895848 0.000377461
 0.813788 0.171915 0.0132002 0.00097473 0.000122171
 0.683818 0.270467 0.042414 0.00304822 0.000252123
 0.718915 0.204527 0.0659218 0.0098705 0.000765553
 0.692195 0.23098 0.0563934 0.0175983 0.00283298
 0.752353 0.179088 0.0518014 0.0123069 0.00445037
 0.699022 0.23177 0.0503802 0.0142319 0.00459604
 0.682439 0.227335 0.0697013 0.014945 0.00557999
 0.734498 0.186825 0.0565957 0.0170621 0.00501847
 0.721911 0.209714 0.0483888 0.0143821 0.00560371
 0.454821 0.403016 0.107679 0.0244134 0.0100709
 0.611887 0.1841 0.151401 0.0398604 0.0127523
 0.685845 0.199519 0.0548233 0.0443996 0.015413
pobs_pel_tallas
 0 0 0 0 0 0 0 0 0 0 0 0 0 0 0 0 0 0 0 0 0 0 0 0 0 0 0 0 0 0 0 0 0 0 0 0
 0 0 0 0 0 0 0 0 0 0 0 0 0 0 0 0 0 0 0 0 0 0 0 0 0 0 0 0 0 0 0 0 0 0 0 0
 0 0 0 0 0 0 0 0 0 0 0 0 0 0 0 0 0 0 0 0 0 0 0 0 0 0 0 0 0 0 0 0 0 0 0 0
 0 0 0 0 0 0 0 0 0 0 0 0 0 0 0 0 0 0 0 0 0 0 0 0 0 0 0 0 0 0 0 0 0 0 0 0
 0 0 0 0 0 0 0 0 0 0 0 0 0 0 0 0 0 0 0 0 0 0 0 0 0 0 0 0 0 0 0 0 0 0 0 0
 0 0 0 0 0 0 0 0 0 0 0 0 0 0 0 0 0 0 0 0 0 0 0 0 0 0 0 0 0 0 0 0 0 0 0 0
 0 0 0 0 0 0 0 0 0 0 0 0 0 0 0 0 0 0 0 0 0 0 0 0 0 0 0 0 0 0 0 0 0 0 0 0
 0 0 0 0 0 0 0 0 0 0 0 0 0 0 0 0 0 0 0 0 0 0 0 0 0 0 0 0 0 0 0 0 0 0 0 0
 0 0 0 0 0 0 0 0 0 0 0 0 0 0 0 0 0 0 0 0 0 0 0 0 0 0 0 0 0 0 0 0 0 0 0 0
 0 0 0 0 0 0 0 0 0 0 0 0 0 0 0 0 0 0 0 0 0 0 0 0 0 0 0 0 0 0 0 0 0 0 0 0
 0 0 0 0 0 0 0 0 1.78061e-05 0.00172719 0.00360574 0.0105946 0.0120993 0.0124554 0.0147524 0.0171206 0.0266825 0.0428682 0.0675386 0.121331 0.153587 0.119568 0.100827 0.0573624 0.0630603 0.0341343 0.0324427 0.0444173 0.0211091 0.0280891 0.0125444 0.00206551 0 0 0 0
 0 0 0 0 0 0 0 0 0 0 0 0 0 0 0 0 0 0 0 0 0 0 0 0 0 0 0 0 0 0 0 0 0 0 0 0
 0 0 0 0 0 0 0.0133647 0.0140871 0.0187388 0.0205184 0.03894 0.0496705 0.03968 0.0493445 0.0407372 0.0367815 0.0215668 0.0243155 0.0234873 0.0199281 0.019796 0.0243948 0.0301388 0.0376714 0.0412746 0.0863199 0.0771752 0.113111 0.0741005 0.0525337 0.0229764 0.00759418 0.00175318 0 0 0
 0 0 0 0 0 0 0 0 0 0 0.00219441 0.00772107 0.0458388 0.0604681 0.0671733 0.0775358 0.0609151 0.0617685 0.073594 0.0568108 0.0755445 0.0548602 0.0670107 0.0636378 0.0643287 0.046367 0.0373049 0.0286899 0.0247887 0.0153202 0.00654259 0.00121912 0.000365735 0 0 0
 0 0 0 0 0 0 0 0 0 0 0 0 0.000112435 0.00938835 0.0111873 0.0202946 0.0414886 0.0713402 0.111592 0.104902 0.108894 0.110636 0.117776 0.105296 0.107544 0.0401394 0.0192827 0.0124803 0.00416011 0.0028671 0.000618394 0 0 0 0 0
 0 0 0 0 0 0 0 0 0 0 0.00291406 0.0102884 0.027416 0.0768956 0.0749926 0.110853 0.0956884 0.0897413 0.0766577 0.0534642 0.0500743 0.0551293 0.0594112 0.0620874 0.0668451 0.0424026 0.0208742 0.0120726 0.0048766 0.00582813 0.00118941 0.000297354 0 0 0 0
 0 0.00264628 0.0354308 0.0461629 0.0458689 0.0383711 0.0214643 0.0164657 0.0346957 0.0420465 0.0363128 0.0245516 0.0311673 0.0291091 0.0169068 0.0133784 0.00837989 0.0085269 0.0148486 0.0160247 0.0276389 0.0546898 0.0760071 0.122758 0.109233 0.0665981 0.0333725 0.0166128 0.00676272 0.00308733 0.000882094 0 0 0 0 0
 0 0 0 0 0 0 0 0.000805153 0.000690131 0.00759144 0.0133425 0.0154129 0.00931677 0.000345066 0.00356568 0.00563607 0.00851162 0.0253048 0.0502646 0.0516448 0.0657925 0.0565908 0.0611916 0.0827007 0.0866115 0.110766 0.145733 0.0935128 0.0569358 0.0249597 0.0138026 0.00621118 0.00161031 0.00115022 0 0
 0 0 0 0 0 0 0 0 0 0 0 0 0 0 0 0 0 0 0 0 0 0 0 0 0 0 0 0 0 0 0 0 0 0 0 0
 0.00147267 0.00158595 0.00478618 0.00569244 0.00954404 0.0108468 0.00647125 0.017049 0.0510054 0.094081 0.124002 0.0959785 0.0687766 0.0820023 0.061753 0.0591476 0.0492212 0.0479892 0.0443925 0.0268479 0.0217502 0.0140895 0.0121071 0.0120363 0.00920419 0.00665534 0.0049561 0.00860946 0.00930331 0.0156896 0.0114698 0.00855282 0.00243557 0.00046729 0 2.83206e-05
 0 0 0 0 0.000772559 0.00158375 0.000888443 0.00281984 0.00712685 0.0440552 0.0773331 0.111326 0.0921469 0.0852325 0.0710754 0.0886704 0.0786465 0.0553345 0.0373146 0.0185414 0.00753245 0.00457741 0.012979 0.0271748 0.0457355 0.0583668 0.034881 0.0177882 0.00938659 0.00492506 0.0015258 0.00185414 0.000309023 5.79419e-05 3.86279e-05 0
 0 0.00173294 0.00326652 0 0.00397197 0.00683976 0.00946217 0.0152591 0.00757587 0.0136028 0.0228656 0.0392903 0.0559909 0.0764795 0.0681675 0.0726916 0.0566044 0.0477403 0.0527397 0.0444891 0.0609904 0.0582453 0.0661739 0.0445044 0.0529084 0.0360697 0.0280645 0.0235558 0.0158879 0.00826598 0.00280645 0.00217768 0.000904811 0.00058276 9.20147e-05 0
 0 0 0 0 0 0 0 0 0 0 0 0 0 0 0 0 0 0 0 0 0 0 0 0 0 0 0 0 0 0 0 0 0 0 0 0
 0 0 0 0 0 0 0 0 0 0 0 0 0 0 0 0 0 0 0 0 0 0 0 0 0 0 0 0 0 0 0 0 0 0 0 0
 0 0 0 0 0 0 0 0 0 0 0 0 0 0 0 0 0 0 0 0 0 0 0 0 0 0 0 0 0 0 0 0 0 0 0 0
 0 0 0 0 0 0 0 0 0 0 0 0 0 0 0 0 0 0 0 0 0 0 0 0 0 0 0 0 0 0 0 0 0 0 0 0
 0 0 0 0 0 0 0 0 0 0 0 0 0 0 0 0 0 0 0 0 0 0 0 0 0 0 0 0 0 0 0 0 0 0 0 0
ppred_pel_tallas
 1.00728e-16 3.56352e-05 0.000209158 0.00099426 0.00382798 0.0119372 0.0301524 0.0616955 0.102266 0.137336 0.149437 0.131786 0.0942752 0.0548957 0.0264097 0.0112372 0.00546579 0.00449732 0.00551599 0.00729273 0.00934055 0.0113852 0.0131855 0.0145211 0.0152292 0.0152396 0.0145886 0.0134044 0.0118709 0.0101833 0.00850892 0.00696412 0.00561025 0.0044634 0.00351111 0.0027284
 1.00695e-16 3.36208e-05 0.000197327 0.000938002 0.00361136 0.0112617 0.0284461 0.0582047 0.0964812 0.129573 0.141005 0.124384 0.0890563 0.0520095 0.0253068 0.0112574 0.00619578 0.00579995 0.00741103 0.00983968 0.0125656 0.0152426 0.0175425 0.0191649 0.0198941 0.0196484 0.0184983 0.0166441 0.0143624 0.011941 0.00962094 0.00756391 0.00584556 0.0044712 0.00340185 0.00258001
 1.01133e-16 2.85416e-05 0.000167499 0.000796177 0.00306526 0.00955869 0.0241446 0.0494042 0.081897 0.109998 0.119732 0.105688 0.075822 0.0445867 0.022267 0.0108778 0.00736252 0.00809214 0.010815 0.0144754 0.0185253 0.0225098 0.0259594 0.0284343 0.0296147 0.0293738 0.0278049 0.0251896 0.0219223 0.0184155 0.0150178 0.011966 0.00937603 0.00726432 0.00558458 0.0042636
 1.01569e-16 3.15545e-05 0.000185196 0.000880331 0.00338931 0.0105692 0.0266971 0.054626 0.0905495 0.121608 0.13234 0.11675 0.0836078 0.0488641 0.0238459 0.0107294 0.00608483 0.00586804 0.00759495 0.0101582 0.0130737 0.0160138 0.0186602 0.0207121 0.0219409 0.0222381 0.0216345 0.0202826 0.0184103 0.016263 0.0140541 0.0119355 0.00999327 0.00826041 0.00673733 0.00541092
 1.01595e-16 3.17989e-05 0.00018663 0.000887149 0.00341556 0.0106511 0.0269038 0.0550491 0.0912509 0.12255 0.133366 0.117656 0.0842598 0.0492508 0.0240448 0.0108348 0.00616442 0.00595636 0.00770393 0.0102858 0.0132072 0.0161302 0.018728 0.020695 0.0218039 0.0219548 0.0211945 0.0196952 0.0177054 0.0154869 0.0132621 0.0111833 0.00932807 0.00771495 0.00632699 0.0051343
 1.02305e-16 2.51328e-05 0.000147483 0.000701015 0.00269886 0.00841605 0.0212585 0.0434992 0.0721104 0.0968593 0.105447 0.0931192 0.0668917 0.0395105 0.0200579 0.0103407 0.0077016 0.00897236 0.0121802 0.0163781 0.0210334 0.0256653 0.0297599 0.0328295 0.0345117 0.0346503 0.0333257 0.0308214 0.0275432 0.0239188 0.0203109 0.0169679 0.0140156 0.0114814 0.00933328 0.00751641
 1.02339e-16 3.11399e-05 0.000182764 0.000868771 0.00334481 0.0104305 0.0263465 0.0539086 0.0893599 0.120009 0.130597 0.115203 0.0824825 0.0481707 0.0234417 0.0104377 0.00577054 0.00544871 0.00702685 0.00942661 0.0121935 0.0150341 0.0176658 0.0198175 0.0212762 0.0219285 0.0217794 0.0209371 0.0195756 0.0178871 0.0160408 0.0141613 0.0123251 0.0105725 0.00892412 0.00739423
 1.02168e-16 2.84743e-05 0.000167106 0.000794318 0.00305812 0.00953641 0.0240883 0.0492888 0.0817049 0.109737 0.119442 0.105419 0.0755977 0.0443928 0.0220558 0.010587 0.0069279 0.00745408 0.0099242 0.0133029 0.0170756 0.0208326 0.0241545 0.0266466 0.0280177 0.0281443 0.0270953 0.0251033 0.0224984 0.0196258 0.0167751 0.0141406 0.0118161 0.00981592 0.00810771 0.00664345
 1.01853e-16 3.11708e-05 0.000182943 0.000869617 0.00334806 0.0104406 0.0263721 0.0539612 0.0894477 0.120129 0.130733 0.115336 0.0826057 0.0482989 0.0236083 0.010687 0.00615077 0.00600681 0.00780141 0.0104373 0.013429 0.0164422 0.0191507 0.0212467 0.0224975 0.0227952 0.0221758 0.0207998 0.018904 0.0167411 0.014528 0.0124161 0.0104872 0.0087678 0.00725148 0.00591986
 1.01761e-16 2.98719e-05 0.000175314 0.00083334 0.00320837 0.010005 0.0252718 0.0517102 0.0857177 0.115124 0.125296 0.110565 0.0792441 0.046445 0.0229099 0.0107214 0.00665478 0.00689601 0.00909194 0.0121694 0.0156189 0.0190562 0.0220951 0.024373 0.0256214 0.0257251 0.0247446 0.022891 0.0204661 0.017787 0.0151223 0.012655 0.0104768 0.00860649 0.00701892 0.00567262
 1.02374e-16 2.49113e-05 0.000146183 0.000694835 0.00267506 0.00834184 0.021071 0.0431157 0.0714747 0.0960057 0.104518 0.0923004 0.0663065 0.039171 0.0198971 0.0102772 0.00767902 0.00896416 0.0121789 0.0163857 0.021057 0.0257149 0.0298481 0.0329695 0.0347153 0.0349255 0.0336745 0.0312381 0.0280147 0.0244256 0.0208295 0.0174739 0.0144869 0.011901 0.00969038 0.00780689
 1.03096e-16 2.55501e-05 0.000149938 0.000712695 0.00274384 0.00855635 0.0216128 0.0442238 0.07331 0.0984658 0.107184 0.0946225 0.0679064 0.0399792 0.0200559 0.00995232 0.00694794 0.00781262 0.0105502 0.0142336 0.0183854 0.022604 0.026463 0.0295496 0.031544 0.0322851 0.0317978 0.0302692 0.0279878 0.0252667 0.0223786 0.0195194 0.0168029 0.0142796 0.0119639 0.009858
 1.018e-16 3.30175e-05 0.000193788 0.000921183 0.00354661 0.0110598 0.0279361 0.0571609 0.0947503 0.127246 0.138467 0.122133 0.0874161 0.0509949 0.0247085 0.0108164 0.00571248 0.00515174 0.00653209 0.00870779 0.011204 0.0137272 0.0160042 0.01778 0.0188623 0.0191615 0.0187069 0.0176299 0.0161239 0.0143942 0.0126157 0.0109083 0.00933533 0.00791533 0.00664195 0.00550117
 1.0062e-16 3.4908e-05 0.000204886 0.000973943 0.00374975 0.0116933 0.0295362 0.0604349 0.100177 0.134534 0.146396 0.129123 0.0924108 0.0538919 0.0260795 0.0113574 0.0059059 0.00522737 0.00655949 0.00867861 0.0110709 0.0134167 0.0154233 0.0168251 0.0174329 0.0171771 0.016124 0.0144546 0.0124176 0.0102701 0.00822667 0.00642961 0.00494338 0.00376893 0.00286737 0.00218357
 1.0023e-16 3.80418e-05 0.000223289 0.00106145 0.00408668 0.012744 0.0321902 0.0658647 0.109175 0.146611 0.159521 0.140657 0.100575 0.0584686 0.0279496 0.011583 0.00517296 0.00379494 0.00443602 0.00579148 0.0073664 0.00890992 0.0102182 0.0111117 0.0114642 0.0112309 0.0104592 0.00927486 0.00784954 0.00636058 0.00495617 0.00373465 0.00274058 0.00197406 0.00140674 0.000998075
 1.00283e-16 3.55046e-05 0.000208389 0.000990597 0.00381387 0.0118932 0.0300413 0.0614683 0.10189 0.136833 0.148897 0.131325 0.09398 0.0547923 0.0264875 0.0114872 0.00590284 0.0051569 0.00643758 0.00849988 0.010823 0.0130861 0.0149976 0.0162946 0.0167915 0.0164234 0.015262 0.0134941 0.0113747 0.00916678 0.00709005 0.00529005 0.00383233 0.00271623 0.00189861 0.00131803
 1.00807e-16 2.98414e-05 0.000175131 0.000832467 0.00320499 0.00999444 0.0252453 0.0516561 0.085629 0.115007 0.125177 0.110478 0.0792209 0.0465099 0.0230871 0.0110455 0.00717482 0.00766987 0.0101734 0.0135906 0.0173721 0.0210792 0.0242656 0.0265161 0.0275308 0.0271941 0.0256009 0.0230251 0.0198481 0.0164674 0.0132187 0.0103293 0.00790863 0.0059694 0.00446213 0.00331027
 1.01378e-16 3.13692e-05 0.000184107 0.00087515 0.00336936 0.010507 0.0265399 0.0543045 0.090017 0.120894 0.131566 0.116074 0.0831394 0.0486216 0.0237858 0.0108002 0.00626032 0.00614825 0.00799291 0.0106858 0.0137313 0.0167836 0.0195041 0.0215738 0.0227528 0.0229319 0.0221528 0.0205881 0.0184912 0.0161328 0.0137469 0.0114984 0.00947805 0.00771567 0.0062036 0.00491797
 1.01613e-16 3.02051e-05 0.00017727 0.000842642 0.00324419 0.0101167 0.025554 0.0522874 0.0866744 0.116408 0.126692 0.111793 0.0801144 0.0469361 0.0231168 0.0107589 0.00659842 0.0067761 0.00891215 0.0119242 0.0153032 0.0186703 0.0216463 0.0238752 0.0250931 0.0251863 0.0242133 0.0223807 0.0199842 0.0173356 0.0146993 0.0122569 0.0101005 0.00825076 0.00668485 0.00536312
 1.01425e-16 3.28261e-05 0.000192663 0.000915832 0.003526 0.0109955 0.0277738 0.0568289 0.0942005 0.126509 0.137668 0.121437 0.0869356 0.0507506 0.0246571 0.0109077 0.00592281 0.00548529 0.00700661 0.00933927 0.0119949 0.0146588 0.0170331 0.0188402 0.0198726 0.0200373 0.0193732 0.0180331 0.0162389 0.0142263 0.0121963 0.0102885 0.00857624 0.00707989 0.00578806 0.00467704
 1.01495e-16 3.05028e-05 0.000179018 0.000850951 0.00327618 0.0102164 0.025806 0.052803 0.087529 0.117555 0.12794 0.112893 0.0808998 0.04739 0.0233287 0.0108373 0.00661806 0.0067717 0.00889319 0.0118881 0.015242 0.018573 0.0214998 0.0236662 0.0248099 0.0248212 0.0237645 0.0218538 0.0193928 0.0166998 0.0140443 0.0116092 0.00948561 0.00768985 0.00619303 0.00494852
 1.01838e-16 2.97795e-05 0.000174772 0.000830768 0.00319847 0.00997409 0.0251938 0.0515505 0.0854529 0.114767 0.124907 0.110218 0.0789879 0.0462797 0.0228006 0.0106246 0.0065356 0.00673129 0.00886859 0.011884 0.0152792 0.0186837 0.0217247 0.0240497 0.025394 0.0256372 0.024826 0.0231511 0.0208915 0.018344 0.015763 0.0133259 0.0111275 0.00919631 0.00752111 0.00607493
 1.01686e-16 3.20479e-05 0.000188093 0.000894106 0.00344235 0.0107346 0.0271149 0.0554808 0.0919661 0.12351 0.134407 0.118568 0.0848977 0.0495935 0.024156 0.0107904 0.00600856 0.00569847 0.00733511 0.00979537 0.0125937 0.0154084 0.0179308 0.0198715 0.0210129 0.0212558 0.0206371 0.0193112 0.0175044 0.0154568 0.0133737 0.0113973 0.00960305 0.00801315 0.00661857 0.00539895
 1.01512e-16 3.14999e-05 0.000184874 0.000878797 0.0033834 0.0105508 0.0266505 0.0545309 0.0903923 0.121398 0.132116 0.11656 0.0834909 0.0488336 0.0239009 0.010871 0.00632483 0.0062268 0.00809278 0.0108051 0.0138597 0.0169028 0.0195885 0.0215941 0.0226813 0.0227486 0.0218514 0.0201793 0.0180025 0.0156052 0.0132274 0.0110327 0.00910271 0.0074533 0.00606079 0.00488647
 1.0297e-16 1.98615e-05 0.000116528 0.000553833 0.00213214 0.00664874 0.0167945 0.0343662 0.056975 0.0765436 0.0833678 0.0737104 0.053144 0.0317818 0.016858 0.00987129 0.00879394 0.0111756 0.0154678 0.0208674 0.026822 0.0327507 0.0380064 0.0419687 0.0441745 0.0444204 0.0428025 0.0396744 0.0355455 0.0309546 0.0263605 0.0220796 0.0182753 0.0149884 0.0121851 0.00980255
 1.04175e-16 2.67015e-05 0.000156705 0.000744883 0.0028678 0.00894293 0.0225892 0.0462209 0.076618 0.102901 0.111991 0.0988174 0.0708098 0.0414738 0.0204095 0.00947907 0.00580629 0.00599715 0.00797636 0.0108272 0.0141491 0.0176585 0.0210621 0.024064 0.0264139 0.0279511 0.0286256 0.028488 0.0276575 0.0262806 0.0244968 0.0224215 0.020146 0.0177473 0.0152999 0.0128819
 1.0309e-16 2.99268e-05 0.00017564 0.000834898 0.00321438 0.0100237 0.0253192 0.0518067 0.0858768 0.115334 0.125517 0.110741 0.0793275 0.0464087 0.0227341 0.0103764 0.00609211 0.00605374 0.00790942 0.0106069 0.013678 0.0167962 0.0196406 0.0219079 0.0233683 0.0239138 0.0235761 0.0225061 0.0209252 0.0190652 0.0171189 0.0152134 0.0134098 0.0117207 0.0101356 0.00864211
pSPR Fmed_Fpbrs
0.509402   0.6 0.325
Fs Fmed_Fpbrs
0.64   0.43674 1.46853
SSBpbr Bo_Bmed_Bpbrs
1.14275e+06  524979  628510 314255
Ro
41772.8
SPR SPRFo_SPRFmed_SPRFpbrs
862784 439504 280405
log_Ro
10.46
likeval ReclasPelacesDesembMPH_pf_preclas_ppelaces_ptallas_desvR_qrecl_qpela
 62.5073 18.0608 0.0111563 0.000602979 330.622 211.334 54.7485 0 16.8123 1.47326e-05 4.0413e-05 9.92801e-15 0 0 0
q_reclas_q_pelaces
0.580478 2.47052
M
0.7
N
 40542 10995 3576.96 417.374 0.274335
 48885 18152.9 2865.16 729.654 83.6627
 28082.5 22250.3 5239.13 672.915 188.106
 40740.2 12162.7 4713.12 802.989 128.804
 70923.2 19696.9 5112.54 1859.62 365.917
 51732.9 35047 9486.73 2433.97 1058.61
 89371.7 24497.2 12943.4 3130.94 1142.95
 84543.3 43095.4 10129.9 4992.74 1640.01
 107224 39605.5 14883.7 3047.81 1975.06
 116039 49853 13050 4196.73 1399.7
 63887.2 54764.6 18031 4184.64 1778.42
 42626.3 28687.7 14527.5 3769.63 1224.51
 45876.2 19313.8 8048.69 3281.34 1109.82
 24492.2 19576.2 3729.29 1085.65 576.56
 15731.2 9007.88 1497.6 140.217 59.2349
 14976.6 5588.14 555.004 41.7717 5.24098
 11043.7 6523.65 1226.57 89.3444 7.39517
 13405.1 5000.06 1821.67 275.247 21.3585
 15109.7 6254.05 1683.22 529.077 85.204
 24110.2 7139.94 2279.7 545.585 197.371
 31012.3 11385.3 2591.56 734.595 237.273
 39776.6 15043 4884.72 1051.82 392.807
 64749.6 19183.4 6226.45 1886.73 555.097
 92310.2 31043.4 7653.26 2285.89 890.887
 44419.6 44319.7 12494.5 2844.11 1173.49
 63828.1 21463.2 18561.8 4905.15 1569.59
 91388 30894.3 9085.89 7395.5 2567.99
pred_Ctot
 2884.22 3898.14 1593.54 188.456 0.123958
 2947.75 5639.39 1133.01 292.707 33.5876
 2602.06 9627.43 2780.49 361.353 101.075
 774.732 1355.89 705.654 122.433 19.6579
 249.716 427.169 152.206 56.4706 11.1234
 1731.82 6570.66 2342.43 611.157 266.048
 1864.53 2978.56 2108.25 519.248 189.733
 3454.66 9636.57 2954.51 1479.81 486.501
 4932.62 9811.6 4777.69 993.746 644.507
 4152.32 9918.63 3409.09 1114.64 372.082
 4424.94 19011.9 7882.97 1854.51 788.713
 2699 9271.78 5954.87 1567.11 509.432
 4682.69 8951.17 4530.02 1867.42 631.972
 4648.05 13155.3 2823.29 827.079 439.382
 3282.99 6329.71 1171.13 110.26 46.5931
 1333.03 2348.22 287.195 21.8772 2.74662
 704.814 2121.88 505.679 37.3552 3.09425
 585.313 1184.3 560.762 86.0804 6.68524
 527.666 1217.63 430.779 137.677 22.1915
 853.33 1406.75 590.056 143.578 51.9864
 518.064 1123.17 344.467 99.4586 32.1564
 825.523 1820.15 791.884 173.618 64.9003
 1611.22 2746.83 1187.81 366.325 107.878
 2205.88 4282.01 1408.34 428.164 167.027
 862.944 5040.84 1907.53 442.165 182.616
 1162.93 2298.27 2672.37 719.233 230.369
 2239.83 4362.22 1710.08 1416.72 492.4
F
 0.10351 0.644819 0.889699 0.907845 0.908821
 0.0871126 0.542672 0.74876 0.764031 0.764852
 0.136769 0.852008 1.17557 1.19955 1.20084
 0.0267563 0.166679 0.229978 0.234669 0.234921
 0.0049065 0.0305652 0.0421729 0.043033 0.0430792
 0.047533 0.296109 0.40856 0.416893 0.417341
 0.0293879 0.183073 0.252598 0.25775 0.258027
 0.0582951 0.363152 0.501064 0.511283 0.511833
 0.065845 0.410184 0.565958 0.577501 0.578122
 0.0508842 0.316985 0.437365 0.446285 0.446765
 0.10065 0.627003 0.865117 0.882761 0.88371
 0.0916535 0.57096 0.78779 0.803857 0.804721
 0.151632 0.9446 1.30333 1.32991 1.33134
 0.300254 1.87045 2.58078 2.63341 2.63624
 0.334997 2.08688 2.8794 2.93813 2.94129
 0.131057 0.816427 1.12648 1.14945 1.15069
 0.0924115 0.575681 0.794305 0.810505 0.811376
 0.062403 0.388742 0.536373 0.547312 0.547901
 0.0496321 0.309185 0.426603 0.435304 0.435771
 0.0503158 0.313444 0.43248 0.4413 0.441774
 0.0234703 0.146209 0.201734 0.205849 0.20607
 0.0292329 0.182108 0.251266 0.25639 0.256666
 0.0351412 0.218913 0.302049 0.308209 0.308541
 0.0337257 0.210096 0.289883 0.295795 0.296113
 0.0273411 0.170323 0.235006 0.239799 0.240056
 0.0256226 0.159617 0.220234 0.224726 0.224968
 0.0346036 0.215565 0.297429 0.303495 0.303821
Np
 30985.9 14640.5 15969.1 4004.75 1420.97
YTP_r0W_actual
 26225.6 130167 73145.4 77308.4 29816.1
YTP_p0W_proyectada
 8892.02 184705 99557.2 35030.7 43014.6
 8892.02 61685.2 128558 41863.3 16498.4
CTP_r0_actual
 3198.24 6026.26 2329.47 1927.89 670.025
CTP_p0_proyectada
 1084.39 8551.16 3170.61 873.583 966.619
 1084.39 2855.79 4094.21 1043.97 370.752
Wmedp
 8.2 21.6 31.4 40.1 44.5
nmprior
 10.8 10.6 4.6 0
nm_flota  nm_reclas  nm_pelaces    nm_pelaL
inf 18.6712 17.4096 54.5887
cv_recla  cv_pelaces  cv_mph
0.684693 0.465542 0.656277
 ------------------------------------------------
Talla a la edad & desviaci?n 
 7.2 14.2025 17.0495 18.207 18.6776
 1.08 2.13037 2.55742 2.73105 2.80164
