years
 1997 1998 1999 2000 2001 2002 2003 2004 2005 2006 2007 2008 2009 2010 2011 2012 2013 2014 2015 2016 2017 2018 2019 2020 2021 2022 2023
reclasobs
 0 0 0 370054 412103 1.49427e+06 250295 1.28982e+06 931140 785840 897777 1.04006e+06 184774 17550 25797 100020 73551 82996 120727 218422 84188 347160 605670 569463 516374 1.08416e+06 1.01767e+06
reclaspred
 2.67018e+06 446677 736287 212249 258103 353329 680061 644705 674275 864655 962831 704865 364086 144594 79875 80238.6 82468.1 109797 141691 146152 214894 241947 381423 485290 788663 705607 341727
pelacesobs
 0 0 0 0 0 0 0 0 0 2.06254e+06 1.5e+06 0 1.87456e+06 323000 250000 174000 83755 137374 0 501740 490994 745055 786931 1.00524e+06 1.33801e+06 1.41789e+06 0
pelacespred
 5.11757e+06 1.81352e+06 733580 484929 754779 590916 2.08119e+06 1.83867e+06 1.75325e+06 2.48264e+06 2.11587e+06 1.55506e+06 905129 293753 166819 164983 173441 250492 305767 288847 569896 574185 676572 1.07015e+06 1.59975e+06 1.41248e+06 505272
mphobs
 0 0 0 0 0 112323 0 153150 637223 0 255016 313432 73983 77613 109348 50772 17779 17303 59886 28197 0 207744 136588 643089 65757 70829 0
mphpred
 514849 205976 158913 62712.2 48429.5 132788 150783 281475 246884 274148 378930 257298 156281 94902.2 44781.8 32370.3 28751.9 33956.4 45490.3 43771.6 55816.3 77150.6 89018 125427 213994 177790 129381
desembarqueobs
 350755 77701 442110 56441 14545 235359 269955 359681 431902 328805 639364 411747 362871 311530 167758 66681 60226 58785 57116 73181 50977 67692 138656 160484 209506 203330 245020
desembarquepred
 350733 77662.9 441502 56414.7 14543.1 235193 269900 359111 431407 328511 638221 411057 362158 310969 167249 66606.5 60192.9 58700.4 57035 73092.6 50959.8 67618.7 138534 160371 209311 203073 244736
Reclutas
 14228.7 40774.7 2875.74 6168.17 37731.9 14334 64636.6 56590 65508.9 114226 64768.9 47509.6 57377.6 29029.6 12337.7 9318 7001.98 8984.05 7840.87 9127.64 15922.1 17621 28968 47595.4 14895.6 29959.5 3004.7
log_desv_Rt
 -0.356986 0.695818 -1.95594 -1.19284 0.61826 -0.34961 1.15654 1.02359 1.16994 1.72593 1.15858 0.848687 1.03741 0.356071 -0.499582 -0.780297 -1.06605 -0.816794 -0.952895 -0.800938 -0.244535 -0.143151 0.353949 0.850491 -0.311182 0.387603 -1.91207
SSB
 749653 299914 231388 91313 70516.4 193348 219549 409846 359479 399177 551747 374643 227555 138184 65205.3 47133.2 41864.6 49442.7 66236.8 63734.3 81272.1 112336 129616 182630 311589 258874 188388
BT
 1.27491e+06 435848 360747 149989 254932 305703 1.04714e+06 944603 994557 1.14124e+06 1.15853e+06 808887 680133 392767 198518 105636 103671 128753 121600 137095 213030 186263 265675 431198 480323 483741 283566
Ftot
 0.436493 0.710199 1.72438 1.01428 0.270221 1.77754 1.67673 1.76524 2.0966 1.39332 1.9187 1.80073 3.12863 4.95303 4.95303 2.35182 2.20889 1.77167 1.21779 1.58839 0.836555 0.899006 1.18376 1.13803 0.798289 1.03544 1.92055
BD_Bspro_t
 0.946163 0.677344 0.520911 0.181485 0.233684 0.498872 0.384048 0.485563 0.405159 0.390606 0.432218 0.282166 0.193216 0.139667 0.0800443 0.0717938 0.0885577 0.143126 0.225623 0.262967 0.343308 0.483623 0.475289 0.487012 0.544906 0.423722 0.342956
BD_Bspro
 1.78505 0.714145 0.550974 0.217431 0.167911 0.460393 0.522783 0.975912 0.855979 0.950507 1.3138 0.892087 0.541846 0.329038 0.155265 0.112232 0.0996866 0.117731 0.157721 0.151762 0.193522 0.267491 0.308637 0.434873 0.741945 0.616423 0.448583
BD_Bo
 1.59247 0.637099 0.491531 0.193973 0.149796 0.410722 0.466382 0.870624 0.76363 0.847961 1.17206 0.795843 0.483388 0.29354 0.138514 0.100124 0.0889318 0.10503 0.140705 0.135389 0.172644 0.238633 0.275339 0.387956 0.661899 0.549919 0.400187
BD_Brms
 2.89539 1.15836 0.893693 0.352679 0.272356 0.746768 0.847967 1.58295 1.38842 1.54175 2.13102 1.44699 0.878888 0.533708 0.251843 0.182043 0.161694 0.190963 0.255827 0.246162 0.313898 0.433878 0.500617 0.705374 1.20345 0.999853 0.727612
S_f
 0.0749897 0.741513 0.990245 0.999722 0.999992
 0.0749897 0.741513 0.990245 0.999722 0.999992
 0.0749897 0.741513 0.990245 0.999722 0.999992
 0.0749897 0.741513 0.990245 0.999722 0.999992
 0.0749897 0.741513 0.990245 0.999722 0.999992
 0.0749897 0.741513 0.990245 0.999722 0.999992
 0.0749897 0.741513 0.990245 0.999722 0.999992
 0.0749897 0.741513 0.990245 0.999722 0.999992
 0.0749897 0.741513 0.990245 0.999722 0.999992
 0.0749897 0.741513 0.990245 0.999722 0.999992
 0.0749897 0.741513 0.990245 0.999722 0.999992
 0.0749897 0.741513 0.990245 0.999722 0.999992
 0.0749897 0.741513 0.990245 0.999722 0.999992
 0.0749897 0.741513 0.990245 0.999722 0.999992
 0.0749897 0.741513 0.990245 0.999722 0.999992
 0.0749897 0.741513 0.990245 0.999722 0.999992
 0.0749897 0.741513 0.990245 0.999722 0.999992
 0.0749897 0.741513 0.990245 0.999722 0.999992
 0.0749897 0.741513 0.990245 0.999722 0.999992
 0.0749897 0.741513 0.990245 0.999722 0.999992
 0.0749897 0.741513 0.990245 0.999722 0.999992
 0.0749897 0.741513 0.990245 0.999722 0.999992
 0.0749897 0.741513 0.990245 0.999722 0.999992
 0.0749897 0.741513 0.990245 0.999722 0.999992
 0.0749897 0.741513 0.990245 0.999722 0.999992
 0.0749897 0.741513 0.990245 0.999722 0.999992
 0.0749897 0.741513 0.990245 0.999722 0.999992
Scru_reclas
 0.106144 0.374068 0.750474 0.938027 0.987042
 0.106144 0.374068 0.750474 0.938027 0.987042
 0.106144 0.374068 0.750474 0.938027 0.987042
 0.106144 0.374068 0.750474 0.938027 0.987042
 0.106144 0.374068 0.750474 0.938027 0.987042
 0.106144 0.374068 0.750474 0.938027 0.987042
 0.106144 0.374068 0.750474 0.938027 0.987042
 0.106144 0.374068 0.750474 0.938027 0.987042
 0.106144 0.374068 0.750474 0.938027 0.987042
 0.106144 0.374068 0.750474 0.938027 0.987042
 0.106144 0.374068 0.750474 0.938027 0.987042
 0.106144 0.374068 0.750474 0.938027 0.987042
 0.106144 0.374068 0.750474 0.938027 0.987042
 0.106144 0.374068 0.750474 0.938027 0.987042
 0.106144 0.374068 0.750474 0.938027 0.987042
 0.106144 0.374068 0.750474 0.938027 0.987042
 0.106144 0.374068 0.750474 0.938027 0.987042
 0.106144 0.374068 0.750474 0.938027 0.987042
 0.106144 0.374068 0.750474 0.938027 0.987042
 0.106144 0.374068 0.750474 0.938027 0.987042
 0.106144 0.374068 0.750474 0.938027 0.987042
 0.106144 0.374068 0.750474 0.938027 0.987042
 0.106144 0.374068 0.750474 0.938027 0.987042
 0.106144 0.374068 0.750474 0.938027 0.987042
 0.106144 0.374068 0.750474 0.938027 0.987042
 0.106144 0.374068 0.750474 0.938027 0.987042
 0.106144 0.374068 0.750474 0.938027 0.987042
Scru_pelaces
 0.229111 0.599314 0.882731 0.974282 0.994782
 0.229111 0.599314 0.882731 0.974282 0.994782
 0.229111 0.599314 0.882731 0.974282 0.994782
 0.229111 0.599314 0.882731 0.974282 0.994782
 0.229111 0.599314 0.882731 0.974282 0.994782
 0.229111 0.599314 0.882731 0.974282 0.994782
 0.229111 0.599314 0.882731 0.974282 0.994782
 0.229111 0.599314 0.882731 0.974282 0.994782
 0.229111 0.599314 0.882731 0.974282 0.994782
 0.229111 0.599314 0.882731 0.974282 0.994782
 0.229111 0.599314 0.882731 0.974282 0.994782
 0.229111 0.599314 0.882731 0.974282 0.994782
 0.229111 0.599314 0.882731 0.974282 0.994782
 0.229111 0.599314 0.882731 0.974282 0.994782
 0.229111 0.599314 0.882731 0.974282 0.994782
 0.229111 0.599314 0.882731 0.974282 0.994782
 0.229111 0.599314 0.882731 0.974282 0.994782
 0.229111 0.599314 0.882731 0.974282 0.994782
 0.229111 0.599314 0.882731 0.974282 0.994782
 0.229111 0.599314 0.882731 0.974282 0.994782
 0.229111 0.599314 0.882731 0.974282 0.994782
 0.229111 0.599314 0.882731 0.974282 0.994782
 0.229111 0.599314 0.882731 0.974282 0.994782
 0.229111 0.599314 0.882731 0.974282 0.994782
 0.229111 0.599314 0.882731 0.974282 0.994782
 0.229111 0.599314 0.882731 0.974282 0.994782
 0.229111 0.599314 0.882731 0.974282 0.994782
pf_obs 
 0.256992 0.487395 0.22802 0.0275931 0
 0.321318 0.546541 0.124235 0.00734118 0.000564706
 0.182869 0.594174 0.210203 0.0122559 0.00049798
 0.330522 0.361315 0.267642 0.0388342 0.00168674
 0.649043 0.306663 0.0425973 0.00169635 0
 0.582887 0.30429 0.105238 0.00758474 0
 0.465427 0.430635 0.0974691 0.00646863 0
 0.296916 0.608066 0.0921331 0.00288517 0
 0.311714 0.524322 0.152257 0.0117073 0
 0.15457 0.633149 0.183074 0.0267441 0.00246327
 0.131901 0.49318 0.331252 0.0422183 0.00144891
 0.196976 0.569456 0.194076 0.0375587 0.00193317
 0.518974 0.381816 0.0799577 0.0180837 0.00116848
 0.0928022 0.601141 0.25162 0.0475244 0.00691264
 0.122501 0.610282 0.24278 0.0234846 0.000952079
 0.383417 0.481906 0.127806 0.00687128 0
 0.0376549 0.599619 0.316969 0.0457579 0
 0.0361596 0.667082 0.258105 0.0386534 0
 0.158088 0.579412 0.248529 0.0139706 0
 0.0477256 0.309471 0.559284 0.082774 0.000745712
 0.0406174 0.521527 0.379366 0.0568643 0.0016247
 0.151134 0.462217 0.34131 0.0453401 0
 0.294876 0.26143 0.354403 0.0886775 0.000613685
 0.281977 0.475581 0.204845 0.0348837 0.00271318
 0.0841818 0.532909 0.334909 0.0458182 0.00218182
 0.115287 0.27431 0.454777 0.147771 0.00785563
 0 0 0 0 0
pf_pred 
 0.0476857 0.633193 0.281304 0.0378124 5.03536e-06
 0.201122 0.273535 0.387417 0.12175 0.016176
 0.0181675 0.768484 0.0930397 0.0890378 0.0312713
 0.141739 0.21622 0.555818 0.0380407 0.048183
 0.510969 0.351589 0.0472204 0.0782684 0.0119532
 0.102386 0.82125 0.0596229 0.00579294 0.010948
 0.522792 0.322699 0.146912 0.00595889 0.00163776
 0.233305 0.732713 0.0267066 0.00692383 0.000350812
 0.278428 0.611626 0.107177 0.00218602 0.000583117
 0.349168 0.580963 0.0638456 0.00587485 0.000148254
 0.15734 0.753598 0.0830751 0.00547952 0.000507622
 0.177396 0.647901 0.164175 0.00983562 0.000693338
 0.322233 0.554887 0.106901 0.0150357 0.000944
 0.251932 0.711568 0.0333967 0.00271123 0.000392483
 0.248646 0.729125 0.021918 0.000285824 2.53072e-05
 0.277748 0.698761 0.0232925 0.000194929 2.63657e-06
 0.221848 0.701869 0.0750273 0.00124522 1.02959e-05
 0.296289 0.609233 0.0894904 0.00490731 8.01452e-05
 0.199289 0.707973 0.0853371 0.00701846 0.000383055
 0.23502 0.597895 0.154552 0.011548 0.000984776
 0.297055 0.589005 0.0980593 0.0147108 0.00116981
 0.203866 0.663352 0.117713 0.0129947 0.00207457
 0.272615 0.553492 0.153748 0.0178889 0.0022565
 0.295649 0.594539 0.0918336 0.0159253 0.00205214
 0.0684497 0.790286 0.126576 0.0123162 0.00237194
 0.210523 0.365166 0.379167 0.0405099 0.00463496
 0.0283441 0.7881 0.105374 0.0699805 0.00820221
pobs_RECLAS
 0 0 0 0 0
 0 0 0 0 0
 0 0 0 0 0
 0 0 0 0 0
 0.835266 0.146461 0.0176864 0.000547809 3.91292e-05
 0.385257 0.428462 0.181853 0.0044286 0
 0.867414 0.0963971 0.0333333 0.00285562 0
 0.441836 0.489002 0.0689373 0.000224442 0
 0.779404 0.147425 0.0564933 0.0165055 0.000172143
 0.814271 0.122319 0.05973 0.00367925 0
 0.40263 0.566651 0.0304383 0.000280538 0
 0.475488 0.404961 0.113038 0.00651328 0
 0.955842 0.0263864 0.0167828 0.000988607 0
 0.975058 0.0227948 0.00214734 0 0
 0.738997 0.206755 0.0527124 0.00153531 0
 0.850938 0.134255 0.0134407 0.00136685 0
 0.542534 0.407297 0.0501686 0 0
 0.764087 0.199537 0.0359546 0.000420521 0
 0.470689 0.182191 0.310203 0.0369168 0
 0.84361 0.089868 0.0606195 0.00523954 0.000663233
 0.607945 0.314616 0.071237 0.00620181 0
 0.523733 0.453247 0.0230204 0 0
 0.530135 0.295979 0.169645 0.0042399 0
 0.562478 0.366248 0.0663022 0.0049721 0
 0.250443 0.683176 0.0655157 0.000865301 0
 0.195077 0.31981 0.436473 0.0351445 0.0134964
 0.565238 0.351407 0.0832357 0.000118908 0
ppred_RECLAS
 0.108612 0.50331 0.332721 0.0553498 7.75372e-06
 0.348178 0.162412 0.339134 0.131848 0.0184276
 0.0497367 0.65866 0.111399 0.13159 0.048614
 0.263056 0.134502 0.503135 0.0425771 0.0567295
 0.710855 0.17224 0.034574 0.0709351 0.0113962
 0.260478 0.650264 0.0657136 0.00787977 0.0156643
 0.754043 0.146475 0.0934498 0.00467931 0.0013528
 0.488939 0.47857 0.0243008 0.00777564 0.000414408
 0.549293 0.361703 0.0862268 0.00216848 0.000608427
 0.612213 0.330024 0.0517272 0.00588026 0.000156093
 0.369063 0.541339 0.0822527 0.00669293 0.000652187
 0.389906 0.442057 0.155674 0.0115095 0.000853416
 0.635669 0.283697 0.0680919 0.011766 0.000776937
 0.643779 0.338006 0.0163508 0.00161846 0.000246359
 0.64009 0.348912 0.0108104 0.000171886 1.60029e-05
 0.567315 0.414085 0.0184076 0.000189784 2.7e-06
 0.482463 0.451149 0.0650462 0.00133062 1.15723e-05
 0.561676 0.359687 0.073573 0.00497927 8.55387e-05
 0.417536 0.488534 0.0848143 0.0086211 0.000494953
 0.469 0.379029 0.138088 0.0127404 0.00114284
 0.534313 0.360075 0.0879316 0.0163159 0.00136484
 0.411192 0.452586 0.117488 0.0160401 0.00269376
 0.504194 0.338182 0.135545 0.0194931 0.00258652
 0.539868 0.360102 0.0804475 0.017245 0.00233758
 0.166804 0.656386 0.154454 0.0185897 0.0037661
 0.386687 0.224423 0.338756 0.0447482 0.00538575
 0.0798368 0.679667 0.125239 0.102607 0.01265
pobs_PELACES
 0 0 0 0 0
 0 0 0 0 0
 0 0 0 0 0
 0 0 0 0 0
 0 0 0 0 0
 0 0 0 0 0
 0 0 0 0 0
 0 0 0 0 0
 0 0 0 0 0
 0 0 0 0 0
 0.450072 0.473896 0.0757376 0.000293798 0
 0 0 0 0 0
 0.463077 0.371075 0.160297 0.00555027 0
 0.529543 0.364841 0.0842815 0.0213345 0
 0.631943 0.363953 0.00410389 0 0
 0.735681 0.248677 0.0153453 0.000297389 0
 0.695825 0.281241 0.0229344 0 0
 0.275771 0.60734 0.115278 0.00161068 0
 0 0 0 0 0
 0.896147 0.0623911 0.0374545 0.00400742 0
 0.803859 0.145111 0.0509908 3.86294e-05 0
 0.739449 0.233085 0.0266225 0.000797448 4.60066e-05
 0.878498 0.100942 0.0204185 0.000141795 0
 0.694673 0.275183 0.0284847 0.00165964 0
 0.469039 0.446079 0.0841089 0.000773354 0
 0.822795 0.102175 0.0682046 0.00682512 0
 0 0 0 0 0
ppred_PELACES
 0.172337 0.538512 0.252156 0.0369903 5.02792e-06
 0.528799 0.15661 0.226488 0.0775818 0.0105208
 0.105555 0.710059 0.0765304 0.0793982 0.028458
 0.454151 0.137894 0.348445 0.0259552 0.0335538
 0.803208 0.13612 0.0196198 0.0355153 0.0055364
 0.423999 0.531419 0.0340743 0.00358796 0.00691989
 0.875117 0.0872607 0.0356166 0.00156659 0.000439403
 0.660794 0.325602 0.0105009 0.00295066 0.000152569
 0.738072 0.22747 0.033517 0.000739446 0.00020128
 0.753105 0.221797 0.0227641 0.00227516 5.85959e-05
 0.559518 0.399441 0.038065 0.00271871 0.00025702
 0.587751 0.332853 0.0742313 0.00481899 0.000346669
 0.838364 0.139556 0.0190218 0.00287417 0.000184107
 0.88144 0.115557 0.002733 0.000235207 3.47255e-05
 0.878577 0.119584 0.00181144 2.50422e-05 2.26132e-06
 0.750897 0.242518 0.00652536 5.89723e-05 8.13924e-07
 0.682425 0.291381 0.0257283 0.000461552 3.89423e-06
 0.73193 0.235627 0.0305952 0.00181832 3.03055e-05
 0.571999 0.380033 0.0438302 0.00391913 0.000218306
 0.653151 0.276272 0.0648616 0.00525814 0.000457611
 0.667511 0.277778 0.0464962 0.00759844 0.000616716
 0.553812 0.371275 0.065725 0.00790132 0.00128747
 0.6663 0.255681 0.0682691 0.00863751 0.00111199
 0.687127 0.264862 0.0395665 0.00746293 0.000981502
 0.256591 0.62877 0.101734 0.0107852 0.00212003
 0.575518 0.197429 0.200959 0.023365 0.00272848
 0.166509 0.689643 0.0796883 0.0573058 0.00685425
pobs_pel_tallas
 0 0 0 0 0 0 0 0 0 0 0 0 0 0 0 0 0 0 0 0 0 0 0 0 0 0 0 0 0 0 0 0 0 0 0 0
 0 0 0 0 0 0 0 0 0 0 0 0 0 0 0 0 0 0 0 0 0 0 0 0 0 0 0 0 0 0 0 0 0 0 0 0
 0 0 0 0 0 0 0 0 0 0 0 0 0 0 0 0 0 0 0 0 0 0 0 0 0 0 0 0 0 0 0 0 0 0 0 0
 0 0 0 0 0 0 0 0 0 0 0 0 0 0 0 0 0 0 0 0 0 0 0 0 0 0 0 0 0 0 0 0 0 0 0 0
 0 0 0 0 0 0 0 0 0 0 0 0 0 0 0 0 0 0 0 0 0 0 0 0 0 0 0 0 0 0 0 0 0 0 0 0
 0 0 0 0 0 0 0 0 0 0 0 0 0 0 0 0 0 0 0 0 0 0 0 0 0 0 0 0 0 0 0 0 0 0 0 0
 0 0 0 0 0 0 0 0 0 0 0 0 0 0 0 0 0 0 0 0 0 0 0 0 0 0 0 0 0 0 0 0 0 0 0 0
 0 0 0 0 0 0 0 0 0 0 0 0 0 0 0 0 0 0 0 0 0 0 0 0 0 0 0 0 0 0 0 0 0 0 0 0
 0 0 0 0 0 0 0 0 0 0 0 0 0 0 0 0 0 0 0 0 0 0 0 0 0 0 0 0 0 0 0 0 0 0 0 0
 0 0 0 0 0 0 0 0 0 0 0 0 0 0 0 0 0 0 0 0 0 0 0 0 0 0 0 0 0 0 0 0 0 0 0 0
 0 0 0 0 0 0 0 0 1.78061e-05 0.00172719 0.00360574 0.0105946 0.0120993 0.0124554 0.0147524 0.0171206 0.0266825 0.0428682 0.0675386 0.121331 0.153587 0.119568 0.100827 0.0573624 0.0630603 0.0341343 0.0324427 0.0444173 0.0211091 0.0280891 0.0125444 0.00206551 0 0 0 0
 0 0 0 0 0 0 0 0 0 0 0 0 0 0 0 0 0 0 0 0 0 0 0 0 0 0 0 0 0 0 0 0 0 0 0 0
 0 0 0 0 0 0 0.0133647 0.0140871 0.0187388 0.0205184 0.03894 0.0496705 0.03968 0.0493445 0.0407372 0.0367815 0.0215668 0.0243155 0.0234873 0.0199281 0.019796 0.0243948 0.0301388 0.0376714 0.0412746 0.0863199 0.0771752 0.113111 0.0741005 0.0525337 0.0229764 0.00759418 0.00175318 0 0 0
 0 0 0 0 0 0 0 0 0 0 0.00219441 0.00772107 0.0458388 0.0604681 0.0671733 0.0775358 0.0609151 0.0617685 0.073594 0.0568108 0.0755445 0.0548602 0.0670107 0.0636378 0.0643287 0.046367 0.0373049 0.0286899 0.0247887 0.0153202 0.00654259 0.00121912 0.000365735 0 0 0
 0 0 0 0 0 0 0 0 0 0 0 0 0.000112435 0.00938835 0.0111873 0.0202946 0.0414886 0.0713402 0.111592 0.104902 0.108894 0.110636 0.117776 0.105296 0.107544 0.0401394 0.0192827 0.0124803 0.00416011 0.0028671 0.000618394 0 0 0 0 0
 0 0 0 0 0 0 0 0 0 0 0.00291406 0.0102884 0.027416 0.0768956 0.0749926 0.110853 0.0956884 0.0897413 0.0766577 0.0534642 0.0500743 0.0551293 0.0594112 0.0620874 0.0668451 0.0424026 0.0208742 0.0120726 0.0048766 0.00582813 0.00118941 0.000297354 0 0 0 0
 0 0.00264628 0.0354308 0.0461629 0.0458689 0.0383711 0.0214643 0.0164657 0.0346957 0.0420465 0.0363128 0.0245516 0.0311673 0.0291091 0.0169068 0.0133784 0.00837989 0.0085269 0.0148486 0.0160247 0.0276389 0.0546898 0.0760071 0.122758 0.109233 0.0665981 0.0333725 0.0166128 0.00676272 0.00308733 0.000882094 0 0 0 0 0
 0 0 0 0 0 0 0 0.000805153 0.000690131 0.00759144 0.0133425 0.0154129 0.00931677 0.000345066 0.00356568 0.00563607 0.00851162 0.0253048 0.0502646 0.0516448 0.0657925 0.0565908 0.0611916 0.0827007 0.0866115 0.110766 0.145733 0.0935128 0.0569358 0.0249597 0.0138026 0.00621118 0.00161031 0.00115022 0 0
 0 0 0 0 0 0 0 0 0 0 0 0 0 0 0 0 0 0 0 0 0 0 0 0 0 0 0 0 0 0 0 0 0 0 0 0
 0.00147267 0.00158595 0.00478618 0.00569244 0.00954404 0.0108468 0.00647125 0.017049 0.0510054 0.094081 0.124002 0.0959785 0.0687766 0.0820023 0.061753 0.0591476 0.0492212 0.0479892 0.0443925 0.0268479 0.0217502 0.0140895 0.0121071 0.0120363 0.00920419 0.00665534 0.0049561 0.00860946 0.00930331 0.0156896 0.0114698 0.00855282 0.00243557 0.00046729 0 2.83206e-05
 0 0 0 0 0.000772559 0.00158375 0.000888443 0.00281984 0.00712685 0.0440552 0.0773331 0.111326 0.0921469 0.0852325 0.0710754 0.0886704 0.0786465 0.0553345 0.0373146 0.0185414 0.00753245 0.00457741 0.012979 0.0271748 0.0457355 0.0583668 0.034881 0.0177882 0.00938659 0.00492506 0.0015258 0.00185414 0.000309023 5.79419e-05 3.86279e-05 0
 0 0.00173294 0.00326652 0 0.00397197 0.00683976 0.00946217 0.0152591 0.00757587 0.0136028 0.0228656 0.0392903 0.0559909 0.0764795 0.0681675 0.0726916 0.0566044 0.0477403 0.0527397 0.0444891 0.0609904 0.0582453 0.0661739 0.0445044 0.0529084 0.0360697 0.0280645 0.0235558 0.0158879 0.00826598 0.00280645 0.00217768 0.000904811 0.00058276 9.20147e-05 0
 0 0 0 0 0 0 0 0 0 0 0 0 0 0 0 0 0 0 0 0 0 0 0 0 0 0 0 0 0 0 0 0 0 0 0 0
 0 0 0 0 0 0 0 0 0 0 0 0 0 0 0 0 0 0 0 0 0 0 0 0 0 0 0 0 0 0 0 0 0 0 0 0
 0 0 0 0 0 0 0 0 0 0 0 0 0 0 0 0 0 0 0 0 0 0 0 0 0 0 0 0 0 0 0 0 0 0 0 0
 0 0 0 0 0 0 0 0 0 0 0 0 0 0 0 0 0 0 0 0 0 0 0 0 0 0 0 0 0 0 0 0 0 0 0 0
 0 0 0 0 0 0 0 0 0 0 0 0 0 0 0 0 0 0 0 0 0 0 0 0 0 0 0 0 0 0 0 0 0 0 0 0
ppred_pel_tallas
 1.05027e-16 7.54977e-06 4.42342e-05 0.000210109 0.000808663 0.0025215 0.00636966 0.0130373 0.0216265 0.0290914 0.0317827 0.0283333 0.020934 0.013535 0.00903635 0.00819644 0.0104408 0.0149908 0.0213053 0.0289626 0.0374405 0.0460232 0.053856 0.0600924 0.0640715 0.0654559 0.0642894 0.0609509 0.0560333 0.0501878 0.043992 0.0378715 0.0320876 0.0267688 0.0219629 0.0176822
 1.06424e-16 2.30776e-05 0.000135431 0.00064375 0.00247842 0.00772868 0.0195221 0.0399452 0.0662154 0.0889311 0.0967897 0.0854112 0.0612187 0.0358885 0.0177244 0.00834714 0.00528751 0.00563477 0.00762372 0.0104947 0.0139347 0.0177265 0.0216315 0.0253875 0.0287438 0.0314963 0.0335085 0.0347118 0.0350922 0.0346717 0.0334959 0.0316306 0.0291676 0.026229 0.0229684 0.0195605
 1.05376e-16 4.64412e-06 2.71611e-05 0.00012891 0.000495972 0.00154634 0.00390671 0.00799913 0.0132802 0.0178979 0.0196422 0.0177202 0.013545 0.00964093 0.00792352 0.00901846 0.0127284 0.0186775 0.0265231 0.0358333 0.0459279 0.0558484 0.0644738 0.0707364 0.0738637 0.0735589 0.0700653 0.0640811 0.0565686 0.0485177 0.0407452 0.03378 0.0278505 0.0229465 0.0189196 0.015577
 1.07451e-16 1.98221e-05 0.00011632 0.000552895 0.00212861 0.0066378 0.0167666 0.0343072 0.0568702 0.0763818 0.0831364 0.0733748 0.052618 0.0309012 0.015367 0.00742374 0.00497251 0.00554099 0.00764473 0.0106636 0.0143564 0.0185527 0.0230442 0.0275763 0.0318741 0.0356735 0.0387463 0.0409134 0.0420503 0.0420899 0.0410268 0.0389226 0.0359104 0.0321894 0.0280088 0.0236405
 1.01803e-16 3.50418e-05 0.000205675 0.000977703 0.00376424 0.0117384 0.0296503 0.0606681 0.100563 0.135048 0.146947 0.129589 0.0927002 0.053972 0.0259531 0.0110223 0.00533169 0.00435997 0.00534007 0.00706738 0.00906977 0.0110868 0.0128924 0.0142812 0.0151027 0.0152934 0.0148881 0.0140048 0.0128089 0.0114704 0.0101278 0.00886889 0.00773025 0.0067104 0.00578881 0.00494263
 1.01104e-16 1.85226e-05 0.000108656 0.000516383 0.0019879 0.00619891 0.0156585 0.0320427 0.0531272 0.0713874 0.0777864 0.0688575 0.0498234 0.0301518 0.0166395 0.0107428 0.010625 0.0140302 0.019494 0.0261776 0.0333988 0.0403851 0.0462769 0.0502693 0.0517924 0.0506493 0.0470648 0.04162 0.0351041 0.0283297 0.0219726 0.0164778 0.0120412 0.00865379 0.00617601 0.00441346
 1.00609e-16 3.81754e-05 0.000224077 0.0010652 0.00410112 0.012789 0.0323039 0.0660972 0.10956 0.147125 0.160074 0.14113 0.10088 0.0585807 0.0278813 0.0113461 0.00475566 0.00316455 0.00355553 0.004639 0.00595248 0.00728965 0.00849479 0.00942882 0.00998643 0.0101169 0.00983306 0.00920332 0.00833118 0.00732906 0.00629576 0.00530306 0.00439316 0.00358394 0.00287789 0.00227028
 1.00364e-16 2.88396e-05 0.000169245 0.000804472 0.00309719 0.00965823 0.0243961 0.0499191 0.0827514 0.111148 0.120991 0.106817 0.0766697 0.0451607 0.0226922 0.0113114 0.00793864 0.00890886 0.0119363 0.0159268 0.0202816 0.024483 0.0279955 0.030326 0.0311286 0.0302894 0.0279547 0.0244912 0.0203933 0.0161684 0.0122374 0.00887605 0.00620312 0.00420795 0.00279697 0.00184131
 1.00585e-16 3.22053e-05 0.000189014 0.000898475 0.00345916 0.010787 0.0272473 0.055752 0.0924168 0.124118 0.135078 0.119179 0.0853789 0.0499618 0.0244969 0.0112139 0.00661906 0.00658457 0.00856403 0.0114013 0.0145611 0.0176568 0.0203095 0.0221695 0.0229856 0.0226621 0.0212811 0.0190762 0.0163711 0.0135032 0.0107572 0.00832528 0.00629986 0.00469033 0.00345298 0.00252062
 1.00477e-16 3.28606e-05 0.000192861 0.000916767 0.00352959 0.0110067 0.0278021 0.0568871 0.094298 0.126644 0.137824 0.121595 0.0870954 0.0509373 0.024921 0.0113161 0.00655172 0.00641124 0.00829416 0.011023 0.0140589 0.0170201 0.0195367 0.0212692 0.0219763 0.0215706 0.0201394 0.0179185 0.0152309 0.0124114 0.00974034 0.00740473 0.00549067 0.00400086 0.00288467 0.00206841
 1.00776e-16 2.44265e-05 0.00014333 0.000681251 0.00262273 0.00817864 0.0206589 0.042273 0.0700802 0.09414 0.102507 0.0905702 0.0651643 0.0386979 0.0200271 0.0109416 0.00888983 0.0108084 0.0147666 0.0197896 0.0252594 0.0305713 0.0350737 0.0381583 0.0393915 0.0386181 0.0359982 0.0319596 0.0270877 0.0219884 0.0171686 0.012966 0.00953527 0.00687946 0.00490468 0.00347498
 1.01344e-16 2.5655e-05 0.000150548 0.00071558 0.00275493 0.0085909 0.0217002 0.044403 0.0736089 0.0988727 0.107641 0.0950601 0.068294 0.0403551 0.0205161 0.0106234 0.00796541 0.00930682 0.0126288 0.016955 0.0217268 0.0264348 0.0305356 0.0335155 0.0349971 0.0348247 0.033097 0.030131 0.026376 0.0223056 0.0183229 0.0147061 0.0115968 0.00902458 0.00694716 0.00529059
 1.00423e-16 3.65749e-05 0.000214675 0.00102049 0.00392898 0.0122522 0.030948 0.0633232 0.104964 0.140958 0.153376 0.135255 0.0967474 0.0563149 0.027054 0.0114438 0.00546357 0.00438836 0.00532358 0.00700519 0.00893389 0.0108324 0.0124614 0.0136058 0.0141117 0.013921 0.0130844 0.0117451 0.0101013 0.0083591 0.00669171 0.00521555 0.00398567 0.00300653 0.00225045 0.00167599
 1.00087e-16 3.84522e-05 0.000225699 0.0010729 0.00413079 0.0128815 0.0325376 0.0665756 0.110354 0.148193 0.161241 0.142172 0.101654 0.0590876 0.0282295 0.0116707 0.00516817 0.00374181 0.00434448 0.00565643 0.00717774 0.0086567 0.00989064 0.0107027 0.0109705 0.0106542 0.00980688 0.00856001 0.00709051 0.00557981 0.00417839 0.00298463 0.00204076 0.00134248 0.000855573 0.000533045
 1.00066e-16 3.83276e-05 0.000224967 0.00106942 0.00411738 0.0128397 0.032432 0.0663596 0.109996 0.147713 0.16072 0.141715 0.101332 0.058911 0.0281649 0.0116781 0.00522304 0.00383678 0.00448181 0.00584039 0.00740982 0.00893291 0.0102005 0.0110298 0.0112945 0.0109541 0.0100643 0.00876244 0.00723246 0.00566309 0.00421062 0.00297709 0.00200598 0.00129222 0.000799527 0.000478234
 1.00174e-16 3.27651e-05 0.000192299 0.00091409 0.00351927 0.0109745 0.0277208 0.056721 0.0940233 0.126276 0.137429 0.121257 0.086877 0.0508567 0.024969 0.0114841 0.00684798 0.00685914 0.00892032 0.0118435 0.015067 0.0181777 0.0207712 0.0224793 0.0230451 0.0223847 0.020609 0.0179936 0.0149094 0.0117371 0.00879242 0.00628229 0.0042958 0.00282448 0.00179715 0.00111566
 1.00477e-16 2.97814e-05 0.000174778 0.000830781 0.0031985 0.00997417 0.0251941 0.0515515 0.0854563 0.114777 0.124931 0.110272 0.0790964 0.0464839 0.0231611 0.011224 0.00747538 0.00812023 0.0108016 0.0144127 0.0183805 0.0222342 0.0254931 0.0277127 0.0285773 0.0279753 0.0260258 0.0230435 0.0194584 0.0157153 0.0121861 0.00911847 0.00662521 0.00470755 0.00329503 0.0022859
 1.00576e-16 3.19378e-05 0.000187443 0.000891003 0.00343039 0.0106973 0.0270207 0.0552884 0.0916485 0.123087 0.133958 0.118197 0.0846871 0.0495811 0.0243551 0.0112244 0.0067282 0.00677547 0.00884039 0.0117715 0.015028 0.0182124 0.0209327 0.0228279 0.0236388 0.023269 0.0218064 0.0194959 0.0166759 0.013698 0.010858 0.00835466 0.00628193 0.00464687 0.00340094 0.00247132
 1.00891e-16 2.497e-05 0.000146522 0.000696432 0.00268119 0.00836094 0.0211194 0.043215 0.071641 0.0962342 0.104781 0.0925637 0.0665648 0.0394619 0.0202984 0.0108923 0.0086241 0.0103553 0.0141136 0.0189168 0.0241613 0.029269 0.0336198 0.0366336 0.0378952 0.037252 0.0348497 0.0310878 0.0265157 0.0217037 0.0171299 0.0131145 0.00980655 0.00721373 0.00525331 0.00380341
 1.01213e-16 2.85044e-05 0.000167282 0.000795147 0.0030613 0.00954633 0.0241134 0.0493403 0.0817908 0.109854 0.119573 0.105544 0.0757088 0.0445006 0.022188 0.0107807 0.00722355 0.00789195 0.0105399 0.0141202 0.0180969 0.0220306 0.0254677 0.0279808 0.0292554 0.0291601 0.0277737 0.0253557 0.0222752 0.0189218 0.0156278 0.0126229 0.0100252 0.00786089 0.006098 0.00467862
 1.01041e-16 2.91306e-05 0.000170958 0.000812623 0.00312859 0.00975617 0.0246434 0.0504248 0.0835883 0.112268 0.122199 0.107858 0.07736 0.0454538 0.0226308 0.0109406 0.00725659 0.00786967 0.0104805 0.0140164 0.0179302 0.0217765 0.0250988 0.0274707 0.028583 0.0283146 0.0267586 0.0241911 0.0209978 0.0175812 0.0142809 0.0113271 0.008831 0.0068068 0.00520694 0.00395762
 1.01386e-16 2.41766e-05 0.000141865 0.000674293 0.00259595 0.00809513 0.0204479 0.0418411 0.0693636 0.0931756 0.101452 0.0896269 0.0644609 0.0382312 0.0196965 0.0106212 0.00847425 0.0102228 0.0139635 0.0187502 0.0240018 0.0291589 0.0336174 0.0368076 0.0383152 0.0379764 0.0359136 0.0324938 0.0282307 0.0236613 0.0192396 0.015274 0.0119154 0.00918485 0.00702144 0.00532874
 1.01402e-16 2.9077e-05 0.000170645 0.00081114 0.00312289 0.00973839 0.0245985 0.0503326 0.0834351 0.11206 0.121969 0.107644 0.0771837 0.0453043 0.0224718 0.0107253 0.00693799 0.00740572 0.00983885 0.013182 0.0169147 0.0206261 0.0238961 0.0263284 0.0276288 0.0276699 0.0265164 0.0243989 0.0216486 0.0186169 0.0156045 0.0128206 0.0103752 0.00829715 0.00656426 0.00513231
 1.00951e-16 2.99854e-05 0.000175978 0.000836491 0.00322049 0.0100428 0.0253673 0.0519058 0.0860427 0.115562 0.12578 0.111006 0.0795908 0.0467099 0.0231545 0.0110247 0.00709179 0.00753032 0.00997181 0.0133196 0.0170283 0.0206677 0.0238011 0.0260229 0.02704 0.0267397 0.0252144 0.0227316 0.0196624 0.0163935 0.0132504 0.0104519 0.00810241 0.00621213 0.00473172 0.00358674
 1.02119e-16 1.12269e-05 6.58148e-05 0.00031269 0.0012036 0.00375306 0.00948058 0.0194031 0.03218 0.0432689 0.0472225 0.0419802 0.0307633 0.0193914 0.0120975 0.00990501 0.011843 0.0166477 0.0234475 0.0316178 0.0404741 0.0491381 0.0565989 0.0618952 0.0643289 0.0636289 0.0600112 0.0541075 0.0467978 0.0390001 0.0314895 0.0247902 0.0191558 0.0146162 0.0110597 0.00831321
 1.03848e-16 2.51164e-05 0.000147397 0.000700629 0.00269741 0.00841156 0.021247 0.0434748 0.0720669 0.0967916 0.105349 0.0929734 0.0666593 0.0391181 0.0193915 0.00924641 0.00599424 0.00645785 0.00869461 0.0118414 0.0155066 0.0193941 0.0231862 0.026556 0.0292198 0.0309859 0.0317798 0.0316373 0.0306734 0.0290423 0.0269023 0.0243969 0.0216519 0.0187817 0.0158961 0.013102
 1.03646e-16 7.30126e-06 4.27625e-05 0.000203084 0.000781569 0.00243697 0.00615633 0.0126019 0.0209087 0.0281393 0.0307781 0.0275219 0.0205155 0.0136164 0.00967936 0.0094949 0.0125574 0.0181344 0.0256674 0.0346386 0.0443517 0.0538613 0.0620693 0.0679323 0.0706964 0.0700753 0.066313 0.0601029 0.0524018 0.044199 0.0363175 0.0293003 0.0233921 0.0185978 0.0147761 0.0117311
pSPR Fmed_Fpbrs
0.515344   0.6 0.325
Fs Fmed_Fpbrs
0.64   0.444777 1.56129
SSBpbr Bo_Bmed_Bpbrs
470750  219061  258912 129456
Ro
20333
SPR SPRFo_SPRFmed_SPRFpbrs
419962 216425 136488
log_Ro
9.74
likeval ReclasPelacesDesembMPH_pf_preclas_ppelaces_ptallas_desvR_qrecl_qpela
 75.9513 12.2372 0.216814 0.000506139 367.33 219.948 58.0601 0 35.2871 0.000143121 0.000397494 1.24732e-14 0 0 0
q_reclas_q_pelaces
5.44803 17.0554
M
0.7
N
 14228.7 21639.3 7527.98 1004 0.13367
 40774.7 6838.21 7774.48 2426.36 322.308
 2875.74 19198 2005.52 1910.9 671.053
 6168.17 1254.83 2654.22 180.566 228.669
 37731.9 2838.69 293.727 482.76 73.7099
 14334 18361.2 1153.69 111.616 210.915
 64636.6 6229.75 2440.42 98.5457 27.0811
 56590 28305.2 892.277 230.339 11.6692
 65508.9 24617.5 3796.56 77.1503 20.5775
 114226 27798 2582.6 236.441 5.96582
 64768.9 51095.3 4912.58 322.733 29.8946
 47509.6 27853.1 6116.26 364.88 25.7183
 57377.6 20612.4 3638.88 510.576 32.0538
 29029.6 22534.3 1005.99 81.5587 11.8061
 12337.7 9943.2 284.307 3.70253 0.327814
 9318 4225.92 125.45 1.04639 0.0141518
 7001.98 3879.03 366.899 6.068 0.050167
 8984.05 2946.29 374.435 20.4451 0.333864
 7840.87 3906.32 393.307 32.17 1.75551
 9127.64 3553.84 786.3 58.4795 4.98631
 15922.1 4023.67 543.467 80.9993 6.43991
 17621 7425.92 1074.52 117.869 18.8141
 28968 8179.88 1893.36 219.071 27.6292
 47595.4 13163.2 1688.61 291.167 37.5139
 14895.6 21701.8 2811.05 271.709 52.3179
 29959.5 6967.1 5962.28 633.216 72.4375
 3004.7 13766 1605.45 1061.96 124.455
pred_Ctot
 330.145 4383.82 1947.56 261.789 0.0348615
 1525.54 2074.8 2938.62 923.496 122.698
 252.742 10691 1294.35 1238.67 435.039
 326.318 497.793 1279.63 87.5793 110.93
 544.97 374.985 50.3625 83.4765 12.7486
 1296.39 10398.4 754.928 73.3485 138.62
 5532.29 3414.87 1554.65 63.0582 17.3311
 5084.68 15968.8 582.045 150.898 7.64562
 6916.58 15193.8 2662.44 54.3043 14.4856
 8199.24 13642.3 1499.24 137.954 3.48133
 6294.19 30146.7 3323.31 219.201 20.3067
 4349.62 15886.1 4025.45 241.163 17.0002
 8746.65 15061.8 2901.7 408.127 25.6238
 6616.59 18688.2 877.11 71.2061 10.3079
 2812.09 8246.1 247.883 3.23255 0.286214
 1094.56 2753.69 91.7916 0.768181 0.0103902
 776.07 2455.28 262.461 4.35605 0.0360171
 809.996 1665.53 244.649 13.4156 0.219102
 494.743 1757.57 211.853 17.4236 0.950951
 742.205 1888.18 488.085 36.469 3.10998
 698.793 1385.58 230.675 34.6057 2.75186
 829.39 2698.73 478.894 52.8666 8.44
 1778.71 3611.33 1003.15 116.718 14.7228
 2813.78 5658.4 874.007 151.566 19.5308
 624.619 7211.53 1155.03 112.388 21.6445
 1616.91 2804.65 2912.18 311.135 35.5987
 292.257 8126.13 1086.51 721.572 84.5734
F
 0.0327325 0.323665 0.432235 0.436371 0.43649
 0.0532576 0.526622 0.703271 0.710002 0.710194
 0.129311 1.27865 1.70756 1.7239 1.72437
 0.0760607 0.752104 1.00439 1.014 1.01427
 0.0202638 0.200372 0.267585 0.270146 0.270219
 0.133297 1.31807 1.7602 1.77705 1.77753
 0.125737 1.24332 1.66037 1.67626 1.67671
 0.132375 1.30895 1.74802 1.76475 1.76523
 0.157224 1.55466 2.07615 2.09602 2.09659
 0.104484 1.03316 1.37973 1.39293 1.39331
 0.143883 1.42274 1.89999 1.91817 1.91869
 0.135036 1.33527 1.78317 1.80023 1.80072
 0.234615 2.31992 3.09811 3.12776 3.1286
 0.371426 3.67274 4.90471 4.95165 4.95299
 0.371426 3.67274 4.90471 4.95165 4.95299
 0.176362 1.7439 2.32888 2.35116 2.3518
 0.165644 1.63792 2.18735 2.20828 2.20888
 0.132857 1.31371 1.75438 1.77117 1.77165
 0.091322 0.903011 1.20592 1.21746 1.21779
 0.119113 1.17782 1.5729 1.58795 1.58838
 0.062733 0.620317 0.828395 0.836323 0.836549
 0.0674162 0.666625 0.890236 0.898756 0.898999
 0.0887695 0.877771 1.17221 1.18343 1.18375
 0.0853407 0.843866 1.12693 1.13772 1.13802
 0.0598635 0.591942 0.790502 0.798067 0.798283
 0.0776474 0.767794 1.02534 1.03515 1.03543
 0.144021 1.42411 1.90181 1.92001 1.92053
Np
 12879.9 6186.18 461.325 526.055 49.9507
YTP_r0W_actual
 582.372 61224.5 13245.1 11276.4 1466.85
YTP_p0W_proyectada
 2496.4 5745.99 13576.1 1263.89 977.525
 2496.4 27513.2 3805.95 5585.91 588.73
CTP_r0_actual
 71.021 2834.47 421.817 281.206 32.963
CTP_p0_proyectada
 304.439 266.018 432.358 31.5183 21.9669
 304.439 1273.76 121.209 139.3 13.2299
Wmedp
 8.2 21.6 31.4 40.1 44.5
nmprior
 10.8 10.6 4.6 0
nm_flota  nm_reclas  nm_pelaces    nm_pelaL
inf 17.2331 15.2098 45.1826
cv_recla  cv_pelaces  cv_mph
0.754741 0.383205 0.601272
 ------------------------------------------------
Talla a la edad & desviaci?n 
 7.2 14.2025 17.0495 18.207 18.6776
 1.08 2.13037 2.55742 2.73105 2.80164
