years
 1997 1998 1999 2000 2001 2002 2003 2004 2005 2006 2007 2008 2009 2010 2011 2012 2013 2014 2015 2016 2017 2018 2019 2020 2021 2022 2023
reclasobs
 0 0 0 370054 412103 1.49427e+06 250295 1.28982e+06 931140 785840 897777 1.04006e+06 184774 17550 25797 100020 73551 82996 120727 218422 84188 347160 605670 569463 516374 1.08416e+06 1.01767e+06
reclaspred
 473071 122392 326289 225887 352568 428014 926873 633346 721183 715260 585489 396198 249920 105414 63657.2 62911.2 76849.2 103911 112510 159577 231898 213396 374147 523743 650294 620827 563541
pelacesobs
 0 0 0 0 0 0 0 0 0 2.06254e+06 1.5e+06 0 1.87456e+06 323000 250000 174000 83755 137374 0 501740 490994 745055 786931 1.00524e+06 1.33801e+06 1.41789e+06 0
pelacespred
 1.99304e+06 422147 709873 754659 1.0363e+06 972231 2.59083e+06 2.07958e+06 2.17512e+06 2.14274e+06 1.51549e+06 1.0659e+06 676731 222601 140746 148125 189481 266643 285786 407784 674083 582835 845765 1.33942e+06 1.61785e+06 1.70598e+06 1.47177e+06
mphobs
 0 0 0 0 0 112323 0 153150 637223 0 255016 313432 73983 77613 109348 50772 17779 17303 59886 28197 0 207744 136588 643089 65757 70829 0
mphpred
 270592 152346 171429 177434 198906 327689 476226 567136 492160 519752 526619 363956 225390 120058 49973.7 40326.7 48696.5 64538.6 81497.4 94976.8 143974 170462 214217 313713 480281 500009 430665
desembarqueobs
 350755 77701 442110 56441 14545 235359 269955 359681 431902 328805 639364 411747 362871 311530 167758 66681 60226 58785 57116 73181 50977 67692 138656 160484 209506 203330 245020
desembarquepred
 350763 77700.9 442105 56442.4 14545 235407 270005 359653 431915 328794 639366 411840 362990 311685 167623 66677.1 60250.3 58775 57105.7 73176.8 50973.1 67680.1 138665 160497 209477 203307 244986
Reclutas
 39978.6 49232.9 25571.8 40770.4 71086.6 52316.1 83864.8 86358 109793 122889 65182.3 44350.1 47679 23838.8 15079.5 15399.6 11033.6 13144.3 14720.6 24397.3 29291.6 39020.1 65698.4 93786 39433.9 57143.7 67712.4
log_desv_Rt
 -0.0216377 0.186581 -0.468492 -0.00202666 0.553917 0.247322 0.719224 0.748519 0.988615 1.1013 0.467206 0.082133 0.15451 -0.538669 -0.996646 -0.975643 -1.30903 -1.13399 -1.02073 -0.515508 -0.332683 -0.0459057 0.475093 0.831034 -0.0353557 0.335586 0.505287
SSB
 529660 298204 335556 347311 389340 641422 932170 1.11012e+06 963360 1.01737e+06 1.03081e+06 712411 441180 235002 97819.1 78936 95319 126328 159524 185909 281816 333665 419311 614065 940108 978722 842988
BT
 1.73092e+06 440011 756303 609242 765505 892926 2.06766e+06 1.9183e+06 1.97691e+06 1.87347e+06 1.67326e+06 1.1509e+06 842937 452402 239531 161915 185717 241026 256144 355214 531901 487833 710576 1.10317e+06 1.33752e+06 1.41855e+06 1.2798e+06
Ftot
 0.604809 0.542402 0.89876 0.195274 0.0354502 0.338217 0.218892 0.429668 0.480548 0.357202 0.69057 0.652362 1.04709 1.881 2.1147 0.866865 0.606554 0.435648 0.351747 0.363322 0.164758 0.217799 0.258928 0.237315 0.193856 0.206108 0.285574
BD_Bspro_t
 0.927441 0.682228 0.612114 0.440424 0.595866 0.758335 0.711908 0.72112 0.659571 0.627879 0.602682 0.439052 0.330317 0.231541 0.12381 0.123468 0.194299 0.31256 0.422201 0.520026 0.646018 0.738914 0.749894 0.762978 0.785259 0.740184 0.709121
BD_Bspro
 0.627717 0.353411 0.397678 0.411609 0.461419 0.760169 1.10474 1.31564 1.14171 1.20571 1.22164 0.844301 0.522856 0.278508 0.115928 0.0935494 0.112966 0.149716 0.189057 0.220326 0.333989 0.395436 0.496938 0.727747 1.11415 1.15991 0.999051
BD_Bo
 0.407093 0.229197 0.257906 0.26694 0.299243 0.492992 0.716458 0.853229 0.740431 0.781941 0.792272 0.547554 0.339087 0.180621 0.0751829 0.0606695 0.0732614 0.097095 0.122609 0.142888 0.216602 0.256452 0.322279 0.471965 0.722559 0.752238 0.647914
BD_Brms
 1.37451 0.773863 0.870794 0.901299 1.01037 1.66454 2.41905 2.88085 2.49999 2.64015 2.67503 1.84876 1.1449 0.609848 0.253848 0.204845 0.24736 0.327832 0.413977 0.482447 0.731335 0.865886 1.08814 1.59355 2.43965 2.53986 2.18762
S_f
 0.15852 0.99998 1 1 1
 0.15852 0.99998 1 1 1
 0.15852 0.99998 1 1 1
 0.15852 0.99998 1 1 1
 0.15852 0.99998 1 1 1
 0.15852 0.99998 1 1 1
 0.15852 0.99998 1 1 1
 0.15852 0.99998 1 1 1
 0.15852 0.99998 1 1 1
 0.15852 0.99998 1 1 1
 0.15852 0.99998 1 1 1
 0.15852 0.99998 1 1 1
 0.15852 0.99998 1 1 1
 0.15852 0.99998 1 1 1
 0.15852 0.99998 1 1 1
 0.15852 0.99998 1 1 1
 0.15852 0.99998 1 1 1
 0.15852 0.99998 1 1 1
 0.15852 0.99998 1 1 1
 0.15852 0.99998 1 1 1
 0.15852 0.99998 1 1 1
 0.15852 0.99998 1 1 1
 0.15852 0.99998 1 1 1
 0.15852 0.99998 1 1 1
 0.15852 0.99998 1 1 1
 0.15852 0.99998 1 1 1
 0.15852 0.99998 1 1 1
Scru_reclas
 0.853751 1 1 1 1
 0.853751 1 1 1 1
 0.853751 1 1 1 1
 0.853751 1 1 1 1
 0.853751 1 1 1 1
 0.853751 1 1 1 1
 0.853751 1 1 1 1
 0.853751 1 1 1 1
 0.853751 1 1 1 1
 0.853751 1 1 1 1
 0.853751 1 1 1 1
 0.853751 1 1 1 1
 0.853751 1 1 1 1
 0.853751 1 1 1 1
 0.853751 1 1 1 1
 0.853751 1 1 1 1
 0.853751 1 1 1 1
 0.853751 1 1 1 1
 0.853751 1 1 1 1
 0.853751 1 1 1 1
 0.853751 1 1 1 1
 0.853751 1 1 1 1
 0.853751 1 1 1 1
 0.853751 1 1 1 1
 0.853751 1 1 1 1
 0.853751 1 1 1 1
 0.853751 1 1 1 1
Scru_pelaces
 1 1 1 1 1
 1 1 1 1 1
 1 1 1 1 1
 1 1 1 1 1
 1 1 1 1 1
 1 1 1 1 1
 1 1 1 1 1
 1 1 1 1 1
 1 1 1 1 1
 1 1 1 1 1
 1 1 1 1 1
 1 1 1 1 1
 1 1 1 1 1
 1 1 1 1 1
 1 1 1 1 1
 1 1 1 1 1
 1 1 1 1 1
 1 1 1 1 1
 1 1 1 1 1
 1 1 1 1 1
 1 1 1 1 1
 1 1 1 1 1
 1 1 1 1 1
 1 1 1 1 1
 1 1 1 1 1
 1 1 1 1 1
 1 1 1 1 1
pf_obs 
 0.256992 0.487395 0.22802 0.0275931 0
 0.321318 0.546541 0.124235 0.00734118 0.000564706
 0.182869 0.594174 0.210203 0.0122559 0.00049798
 0.330522 0.361315 0.267642 0.0388342 0.00168674
 0.649043 0.306663 0.0425973 0.00169635 0
 0.582887 0.30429 0.105238 0.00758474 0
 0.465427 0.430635 0.0974691 0.00646863 0
 0.296916 0.608066 0.0921331 0.00288517 0
 0.311714 0.524322 0.152257 0.0117073 0
 0.15457 0.633149 0.183074 0.0267441 0.00246327
 0.131901 0.49318 0.331252 0.0422183 0.00144891
 0.196976 0.569456 0.194076 0.0375587 0.00193317
 0.518974 0.381816 0.0799577 0.0180837 0.00116848
 0.0928022 0.601141 0.25162 0.0475244 0.00691264
 0.122501 0.610282 0.24278 0.0234846 0.000952079
 0.383417 0.481906 0.127806 0.00687128 0
 0.0376549 0.599619 0.316969 0.0457579 0
 0.0361596 0.667082 0.258105 0.0386534 0
 0.158088 0.579412 0.248529 0.0139706 0
 0.0477256 0.309471 0.559284 0.082774 0.000745712
 0.0406174 0.521527 0.379366 0.0568643 0.0016247
 0.151134 0.462217 0.34131 0.0453401 0
 0.294876 0.26143 0.354403 0.0886775 0.000613685
 0.281977 0.475581 0.204845 0.0348837 0.00271318
 0.0841818 0.532909 0.334909 0.0458182 0.00218182
 0.115287 0.27431 0.454777 0.147771 0.00785563
 0 0 0 0 0
pf_pred 
 0.312468 0.484078 0.181756 0.0216871 1.07155e-05
 0.29366 0.561088 0.10227 0.0383981 0.00458393
 0.159214 0.650656 0.151032 0.0275281 0.0115695
 0.29143 0.462465 0.190454 0.0442073 0.0114439
 0.300952 0.517375 0.118574 0.0488303 0.0142684
 0.163756 0.613926 0.164541 0.0377094 0.020067
 0.257292 0.4401 0.22216 0.0595409 0.0209069
 0.219198 0.552922 0.135034 0.0681631 0.024683
 0.260936 0.50683 0.164457 0.0401626 0.0276147
 0.244349 0.557634 0.135796 0.0440621 0.0181592
 0.138681 0.609789 0.185618 0.0452009 0.0207109
 0.151705 0.499322 0.247065 0.0752038 0.0267044
 0.247051 0.45859 0.173267 0.0857304 0.0353617
 0.205942 0.618734 0.106784 0.0403444 0.0281957
 0.293454 0.578297 0.0999335 0.0172462 0.0110696
 0.353071 0.577558 0.05678 0.00981146 0.00278004
 0.214395 0.661378 0.110906 0.0109029 0.00241782
 0.254604 0.52099 0.188922 0.0316792 0.00380493
 0.240064 0.552492 0.144993 0.052576 0.00987509
 0.309189 0.485333 0.149389 0.0392038 0.0168858
 0.249488 0.578605 0.120775 0.0371746 0.0139576
 0.246926 0.522637 0.177656 0.0370823 0.0156994
 0.298538 0.488596 0.147731 0.0502158 0.0149191
 0.280253 0.541579 0.124102 0.0375223 0.0165437
 0.0988591 0.660952 0.180733 0.0414138 0.0180422
 0.18159 0.353163 0.341243 0.0933087 0.0306959
 0.208219 0.480601 0.134283 0.129748 0.0471493
pobs_RECLAS
 0 0 0 0 0
 0 0 0 0 0
 0 0 0 0 0
 0 0 0 0 0
 0.835266 0.146461 0.0176864 0.000547809 3.91292e-05
 0.385257 0.428462 0.181853 0.0044286 0
 0.867414 0.0963971 0.0333333 0.00285562 0
 0.441836 0.489002 0.0689373 0.000224442 0
 0.779404 0.147425 0.0564933 0.0165055 0.000172143
 0.814271 0.122319 0.05973 0.00367925 0
 0.40263 0.566651 0.0304383 0.000280538 0
 0.475488 0.404961 0.113038 0.00651328 0
 0.955842 0.0263864 0.0167828 0.000988607 0
 0.975058 0.0227948 0.00214734 0 0
 0.738997 0.206755 0.0527124 0.00153531 0
 0.850938 0.134255 0.0134407 0.00136685 0
 0.542534 0.407297 0.0501686 0 0
 0.764087 0.199537 0.0359546 0.000420521 0
 0.470689 0.182191 0.310203 0.0369168 0
 0.84361 0.089868 0.0606195 0.00523954 0.000663233
 0.607945 0.314616 0.071237 0.00620181 0
 0.523733 0.453247 0.0230204 0 0
 0.530135 0.295979 0.169645 0.0042399 0
 0.562478 0.366248 0.0663022 0.0049721 0
 0.250443 0.683176 0.0655157 0.000865301 0
 0.195077 0.31981 0.436473 0.0351445 0.0134964
 0.565238 0.351407 0.0832357 0.000118908 0
ppred_RECLAS
 0.718866 0.197943 0.0743194 0.00886781 4.38154e-06
 0.6993 0.238865 0.0435373 0.0163464 0.00195142
 0.523627 0.368651 0.0855704 0.0155966 0.00655493
 0.691322 0.201467 0.0829672 0.019258 0.0049853
 0.699045 0.222743 0.0510479 0.0210222 0.00614276
 0.518533 0.353469 0.0947332 0.0217108 0.0115534
 0.653894 0.205091 0.103527 0.027746 0.00974262
 0.608629 0.277149 0.0676838 0.0341657 0.012372
 0.662637 0.231356 0.075069 0.0183329 0.0126052
 0.640414 0.265358 0.064619 0.0209671 0.00864115
 0.477418 0.369976 0.112617 0.027424 0.0125656
 0.502695 0.292725 0.144838 0.044087 0.015655
 0.659796 0.207206 0.0782861 0.038735 0.0159772
 0.635667 0.283892 0.048994 0.0185106 0.0129366
 0.744883 0.20881 0.0360827 0.00622704 0.00399688
 0.759401 0.214799 0.0211166 0.0036489 0.0010339
 0.60563 0.33201 0.0556733 0.0054731 0.00121371
 0.654344 0.241596 0.0876058 0.0146902 0.00176441
 0.634925 0.26542 0.0696539 0.0252573 0.00474395
 0.711505 0.202685 0.0623865 0.016372 0.00705172
 0.643707 0.274684 0.0573352 0.0176477 0.00662603
 0.64133 0.24892 0.0846117 0.0176611 0.0074771
 0.699459 0.20934 0.0632942 0.0215146 0.00639201
 0.680117 0.240699 0.0551548 0.0166761 0.00735254
 0.373952 0.459184 0.125559 0.0287709 0.0125343
 0.54732 0.195344 0.188747 0.0516106 0.0169784
 0.59029 0.24869 0.0694843 0.0671377 0.0243972
pobs_PELACES
 0 0 0 0 0
 0 0 0 0 0
 0 0 0 0 0
 0 0 0 0 0
 0 0 0 0 0
 0 0 0 0 0
 0 0 0 0 0
 0 0 0 0 0
 0 0 0 0 0
 0 0 0 0 0
 0.450072 0.473896 0.0757376 0.000293798 0
 0 0 0 0 0
 0.463077 0.371075 0.160297 0.00555027 0
 0.529543 0.364841 0.0842815 0.0213345 0
 0.631943 0.363953 0.00410389 0 0
 0.735681 0.248677 0.0153453 0.000297389 0
 0.695825 0.281241 0.0229344 0 0
 0.275771 0.60734 0.115278 0.00161068 0
 0 0 0 0 0
 0.896147 0.0623911 0.0374545 0.00400742 0
 0.803859 0.145111 0.0509908 3.86294e-05 0
 0.739449 0.233085 0.0266225 0.000797448 4.60066e-05
 0.878498 0.100942 0.0204185 0.000141795 0
 0.694673 0.275183 0.0284847 0.00165964 0
 0.469039 0.446079 0.0841089 0.000773354 0
 0.822795 0.102175 0.0682046 0.00682512 0
 0 0 0 0 0
ppred_PELACES
 0.779869 0.154991 0.0581927 0.00694356 3.43078e-06
 0.760003 0.190644 0.0347482 0.0130465 0.00155747
 0.622991 0.291756 0.0677214 0.0123433 0.00518765
 0.734709 0.17315 0.0713055 0.0165511 0.00428457
 0.733159 0.197493 0.0452613 0.0186392 0.00544645
 0.580834 0.307731 0.0824747 0.0189015 0.0100584
 0.701636 0.176801 0.0892461 0.0239187 0.00839873
 0.672383 0.232002 0.0566582 0.0286001 0.0103566
 0.724446 0.188969 0.0613153 0.014974 0.0102958
 0.697299 0.22338 0.0543966 0.0176502 0.00727416
 0.56451 0.308317 0.0938485 0.0228535 0.0104714
 0.586629 0.24332 0.120392 0.036646 0.0130128
 0.752364 0.150826 0.0569845 0.0281952 0.0116298
 0.775049 0.175284 0.0302502 0.0114289 0.0079874
 0.860187 0.114436 0.0197745 0.00341261 0.00219041
 0.824658 0.15654 0.0153891 0.00265921 0.000753478
 0.680381 0.269079 0.0451205 0.00443568 0.000983656
 0.714487 0.199559 0.0723626 0.0121341 0.0014574
 0.691938 0.22397 0.0587761 0.0213129 0.00400309
 0.761643 0.16746 0.0515442 0.0135266 0.00582618
 0.68898 0.239781 0.0500497 0.0154053 0.00578407
 0.689918 0.215199 0.0731495 0.0152686 0.00646419
 0.745497 0.177273 0.0535985 0.0182189 0.00541285
 0.726776 0.205591 0.0471098 0.0142437 0.00628008
 0.424738 0.421935 0.115373 0.026437 0.0115175
 0.599936 0.172639 0.166809 0.0456118 0.015005
 0.646247 0.214726 0.0599944 0.0579683 0.0210652
pobs_pel_tallas
 0 0 0 0 0 0 0 0 0 0 0 0 0 0 0 0 0 0 0 0 0 0 0 0 0 0 0 0 0 0 0 0 0 0 0 0
 0 0 0 0 0 0 0 0 0 0 0 0 0 0 0 0 0 0 0 0 0 0 0 0 0 0 0 0 0 0 0 0 0 0 0 0
 0 0 0 0 0 0 0 0 0 0 0 0 0 0 0 0 0 0 0 0 0 0 0 0 0 0 0 0 0 0 0 0 0 0 0 0
 0 0 0 0 0 0 0 0 0 0 0 0 0 0 0 0 0 0 0 0 0 0 0 0 0 0 0 0 0 0 0 0 0 0 0 0
 0 0 0 0 0 0 0 0 0 0 0 0 0 0 0 0 0 0 0 0 0 0 0 0 0 0 0 0 0 0 0 0 0 0 0 0
 0 0 0 0 0 0 0 0 0 0 0 0 0 0 0 0 0 0 0 0 0 0 0 0 0 0 0 0 0 0 0 0 0 0 0 0
 0 0 0 0 0 0 0 0 0 0 0 0 0 0 0 0 0 0 0 0 0 0 0 0 0 0 0 0 0 0 0 0 0 0 0 0
 0 0 0 0 0 0 0 0 0 0 0 0 0 0 0 0 0 0 0 0 0 0 0 0 0 0 0 0 0 0 0 0 0 0 0 0
 0 0 0 0 0 0 0 0 0 0 0 0 0 0 0 0 0 0 0 0 0 0 0 0 0 0 0 0 0 0 0 0 0 0 0 0
 0 0 0 0 0 0 0 0 0 0 0 0 0 0 0 0 0 0 0 0 0 0 0 0 0 0 0 0 0 0 0 0 0 0 0 0
 0 0 0 0 0 0 0 0 1.78061e-05 0.00172719 0.00360574 0.0105946 0.0120993 0.0124554 0.0147524 0.0171206 0.0266825 0.0428682 0.0675386 0.121331 0.153587 0.119568 0.100827 0.0573624 0.0630603 0.0341343 0.0324427 0.0444173 0.0211091 0.0280891 0.0125444 0.00206551 0 0 0 0
 0 0 0 0 0 0 0 0 0 0 0 0 0 0 0 0 0 0 0 0 0 0 0 0 0 0 0 0 0 0 0 0 0 0 0 0
 0 0 0 0 0 0 0.0133647 0.0140871 0.0187388 0.0205184 0.03894 0.0496705 0.03968 0.0493445 0.0407372 0.0367815 0.0215668 0.0243155 0.0234873 0.0199281 0.019796 0.0243948 0.0301388 0.0376714 0.0412746 0.0863199 0.0771752 0.113111 0.0741005 0.0525337 0.0229764 0.00759418 0.00175318 0 0 0
 0 0 0 0 0 0 0 0 0 0 0.00219441 0.00772107 0.0458388 0.0604681 0.0671733 0.0775358 0.0609151 0.0617685 0.073594 0.0568108 0.0755445 0.0548602 0.0670107 0.0636378 0.0643287 0.046367 0.0373049 0.0286899 0.0247887 0.0153202 0.00654259 0.00121912 0.000365735 0 0 0
 0 0 0 0 0 0 0 0 0 0 0 0 0.000112435 0.00938835 0.0111873 0.0202946 0.0414886 0.0713402 0.111592 0.104902 0.108894 0.110636 0.117776 0.105296 0.107544 0.0401394 0.0192827 0.0124803 0.00416011 0.0028671 0.000618394 0 0 0 0 0
 0 0 0 0 0 0 0 0 0 0 0.00291406 0.0102884 0.027416 0.0768956 0.0749926 0.110853 0.0956884 0.0897413 0.0766577 0.0534642 0.0500743 0.0551293 0.0594112 0.0620874 0.0668451 0.0424026 0.0208742 0.0120726 0.0048766 0.00582813 0.00118941 0.000297354 0 0 0 0
 0 0.00264628 0.0354308 0.0461629 0.0458689 0.0383711 0.0214643 0.0164657 0.0346957 0.0420465 0.0363128 0.0245516 0.0311673 0.0291091 0.0169068 0.0133784 0.00837989 0.0085269 0.0148486 0.0160247 0.0276389 0.0546898 0.0760071 0.122758 0.109233 0.0665981 0.0333725 0.0166128 0.00676272 0.00308733 0.000882094 0 0 0 0 0
 0 0 0 0 0 0 0 0.000805153 0.000690131 0.00759144 0.0133425 0.0154129 0.00931677 0.000345066 0.00356568 0.00563607 0.00851162 0.0253048 0.0502646 0.0516448 0.0657925 0.0565908 0.0611916 0.0827007 0.0866115 0.110766 0.145733 0.0935128 0.0569358 0.0249597 0.0138026 0.00621118 0.00161031 0.00115022 0 0
 0 0 0 0 0 0 0 0 0 0 0 0 0 0 0 0 0 0 0 0 0 0 0 0 0 0 0 0 0 0 0 0 0 0 0 0
 0.00147267 0.00158595 0.00478618 0.00569244 0.00954404 0.0108468 0.00647125 0.017049 0.0510054 0.094081 0.124002 0.0959785 0.0687766 0.0820023 0.061753 0.0591476 0.0492212 0.0479892 0.0443925 0.0268479 0.0217502 0.0140895 0.0121071 0.0120363 0.00920419 0.00665534 0.0049561 0.00860946 0.00930331 0.0156896 0.0114698 0.00855282 0.00243557 0.00046729 0 2.83206e-05
 0 0 0 0 0.000772559 0.00158375 0.000888443 0.00281984 0.00712685 0.0440552 0.0773331 0.111326 0.0921469 0.0852325 0.0710754 0.0886704 0.0786465 0.0553345 0.0373146 0.0185414 0.00753245 0.00457741 0.012979 0.0271748 0.0457355 0.0583668 0.034881 0.0177882 0.00938659 0.00492506 0.0015258 0.00185414 0.000309023 5.79419e-05 3.86279e-05 0
 0 0.00173294 0.00326652 0 0.00397197 0.00683976 0.00946217 0.0152591 0.00757587 0.0136028 0.0228656 0.0392903 0.0559909 0.0764795 0.0681675 0.0726916 0.0566044 0.0477403 0.0527397 0.0444891 0.0609904 0.0582453 0.0661739 0.0445044 0.0529084 0.0360697 0.0280645 0.0235558 0.0158879 0.00826598 0.00280645 0.00217768 0.000904811 0.00058276 9.20147e-05 0
 0 0 0 0 0 0 0 0 0 0 0 0 0 0 0 0 0 0 0 0 0 0 0 0 0 0 0 0 0 0 0 0 0 0 0 0
 0 0 0 0 0 0 0 0 0 0 0 0 0 0 0 0 0 0 0 0 0 0 0 0 0 0 0 0 0 0 0 0 0 0 0 0
 0 0 0 0 0 0 0 0 0 0 0 0 0 0 0 0 0 0 0 0 0 0 0 0 0 0 0 0 0 0 0 0 0 0 0 0
 0 0 0 0 0 0 0 0 0 0 0 0 0 0 0 0 0 0 0 0 0 0 0 0 0 0 0 0 0 0 0 0 0 0 0 0
 0 0 0 0 0 0 0 0 0 0 0 0 0 0 0 0 0 0 0 0 0 0 0 0 0 0 0 0 0 0 0 0 0 0 0 0
ppred_pel_tallas
 1.01116e-16 3.4025e-05 0.000199703 0.000949309 0.0036549 0.0113975 0.0287891 0.0589062 0.0976428 0.131129 0.142689 0.125848 0.0900559 0.0524962 0.0253634 0.0109791 0.00561984 0.00490542 0.0061526 0.00818485 0.0105239 0.0128843 0.0150047 0.0166414 0.0176095 0.0178212 0.017302 0.0161758 0.0146283 0.0128599 0.0110454 0.00931037 0.00772678 0.0063229 0.00509977 0.00404629
 1.01077e-16 3.31601e-05 0.000194623 0.000925148 0.00356187 0.0111074 0.0280563 0.0574071 0.095159 0.127797 0.139072 0.122679 0.0878338 0.051293 0.0249538 0.011094 0.00609892 0.00570778 0.00730132 0.0097113 0.0124308 0.015125 0.0174765 0.0191924 0.0200595 0.0199911 0.0190459 0.0174059 0.015327 0.0130762 0.0108786 0.00888587 0.00717127 0.00574481 0.00457759 0.00362545
 1.01723e-16 2.71899e-05 0.000159563 0.000758449 0.00292 0.00910568 0.0230004 0.0470631 0.0780167 0.104788 0.114066 0.1007 0.0722701 0.0425528 0.0213533 0.010602 0.00739843 0.00829565 0.0111541 0.0149657 0.0191966 0.0233921 0.0270764 0.0298003 0.0312321 0.031232 0.0298801 0.0274454 0.0243107 0.0208789 0.0174921 0.0143849 0.0116758 0.00938926 0.00749156 0.00592504
 1.01838e-16 3.20566e-05 0.000188145 0.000894356 0.00344332 0.0107377 0.0271225 0.0554962 0.0919914 0.123543 0.13444 0.11859 0.084899 0.0495649 0.0240877 0.0106688 0.00581528 0.00541279 0.00693894 0.00927981 0.0119658 0.0146962 0.0171844 0.0191592 0.0204118 0.0208385 0.0204585 0.0193979 0.0178496 0.016023 0.0141005 0.0122131 0.0104368 0.0088042 0.00732306 0.0059916
 1.01602e-16 3.19899e-05 0.000187752 0.000892481 0.00343609 0.0107151 0.0270656 0.05538 0.0917993 0.123287 0.134167 0.118361 0.0847616 0.0495379 0.0241732 0.0108725 0.00615694 0.00592339 0.00764899 0.0102054 0.0130954 0.0159813 0.0185373 0.0204599 0.0215249 0.0216359 0.0208433 0.0193231 0.0173261 0.0151158 0.0129145 0.0108726 0.00906447 0.00750425 0.00617028 0.00502829
 1.02391e-16 2.53524e-05 0.000148773 0.00070715 0.00272248 0.00848972 0.0214446 0.0438798 0.072741 0.0977054 0.106365 0.0939234 0.0674547 0.0398137 0.0201577 0.0103044 0.00756854 0.00875132 0.0118636 0.0159566 0.0205056 0.0250431 0.029071 0.0321155 0.0338228 0.0340374 0.0328318 0.0304745 0.0273527 0.0238757 0.0203917 0.0171402 0.0142445 0.0117349 0.00958557 0.00774935
 1.02539e-16 3.06146e-05 0.000179679 0.000854106 0.00328834 0.0102544 0.0259018 0.0529986 0.0878517 0.117984 0.128395 0.113266 0.0811059 0.0473876 0.0230998 0.0103525 0.00581886 0.0055784 0.00722869 0.00970824 0.0125651 0.0155024 0.0182309 0.0204728 0.0220089 0.0227218 0.0226144 0.021795 0.0204393 0.018741 0.0168709 0.0149544 0.0130692 0.0112565 0.00953884 0.00793326
 1.02347e-16 2.93412e-05 0.000172198 0.00081853 0.00315135 0.00982715 0.0248227 0.0507912 0.0841944 0.113078 0.12307 0.108602 0.0778388 0.0456254 0.0225134 0.0105497 0.00656854 0.00682589 0.00901317 0.0120795 0.0155277 0.0189835 0.0220703 0.0244327 0.0258063 0.0260743 0.0252897 0.0236506 0.0214416 0.0189614 0.0164611 0.0141101 0.0119914 0.0101213 0.00847828 0.00702904
 1.01928e-16 3.16097e-05 0.00018552 0.000881873 0.00339525 0.0105878 0.0267439 0.0547217 0.090708 0.121821 0.132571 0.11695 0.0837465 0.0489348 0.0238612 0.0107033 0.00602364 0.00576929 0.00745133 0.00996179 0.0128193 0.0157015 0.0182975 0.0203144 0.0215313 0.0218452 0.02129 0.0200175 0.0182512 0.0162295 0.0141559 0.0121716 0.010352 0.00872039 0.00727 0.00598384
 1.01792e-16 3.04273e-05 0.000178575 0.00084885 0.00326809 0.0101912 0.0257423 0.0526726 0.0873126 0.117264 0.127622 0.112608 0.0806871 0.0472484 0.0232276 0.0107382 0.00648849 0.00658803 0.00863968 0.0115574 0.0148376 0.0181121 0.0210146 0.0232017 0.0244184 0.0245545 0.0236655 0.021949 0.0196879 0.0171799 0.0146769 0.0123504 0.0102863 0.00850273 0.00697702 0.00567191
 1.02708e-16 2.46406e-05 0.000144594 0.000687282 0.00264598 0.00825117 0.020842 0.042647 0.0706976 0.0949617 0.103381 0.0912946 0.0655806 0.0387355 0.019664 0.0101383 0.00755496 0.00881075 0.0119762 0.0161294 0.0207558 0.0253914 0.029539 0.0327223 0.0345827 0.0349569 0.033907 0.0316897 0.0286802 0.0252773 0.0218221 0.0185511 0.0155897 0.0129748 0.0106906 0.0087018
 1.03656e-16 2.56025e-05 0.000150248 0.000714171 0.00274954 0.00857411 0.0216576 0.0443153 0.0734612 0.0986671 0.107398 0.0948004 0.0680094 0.0399904 0.0199705 0.0097612 0.00662938 0.00733493 0.00988142 0.0133538 0.0172989 0.0213481 0.0251122 0.0282105 0.0303425 0.0313474 0.0312294 0.0301371 0.0283106 0.0260141 0.0234797 0.0208765 0.0183078 0.015828 0.0134665 0.0112466
 1.02371e-16 3.28254e-05 0.000192661 0.000915831 0.00352601 0.0109955 0.0277738 0.0568288 0.0941995 0.126505 0.137658 0.121413 0.0868865 0.0506575 0.024492 0.0106324 0.00548973 0.00484264 0.00610761 0.00815535 0.0105304 0.0129629 0.0152051 0.0170242 0.0182404 0.0187637 0.0186078 0.0178759 0.0167259 0.0153266 0.0138219 0.0123109 0.0108471 0.00945082 0.00812611 0.00687497
 1.01253e-16 3.38156e-05 0.000198472 0.000943451 0.00363235 0.0113271 0.0286115 0.0585428 0.097041 0.130323 0.141816 0.125088 0.0895349 0.052238 0.0253231 0.0111044 0.0058874 0.00532097 0.00673372 0.00894238 0.0114478 0.0139353 0.0161126 0.0177118 0.0185375 0.0185112 0.0176867 0.0162304 0.0143756 0.0123646 0.0104002 0.00861725 0.00707868 0.00579005 0.00472256 0.0038351
 1.00538e-16 3.75255e-05 0.000220258 0.00104704 0.0040312 0.012571 0.0317532 0.0649705 0.107693 0.144621 0.157355 0.138748 0.0992107 0.0576781 0.0275764 0.0114373 0.00512357 0.00377948 0.00443599 0.00580955 0.00741573 0.00901043 0.0103947 0.0113917 0.0118735 0.0117898 0.0111779 0.0101501 0.00886326 0.00748115 0.00614172 0.00493801 0.0039148 0.00307745 0.00240676 0.00187339
 1.00397e-16 3.5978e-05 0.000211169 0.00100382 0.00386478 0.012052 0.0304423 0.0622887 0.103249 0.138657 0.150878 0.133063 0.095202 0.0554621 0.0267316 0.0114572 0.00569148 0.00479154 0.00590909 0.00779135 0.00992825 0.01202 0.0138 0.0150284 0.015535 0.0152582 0.0142597 0.0127056 0.0108233 0.00884815 0.00697688 0.00534024 0.0039979 0.0029509 0.00216305 0.0015824
 1.00927e-16 2.96915e-05 0.000174251 0.000828283 0.00318889 0.0099442 0.0251184 0.0513965 0.0851987 0.114429 0.124548 0.109923 0.0788236 0.0462779 0.0229743 0.0109958 0.00714876 0.00764795 0.0101489 0.0135636 0.0173462 0.0210615 0.0242659 0.0265462 0.0276028 0.0273189 0.0257855 0.0232718 0.0201529 0.0168208 0.0136066 0.0107347 0.00831409 0.00635862 0.00482176 0.00363079
 1.01578e-16 3.11759e-05 0.000182972 0.000869757 0.0033486 0.0104423 0.0263764 0.0539699 0.0894622 0.120149 0.130755 0.115356 0.0826222 0.0483127 0.0236229 0.010707 0.00618118 0.00605282 0.00786816 0.0105294 0.0135497 0.0165923 0.0193273 0.0214426 0.0227012 0.0229911 0.0223454 0.0209238 0.0189641 0.0167227 0.0144218 0.0122202 0.0102072 0.00841661 0.0068481 0.00548688
 1.01827e-16 3.01936e-05 0.000177203 0.000842326 0.00324297 0.0101129 0.0255444 0.0522677 0.0866416 0.116363 0.126642 0.111745 0.0800725 0.046896 0.0230684 0.0106886 0.00649191 0.00661949 0.00869384 0.0116376 0.0149501 0.0182636 0.0212113 0.0234478 0.0247158 0.0249017 0.0240571 0.0223757 0.020137 0.0176358 0.015123 0.0127703 0.010666 0.00883167 0.00724921 0.00588612
 1.01524e-16 3.32307e-05 0.000195039 0.000927132 0.00356952 0.0111312 0.0281165 0.0575301 0.0953623 0.128068 0.139362 0.122923 0.0879824 0.0513276 0.0248737 0.0108953 0.00576278 0.00520326 0.0065966 0.00878754 0.0112951 0.0138202 0.0160841 0.017827 0.0188538 0.0190751 0.0185237 0.017338 0.0157203 0.0138858 0.0120185 0.0102461 0.00863638 0.0072094 0.00595731 0.004862
 1.01589e-16 3.00652e-05 0.000176448 0.000838734 0.00322914 0.0100697 0.0254354 0.0520449 0.0862727 0.115869 0.126108 0.111282 0.0797599 0.0467509 0.0230671 0.0108051 0.00671903 0.0069694 0.00918596 0.0122855 0.0157509 0.0191905 0.022211 0.0244445 0.0256204 0.0256262 0.02453 0.0225541 0.0200131 0.0172367 0.0145031 0.0120005 0.00982129 0.00798064 0.00644695 0.00517063
 1.01936e-16 3.01052e-05 0.000176685 0.000839864 0.00323349 0.0100833 0.0254697 0.052115 0.0863881 0.116022 0.126269 0.111412 0.0798262 0.0467358 0.0229601 0.0105899 0.00636829 0.00644769 0.00846037 0.0113385 0.0145932 0.0178705 0.0208174 0.0230995 0.0244634 0.0247905 0.0241186 0.0226208 0.0205534 0.0181907 0.0157688 0.0134538 0.0113364 0.00944786 0.00778337 0.0063247
 1.01698e-16 3.25271e-05 0.000190907 0.000907487 0.00349387 0.0108953 0.0275207 0.0563111 0.0933421 0.125356 0.136414 0.120331 0.0861444 0.0502902 0.0244363 0.0108154 0.00588141 0.00545673 0.00697808 0.00931034 0.0119718 0.0146528 0.0170598 0.0189186 0.0200228 0.0202777 0.0197177 0.018488 0.0168013 0.0148835 0.0129274 0.0110661 0.00936976 0.00785892 0.00652522 0.00535035
 1.01519e-16 3.17119e-05 0.000186119 0.000884716 0.00340619 0.0106219 0.02683 0.0548981 0.0910009 0.122215 0.133003 0.11734 0.0840425 0.049142 0.0240255 0.010883 0.00627008 0.00612208 0.00793791 0.0105945 0.0135895 0.0165741 0.019209 0.0211781 0.0222479 0.022319 0.0214458 0.0198139 0.0176882 0.0153465 0.0130237 0.0108794 0.00899289 0.00737928 0.006015 0.00486203
 1.03222e-16 1.85505e-05 0.00010883 0.00051723 0.0019912 0.00620923 0.0156844 0.032095 0.0532109 0.071491 0.077876 0.0688816 0.0497209 0.0298518 0.0160482 0.0097312 0.00902884 0.011669 0.016209 0.0218832 0.0281369 0.0343681 0.0399009 0.0440858 0.0464368 0.0467393 0.0450913 0.0418596 0.0375741 0.0327956 0.0280021 0.0235232 0.0195299 0.0160662 0.0130989 0.0105651
 1.04693e-16 2.618e-05 0.000153644 0.000730333 0.00281178 0.00876825 0.0221479 0.045318 0.0751212 0.10089 0.109801 0.0968825 0.0694173 0.0406462 0.0199806 0.00924529 0.00562033 0.0057803 0.00769606 0.0104785 0.0137484 0.0172434 0.0206909 0.023811 0.0263597 0.0281692 0.0291694 0.0293795 0.0288822 0.0277889 0.0262115 0.0242495 0.0219914 0.0195228 0.0169358 0.0143303
 1.03898e-16 2.82008e-05 0.000165505 0.000786712 0.00302885 0.00944515 0.0238578 0.0488167 0.0809212 0.108681 0.118284 0.104375 0.0748037 0.0438345 0.0216086 0.0100924 0.00624427 0.00646902 0.00855554 0.0115066 0.0148623 0.0182843 0.0214319 0.0239805 0.0256827 0.0264196 0.0262197 0.0252367 0.023698 0.0218409 0.0198608 0.0178844 0.0159706 0.0141304 0.0123547 0.0106369
pSPR Fmed_Fpbrs
0.45247   0.346173 0.346173
Fs Fmed_Fpbrs
0.64   1.005 1.005
SSBpbr Bo_Bmed_Bpbrs
1.30108e+06  523645  385345 385345
Ro
40853.1
SPR SPRFo_SPRFmed_SPRFpbrs
843789 381789 292097
log_Ro
10.4377
likeval ReclasPelacesDesembMPH_pf_preclas_ppelaces_ptallas_desvR_qrecl_qpela
 66.3741 16.6784 0.00732415 0.000921036 333.852 211.547 54.8981 0 16.7781 2.17384e-05 4.01106e-05 0 0 0 0
q_reclas_q_pelaces
0.516496 2.46215
M
0.7
N
 39978.6 12121.6 4551.21 543.052 0.268319
 49232.9 18037.8 3287.72 1234.4 147.362
 25571.8 22434.1 5207.39 949.132 398.901
 40770.4 11012.4 4535.06 1052.66 272.501
 71086.6 19628.9 4498.52 1852.55 541.322
 52316.1 35102.8 9407.91 2156.09 1147.36
 83864.8 24623.2 12429.5 3331.21 1169.71
 86358 40225.7 9823.75 4958.87 1795.69
 109793 40060.5 12998.7 3174.45 2182.67
 122889 50522.6 12303.1 3992.03 1645.23
 65182.3 57665.6 17553 4274.43 1958.53
 44350.1 29012.3 14355.1 4369.53 1551.59
 47679 19859.9 7503.5 3712.64 1531.37
 23838.8 20055.6 3461.25 1307.71 913.925
 15079.5 8785.81 1518.23 262.012 168.174
 15399.6 5355.44 526.489 90.9762 25.7778
 11033.6 6665.36 1117.69 109.877 24.3664
 13144.3 4976.85 1804.68 302.617 36.3467
 14720.6 6091.71 1598.65 579.688 108.88
 24397.3 6913.59 2128.01 558.45 240.535
 29291.6 11437.3 2387.33 734.818 275.895
 39020.1 14170.8 4816.87 1005.43 425.665
 65698.4 18719.2 5659.79 1923.85 571.576
 93786 31312.9 7175.18 2169.42 956.504
 39433.9 44853.3 12264.6 2810.36 1224.35
 57143.7 18989.7 18348.4 5017.16 1650.5
 67712.4 27464.5 7673.65 7414.49 2694.36
pred_Ctot
 2643.08 4094.68 1537.42 183.445 0.0906393
 2931.63 5601.38 1020.97 383.331 45.7618
 2462.16 10062 2335.63 425.706 178.916
 895.309 1420.75 585.098 135.81 35.1571
 286.576 492.661 112.91 46.4978 13.5868
 1970.15 7386.12 1979.59 453.68 241.425
 2061.01 3525.38 1779.59 476.947 167.473
 4105.35 10355.7 2529.05 1276.62 462.287
 5816.99 11298.6 3666.2 895.335 615.609
 4881.17 11139.4 2712.69 880.195 362.753
 4891.48 21508.2 6547.04 1594.3 730.507
 3152.29 10375.4 5133.78 1562.67 554.893
 5294.65 9828.2 3713.35 1837.32 757.849
 4496.63 13509.7 2331.57 880.897 615.637
 3148.82 6205.24 1072.31 185.055 118.779
 1433.24 2344.51 230.489 39.8281 11.2852
 731.476 2256.5 378.39 37.1986 8.24914
 633.299 1295.9 469.921 78.7984 9.46433
 575.991 1325.6 347.884 126.147 23.6935
 985.246 1546.54 476.035 124.925 53.8075
 543.874 1261.34 263.286 81.0393 30.4271
 954.218 2019.68 686.532 143.301 60.6686
 1904.56 3117.06 942.466 320.358 95.1785
 2495.61 4822.69 1105.11 334.131 147.319
 859.76 5748.18 1571.8 360.169 156.91
 1323.49 2573.97 2487.09 680.066 223.722
 2160.93 4987.76 1393.61 1346.55 489.324
F
 0.0958743 0.604797 0.604809 0.604809 0.604809
 0.0859816 0.542392 0.542402 0.542402 0.542402
 0.142471 0.898742 0.89876 0.89876 0.89876
 0.0309548 0.19527 0.195274 0.195274 0.195274
 0.00561956 0.0354495 0.0354502 0.0354502 0.0354502
 0.0536141 0.33821 0.338217 0.338217 0.338217
 0.0346988 0.218888 0.218892 0.218892 0.218892
 0.068111 0.42966 0.429668 0.429668 0.429668
 0.0761765 0.480538 0.480548 0.480548 0.480548
 0.0566237 0.357195 0.357202 0.357202 0.357202
 0.109469 0.690557 0.69057 0.69057 0.69057
 0.103412 0.65235 0.652362 0.652362 0.652362
 0.165985 1.04707 1.04709 1.04709 1.04709
 0.298176 1.88096 1.881 1.881 1.881
 0.335223 2.11466 2.1147 2.1147 2.1147
 0.137415 0.866848 0.866865 0.866865 0.866865
 0.0961509 0.606542 0.606554 0.606554 0.606554
 0.0690589 0.435639 0.435648 0.435648 0.435648
 0.0557589 0.35174 0.351747 0.351747 0.351747
 0.0575937 0.363314 0.363322 0.363322 0.363322
 0.0261175 0.164755 0.164758 0.164758 0.164758
 0.0345255 0.217795 0.217799 0.217799 0.217799
 0.0410453 0.258923 0.258928 0.258928 0.258928
 0.0376192 0.237311 0.237315 0.237315 0.237315
 0.0307301 0.193852 0.193856 0.193856 0.193856
 0.0326723 0.206104 0.206108 0.206108 0.206108
 0.0452691 0.285568 0.285574 0.285574 0.285574
Np
 29532.2 12505.5 5841.68 1863.26 615.226
YTP_r0W_actual
 59349.3 286112 116211 143397 57827.1
YTP_p0W_proyectada
 25884.7 334785 155236 55390.2 81558.6
 25884.7 130276 88467.5 36035.8 13204.1
CTP_r0_actual
 7237.72 13245.9 3700.99 3576 1299.49
CTP_p0_proyectada
 3156.67 15499.3 4943.81 1381.3 1832.78
 3156.67 6031.31 2817.44 898.648 296.722
Wmedp
 8.2 21.6 31.4 40.1 44.5
nmprior
 10.8 10.6 4.6 0
nm_flota  nm_reclas  nm_pelaces    nm_pelaL
inf 17.0352 16.6353 51.2202
cv_recla  cv_pelaces  cv_mph
0.705553 0.447371 0.8111
 ------------------------------------------------
Talla a la edad & desviaci?n 
 7.2 14.2025 17.0495 18.207 18.6776
 1.08 2.13037 2.55742 2.73105 2.80164
