    unsorted:	 3.851965446e-06 0.001799965692 0.008679790569 4.023647409 10.64205203 26.36013106 41.09052411 67.79771087 86.07471807 151.5767555 148.7763890 197.4601137 262.4912803 384.9971090 412.8169271 484.0516206 579.1967702 635.8956543 693.0429030 763.0611060 793.8119194 827.6860285 948.3690161 1041.082051 1149.243736 1287.962757 1346.987542 1492.944922 1617.997464 1839.136947 2008.617803 2458.401755 2703.413985 2945.369375 3110.343039 3331.507679 4100.596233 4214.941563 4311.547215 4373.750120 4775.630574 15460.11732 181944.0164 452452.4320 459717.1445 424713.6113 406601.8495 377682.8116 371777.0893 342261.1327 271506.4488 534451.7389 545783.0808 603607.2161 667145.1284 743477.8568 762297.5469 882532.0065 1024813.760 1144754.424 1244313.064 1429114.389 1561264.312 1807658.963 1985398.088 2229558.952 2398900.374 2599598.970 2676049.323 34728655.10
      sorted:	 3.851965446e-06 0.001799965692 0.008679790569 4.023647409 10.64205203 26.36013106 41.09052411 67.79771087 86.07471807 148.7763890 151.5767555 197.4601137 262.4912803 384.9971090 412.8169271 484.0516206 579.1967702 635.8956543 693.0429030 763.0611060 793.8119194 827.6860285 948.3690161 1041.082051 1149.243736 1287.962757 1346.987542 1492.944922 1617.997464 1839.136947 2008.617803 2458.401755 2703.413985 2945.369375 3110.343039 3331.507679 4100.596233 4214.941563 4311.547215 4373.750120 4775.630574 15460.11732 181944.0164 271506.4488 342261.1327 371777.0893 377682.8116 406601.8495 424713.6113 452452.4320 459717.1445 534451.7389 545783.0808 603607.2161 667145.1284 743477.8568 762297.5469 882532.0065 1024813.760 1144754.424 1244313.064 1429114.389 1561264.312 1807658.963 1985398.088 2229558.952 2398900.374 2599598.970 2676049.323 34728655.10
