years
 1997 1998 1999 2000 2001 2002 2003 2004 2005 2006 2007 2008 2009 2010 2011 2012 2013 2014 2015 2016 2017 2018 2019 2020 2021 2022 2023
reclasobs
 0 0 0 370054 412103 1.49427e+06 250295 1.28982e+06 931140 785840 897777 1.04006e+06 184774 17550 25797 100020 73551 82996 120727 218422 84188 347160 605670 569463 516374 1.08416e+06 1.01767e+06
reclaspred
 498968 128709 327040 216018 344464 436785 954878 664982 755710 787546 673925 459622 275261 111144 67222.1 67828 80384 108009 120336 163227 247768 237922 406005 541295 723903 708720 646258
pelacesobs
 0 0 0 0 0 0 0 0 0 2.06254e+06 1.5e+06 0 1.87456e+06 323000 250000 174000 83755 137374 0 501740 490994 745055 786931 1.00524e+06 1.33801e+06 1.41789e+06 0
pelacespred
 2.08442e+06 395828 659446 656596 953209 836992 2.54826e+06 1.95866e+06 2.13617e+06 2.18852e+06 1.53394e+06 1.07965e+06 695379 225750 151377 150732 183070 256138 270084 378908 667114 569918 806991 1.25879e+06 1.54963e+06 1.63867e+06 1.45026e+06
mphobs
 0 0 0 0 0 112323 0 153150 637223 0 255016 313432 73983 77613 109348 50772 17779 17303 59886 28197 0 207744 136588 643089 65757 70829 0
mphpred
 152547 83894.3 92779.5 87151.4 99025.6 167211 237631 303194 264421 287695 300988 205119 124729 66042 28730.8 24273.9 27229.5 34664.6 43779.1 50607.2 76739.5 94576.4 117421 167408 255171 268491 233944
desembarqueobs
 350755 77701 442110 56441 14545 235359 269955 359681 431902 328805 639364 411747 362871 311530 167758 66681 60226 58785 57116 73181 50977 67692 138656 160484 209506 203330 245020
desembarquepred
 350760 77699.4 442091 56444.8 14545.4 235453 270030 359675 431948 328809 639308 411800 362950 311646 167583 66673.9 60251 58778.2 57100.3 73177.1 50979.2 67681.2 138659 160494 209490 203309 245002
Reclutas
 36042.4 43601.5 21476.4 30854.5 55851 40224.8 76555.7 73973.2 98139.5 114473 63008.1 43877.6 48405.1 25642.6 14941.9 13304.5 9453.24 11403.8 12549.4 19735 25784.8 32549.2 52868.4 75767.2 35259.6 49427.7 63413.8
log_desv_Rt
 0.00262966 0.193027 -0.51511 -0.152783 0.440622 0.112417 0.755953 0.721638 1.00432 1.15828 0.561198 0.19934 0.297539 -0.337811 -0.877898 -0.993966 -1.33571 -1.14812 -1.05239 -0.599673 -0.33228 -0.0993109 0.385742 0.745601 -0.0193284 0.318446 0.567617
SSB
 434000 238682 263960 247948 281731 475719 676068 862595 752285 818500 856319 583568 354857 187892 81740.1 69060.1 77468.6 98621.7 124553 143979 218326 269073 334068 476281 725969 763864 665576
BT
 1.52035e+06 366843 629361 447819 574974 678782 1.69667e+06 1.56192e+06 1.65913e+06 1.60771e+06 1.4735e+06 1.00894e+06 758821 417735 224337 143299 156770 198754 207600 283354 436228 399328 573167 876046 1.07258e+06 1.14077e+06 1.06507e+06
Ftot
 1.0478 0.952998 1.65089 0.362395 0.0641894 0.613361 0.389367 0.745214 0.83248 0.603686 1.11816 1.01608 1.71314 3.37189 3.76458 1.49563 1.08768 0.767453 0.611907 0.631022 0.289339 0.351175 0.425773 0.412662 0.330584 0.314276 0.450457
BD_Bspro_t
 0.906097 0.631275 0.550015 0.36268 0.518893 0.699107 0.643914 0.668478 0.602424 0.57717 0.556597 0.391596 0.283997 0.19296 0.105308 0.108806 0.161916 0.25922 0.361328 0.455057 0.586965 0.696703 0.705857 0.715776 0.742062 0.694082 0.661353
BD_Bspro
 0.584534 0.321469 0.355516 0.333949 0.37945 0.640723 0.910563 1.16179 1.01322 1.1024 1.15333 0.78598 0.47794 0.253062 0.110092 0.0930137 0.104339 0.132829 0.167754 0.193918 0.294053 0.362401 0.449939 0.64148 0.977773 1.02881 0.896433
BD_Bo
 0.4995 0.274704 0.303798 0.285369 0.32425 0.547515 0.778101 0.992779 0.865822 0.94203 0.985556 0.671642 0.408413 0.216248 0.0940764 0.0794827 0.0891603 0.113506 0.14335 0.165709 0.251276 0.309682 0.384486 0.548162 0.835533 0.879148 0.766026
BD_Brms
 1.35249 0.743811 0.822587 0.772688 0.877966 1.4825 2.10685 2.68813 2.34437 2.55072 2.66857 1.81859 1.10585 0.585532 0.254729 0.215214 0.241418 0.307337 0.388147 0.448686 0.680376 0.838519 1.04106 1.48425 2.26236 2.38045 2.07415
S_f
 0.0953942 0.667069 0.974404 0.998619 0.999927
 0.0953942 0.667069 0.974404 0.998619 0.999927
 0.0953942 0.667069 0.974404 0.998619 0.999927
 0.0953942 0.667069 0.974404 0.998619 0.999927
 0.0953942 0.667069 0.974404 0.998619 0.999927
 0.0953942 0.667069 0.974404 0.998619 0.999927
 0.0953942 0.667069 0.974404 0.998619 0.999927
 0.0953942 0.667069 0.974404 0.998619 0.999927
 0.0953942 0.667069 0.974404 0.998619 0.999927
 0.0953942 0.667069 0.974404 0.998619 0.999927
 0.0953942 0.667069 0.974404 0.998619 0.999927
 0.0953942 0.667069 0.974404 0.998619 0.999927
 0.0953942 0.667069 0.974404 0.998619 0.999927
 0.0953942 0.667069 0.974404 0.998619 0.999927
 0.0953942 0.667069 0.974404 0.998619 0.999927
 0.0953942 0.667069 0.974404 0.998619 0.999927
 0.0953942 0.667069 0.974404 0.998619 0.999927
 0.0953942 0.667069 0.974404 0.998619 0.999927
 0.0953942 0.667069 0.974404 0.998619 0.999927
 0.0953942 0.667069 0.974404 0.998619 0.999927
 0.0953942 0.667069 0.974404 0.998619 0.999927
 0.0953942 0.667069 0.974404 0.998619 0.999927
 0.0953942 0.667069 0.974404 0.998619 0.999927
 0.0953942 0.667069 0.974404 0.998619 0.999927
 0.0953942 0.667069 0.974404 0.998619 0.999927
 0.0953942 0.667069 0.974404 0.998619 0.999927
 0.0953942 0.667069 0.974404 0.998619 0.999927
Scru_reclas
 0.557819 0.863922 0.969652 0.993819 0.998766
 0.557819 0.863922 0.969652 0.993819 0.998766
 0.557819 0.863922 0.969652 0.993819 0.998766
 0.557819 0.863922 0.969652 0.993819 0.998766
 0.557819 0.863922 0.969652 0.993819 0.998766
 0.557819 0.863922 0.969652 0.993819 0.998766
 0.557819 0.863922 0.969652 0.993819 0.998766
 0.557819 0.863922 0.969652 0.993819 0.998766
 0.557819 0.863922 0.969652 0.993819 0.998766
 0.557819 0.863922 0.969652 0.993819 0.998766
 0.557819 0.863922 0.969652 0.993819 0.998766
 0.557819 0.863922 0.969652 0.993819 0.998766
 0.557819 0.863922 0.969652 0.993819 0.998766
 0.557819 0.863922 0.969652 0.993819 0.998766
 0.557819 0.863922 0.969652 0.993819 0.998766
 0.557819 0.863922 0.969652 0.993819 0.998766
 0.557819 0.863922 0.969652 0.993819 0.998766
 0.557819 0.863922 0.969652 0.993819 0.998766
 0.557819 0.863922 0.969652 0.993819 0.998766
 0.557819 0.863922 0.969652 0.993819 0.998766
 0.557819 0.863922 0.969652 0.993819 0.998766
 0.557819 0.863922 0.969652 0.993819 0.998766
 0.557819 0.863922 0.969652 0.993819 0.998766
 0.557819 0.863922 0.969652 0.993819 0.998766
 0.557819 0.863922 0.969652 0.993819 0.998766
 0.557819 0.863922 0.969652 0.993819 0.998766
 0.557819 0.863922 0.969652 0.993819 0.998766
Scru_pelaces
 0.97328 1 1 1 1
 0.97328 1 1 1 1
 0.97328 1 1 1 1
 0.97328 1 1 1 1
 0.97328 1 1 1 1
 0.97328 1 1 1 1
 0.97328 1 1 1 1
 0.97328 1 1 1 1
 0.97328 1 1 1 1
 0.97328 1 1 1 1
 0.97328 1 1 1 1
 0.97328 1 1 1 1
 0.97328 1 1 1 1
 0.97328 1 1 1 1
 0.97328 1 1 1 1
 0.97328 1 1 1 1
 0.97328 1 1 1 1
 0.97328 1 1 1 1
 0.97328 1 1 1 1
 0.97328 1 1 1 1
 0.97328 1 1 1 1
 0.97328 1 1 1 1
 0.97328 1 1 1 1
 0.97328 1 1 1 1
 0.97328 1 1 1 1
 0.97328 1 1 1 1
 0.97328 1 1 1 1
pf_obs 
 0.256992 0.487395 0.22802 0.0275931 0
 0.321318 0.546541 0.124235 0.00734118 0.000564706
 0.182869 0.594174 0.210203 0.0122559 0.00049798
 0.330522 0.361315 0.267642 0.0388342 0.00168674
 0.649043 0.306663 0.0425973 0.00169635 0
 0.582887 0.30429 0.105238 0.00758474 0
 0.465427 0.430635 0.0974691 0.00646863 0
 0.296916 0.608066 0.0921331 0.00288517 0
 0.311714 0.524322 0.152257 0.0117073 0
 0.15457 0.633149 0.183074 0.0267441 0.00246327
 0.131901 0.49318 0.331252 0.0422183 0.00144891
 0.196976 0.569456 0.194076 0.0375587 0.00193317
 0.518974 0.381816 0.0799577 0.0180837 0.00116848
 0.0928022 0.601141 0.25162 0.0475244 0.00691264
 0.122501 0.610282 0.24278 0.0234846 0.000952079
 0.383417 0.481906 0.127806 0.00687128 0
 0.0376549 0.599619 0.316969 0.0457579 0
 0.0361596 0.667082 0.258105 0.0386534 0
 0.158088 0.579412 0.248529 0.0139706 0
 0.0477256 0.309471 0.559284 0.082774 0.000745712
 0.0406174 0.521527 0.379366 0.0568643 0.0016247
 0.151134 0.462217 0.34131 0.0453401 0
 0.294876 0.26143 0.354403 0.0886775 0.000613685
 0.281977 0.475581 0.204845 0.0348837 0.00271318
 0.0841818 0.532909 0.334909 0.0458182 0.00218182
 0.115287 0.27431 0.454777 0.147771 0.00785563
 0 0 0 0 0
pf_pred 
 0.298595 0.47849 0.199096 0.0238049 1.40972e-05
 0.275844 0.572088 0.120316 0.0284776 0.00327374
 0.147064 0.653499 0.173069 0.0210296 0.00533898
 0.251588 0.475121 0.237311 0.0314298 0.00454997
 0.27056 0.493362 0.171495 0.0562889 0.00829339
 0.142276 0.587743 0.203316 0.0487517 0.0179129
 0.255695 0.399842 0.268165 0.0579217 0.0183766
 0.196804 0.569984 0.149864 0.0653078 0.0180404
 0.246073 0.491965 0.21043 0.0335291 0.0180031
 0.23292 0.55336 0.162479 0.0414556 0.0097854
 0.131192 0.6019 0.215536 0.0393613 0.0120111
 0.1409 0.497326 0.290247 0.0582172 0.0133099
 0.240699 0.468922 0.205734 0.0684396 0.0162049
 0.222674 0.635785 0.109205 0.0232613 0.00907538
 0.295875 0.619364 0.0792506 0.0043355 0.0011751
 0.320594 0.62167 0.0555569 0.00204881 0.000129342
 0.199167 0.654387 0.139771 0.0064349 0.000240435
 0.237353 0.512544 0.222082 0.0267928 0.00122872
 0.217893 0.551059 0.178584 0.0467665 0.00569724
 0.271147 0.484895 0.193709 0.0391249 0.0111238
 0.236866 0.551767 0.161195 0.0401067 0.0100653
 0.210267 0.515995 0.218506 0.0423974 0.0128343
 0.253261 0.471688 0.204329 0.0567776 0.0139441
 0.248097 0.521606 0.167547 0.0469711 0.0157789
 0.0931542 0.615887 0.226537 0.047245 0.017176
 0.149596 0.332225 0.395687 0.0959677 0.0265237
 0.190991 0.449289 0.177774 0.139856 0.042089
pobs_RECLAS
 0 0 0 0 0
 0 0 0 0 0
 0 0 0 0 0
 0 0 0 0 0
 0.835266 0.146461 0.0176864 0.000547809 3.91292e-05
 0.385257 0.428462 0.181853 0.0044286 0
 0.867414 0.0963971 0.0333333 0.00285562 0
 0.441836 0.489002 0.0689373 0.000224442 0
 0.779404 0.147425 0.0564933 0.0165055 0.000172143
 0.814271 0.122319 0.05973 0.00367925 0
 0.40263 0.566651 0.0304383 0.000280538 0
 0.475488 0.404961 0.113038 0.00651328 0
 0.955842 0.0263864 0.0167828 0.000988607 0
 0.975058 0.0227948 0.00214734 0 0
 0.738997 0.206755 0.0527124 0.00153531 0
 0.850938 0.134255 0.0134407 0.00136685 0
 0.542534 0.407297 0.0501686 0 0
 0.764087 0.199537 0.0359546 0.000420521 0
 0.470689 0.182191 0.310203 0.0369168 0
 0.84361 0.089868 0.0606195 0.00523954 0.000663233
 0.607945 0.314616 0.071237 0.00620181 0
 0.523733 0.453247 0.0230204 0 0
 0.530135 0.295979 0.169645 0.0042399 0
 0.562478 0.366248 0.0663022 0.0049721 0
 0.250443 0.683176 0.0655157 0.000865301 0
 0.195077 0.31981 0.436473 0.0351445 0.0134964
 0.565238 0.351407 0.0832357 0.000118908 0
ppred_RECLAS
 0.688726 0.231651 0.0711409 0.00847689 5.0374e-06
 0.655968 0.287381 0.0448468 0.0105835 0.00122092
 0.480419 0.427283 0.0801624 0.00967196 0.00246355
 0.627786 0.25885 0.098442 0.0130288 0.00189296
 0.644754 0.259822 0.0693109 0.0227489 0.003364
 0.454704 0.404987 0.105677 0.0253016 0.00932985
 0.639192 0.21796 0.111205 0.024001 0.00764227
 0.552529 0.342447 0.0675196 0.0293645 0.00814031
 0.627049 0.266865 0.0852361 0.0135488 0.00730052
 0.601747 0.308389 0.0683312 0.0174088 0.00412398
 0.440458 0.422059 0.111085 0.0202096 0.00618825
 0.466941 0.346683 0.149604 0.0299097 0.00686188
 0.642385 0.249093 0.0770421 0.0254374 0.00604255
 0.65253 0.306869 0.0314763 0.00655903 0.0025653
 0.739857 0.241357 0.0175937 0.000937806 0.000254755
 0.704471 0.277089 0.017748 0.000650573 4.12076e-05
 0.555241 0.381846 0.0600552 0.00275485 0.000103289
 0.613436 0.283102 0.0918904 0.0110626 0.000509132
 0.582158 0.317458 0.0776093 0.0202935 0.00248106
 0.653063 0.251556 0.0757473 0.0152753 0.00435852
 0.602617 0.307488 0.0685527 0.017048 0.00429396
 0.570553 0.305854 0.0986521 0.0191292 0.00581166
 0.630896 0.255784 0.0841864 0.0233728 0.00576086
 0.62048 0.284153 0.06938 0.0194343 0.00655209
 0.337138 0.487364 0.136631 0.0284775 0.0103906
 0.484516 0.23544 0.213833 0.0518329 0.0143776
 0.54875 0.280671 0.0843052 0.0662607 0.0200127
pobs_PELACES
 0 0 0 0 0
 0 0 0 0 0
 0 0 0 0 0
 0 0 0 0 0
 0 0 0 0 0
 0 0 0 0 0
 0 0 0 0 0
 0 0 0 0 0
 0 0 0 0 0
 0 0 0 0 0
 0.450072 0.473896 0.0757376 0.000293798 0
 0 0 0 0 0
 0.463077 0.371075 0.160297 0.00555027 0
 0.529543 0.364841 0.0842815 0.0213345 0
 0.631943 0.363953 0.00410389 0 0
 0.735681 0.248677 0.0153453 0.000297389 0
 0.695825 0.281241 0.0229344 0 0
 0.275771 0.60734 0.115278 0.00161068 0
 0 0 0 0 0
 0.896147 0.0623911 0.0374545 0.00400742 0
 0.803859 0.145111 0.0509908 3.86294e-05 0
 0.739449 0.233085 0.0266225 0.000797448 4.60066e-05
 0.878498 0.100942 0.0204185 0.000141795 0
 0.694673 0.275183 0.0284847 0.00165964 0
 0.469039 0.446079 0.0841089 0.000773354 0
 0.822795 0.102175 0.0682046 0.00682512 0
 0 0 0 0 0
ppred_PELACES
 0.810792 0.148467 0.0365277 0.00421125 2.48902e-06
 0.780474 0.189511 0.0239216 0.00546625 0.000627209
 0.665724 0.287681 0.0406733 0.00472532 0.00119678
 0.740086 0.189064 0.06175 0.00795082 0.00114928
 0.741077 0.195734 0.0462193 0.0147934 0.00217668
 0.596011 0.313686 0.0685292 0.0159302 0.00584357
 0.753332 0.158348 0.0691935 0.0145255 0.00460144
 0.691208 0.246929 0.0402201 0.0169651 0.00467821
 0.757951 0.182897 0.0478332 0.00736927 0.00394972
 0.726242 0.220337 0.0409144 0.0101214 0.00238516
 0.60705 0.312508 0.0654263 0.0115102 0.00350531
 0.632439 0.257171 0.0891944 0.0172579 0.00393796
 0.802393 0.149408 0.0346052 0.0109964 0.00259729
 0.84831 0.140096 0.00909486 0.00179994 0.000699469
 0.899768 0.0957167 0.00424353 0.000214154 5.77929e-05
 0.828638 0.163066 0.00799604 0.000282578 1.77985e-05
 0.704039 0.261619 0.0328308 0.00145668 5.432e-05
 0.743816 0.197034 0.0527138 0.006154 0.000281728
 0.710684 0.229071 0.0468924 0.011905 0.0014479
 0.770238 0.174737 0.0439726 0.00860841 0.00244342
 0.713741 0.228772 0.0441279 0.0106823 0.00267695
 0.690698 0.229887 0.0637525 0.0120276 0.00363546
 0.745519 0.185043 0.051969 0.0140295 0.00344021
 0.734742 0.206505 0.0430818 0.0117356 0.00393625
 0.45896 0.413539 0.099887 0.0202593 0.00735438
 0.619724 0.188279 0.147575 0.0348145 0.00960789
 0.680024 0.211944 0.0541871 0.041404 0.0124409
pobs_pel_tallas
 0 0 0 0 0 0 0 0 0 0 0 0 0 0 0 0 0 0 0 0 0 0 0 0 0 0 0 0 0 0 0 0 0 0 0 0
 0 0 0 0 0 0 0 0 0 0 0 0 0 0 0 0 0 0 0 0 0 0 0 0 0 0 0 0 0 0 0 0 0 0 0 0
 0 0 0 0 0 0 0 0 0 0 0 0 0 0 0 0 0 0 0 0 0 0 0 0 0 0 0 0 0 0 0 0 0 0 0 0
 0 0 0 0 0 0 0 0 0 0 0 0 0 0 0 0 0 0 0 0 0 0 0 0 0 0 0 0 0 0 0 0 0 0 0 0
 0 0 0 0 0 0 0 0 0 0 0 0 0 0 0 0 0 0 0 0 0 0 0 0 0 0 0 0 0 0 0 0 0 0 0 0
 0 0 0 0 0 0 0 0 0 0 0 0 0 0 0 0 0 0 0 0 0 0 0 0 0 0 0 0 0 0 0 0 0 0 0 0
 0 0 0 0 0 0 0 0 0 0 0 0 0 0 0 0 0 0 0 0 0 0 0 0 0 0 0 0 0 0 0 0 0 0 0 0
 0 0 0 0 0 0 0 0 0 0 0 0 0 0 0 0 0 0 0 0 0 0 0 0 0 0 0 0 0 0 0 0 0 0 0 0
 0 0 0 0 0 0 0 0 0 0 0 0 0 0 0 0 0 0 0 0 0 0 0 0 0 0 0 0 0 0 0 0 0 0 0 0
 0 0 0 0 0 0 0 0 0 0 0 0 0 0 0 0 0 0 0 0 0 0 0 0 0 0 0 0 0 0 0 0 0 0 0 0
 0 0 0 0 0 0 0 0 1.78061e-05 0.00172719 0.00360574 0.0105946 0.0120993 0.0124554 0.0147524 0.0171206 0.0266825 0.0428682 0.0675386 0.121331 0.153587 0.119568 0.100827 0.0573624 0.0630603 0.0341343 0.0324427 0.0444173 0.0211091 0.0280891 0.0125444 0.00206551 0 0 0 0
 0 0 0 0 0 0 0 0 0 0 0 0 0 0 0 0 0 0 0 0 0 0 0 0 0 0 0 0 0 0 0 0 0 0 0 0
 0 0 0 0 0 0 0.0133647 0.0140871 0.0187388 0.0205184 0.03894 0.0496705 0.03968 0.0493445 0.0407372 0.0367815 0.0215668 0.0243155 0.0234873 0.0199281 0.019796 0.0243948 0.0301388 0.0376714 0.0412746 0.0863199 0.0771752 0.113111 0.0741005 0.0525337 0.0229764 0.00759418 0.00175318 0 0 0
 0 0 0 0 0 0 0 0 0 0 0.00219441 0.00772107 0.0458388 0.0604681 0.0671733 0.0775358 0.0609151 0.0617685 0.073594 0.0568108 0.0755445 0.0548602 0.0670107 0.0636378 0.0643287 0.046367 0.0373049 0.0286899 0.0247887 0.0153202 0.00654259 0.00121912 0.000365735 0 0 0
 0 0 0 0 0 0 0 0 0 0 0 0 0.000112435 0.00938835 0.0111873 0.0202946 0.0414886 0.0713402 0.111592 0.104902 0.108894 0.110636 0.117776 0.105296 0.107544 0.0401394 0.0192827 0.0124803 0.00416011 0.0028671 0.000618394 0 0 0 0 0
 0 0 0 0 0 0 0 0 0 0 0.00291406 0.0102884 0.027416 0.0768956 0.0749926 0.110853 0.0956884 0.0897413 0.0766577 0.0534642 0.0500743 0.0551293 0.0594112 0.0620874 0.0668451 0.0424026 0.0208742 0.0120726 0.0048766 0.00582813 0.00118941 0.000297354 0 0 0 0
 0 0.00264628 0.0354308 0.0461629 0.0458689 0.0383711 0.0214643 0.0164657 0.0346957 0.0420465 0.0363128 0.0245516 0.0311673 0.0291091 0.0169068 0.0133784 0.00837989 0.0085269 0.0148486 0.0160247 0.0276389 0.0546898 0.0760071 0.122758 0.109233 0.0665981 0.0333725 0.0166128 0.00676272 0.00308733 0.000882094 0 0 0 0 0
 0 0 0 0 0 0 0 0.000805153 0.000690131 0.00759144 0.0133425 0.0154129 0.00931677 0.000345066 0.00356568 0.00563607 0.00851162 0.0253048 0.0502646 0.0516448 0.0657925 0.0565908 0.0611916 0.0827007 0.0866115 0.110766 0.145733 0.0935128 0.0569358 0.0249597 0.0138026 0.00621118 0.00161031 0.00115022 0 0
 0 0 0 0 0 0 0 0 0 0 0 0 0 0 0 0 0 0 0 0 0 0 0 0 0 0 0 0 0 0 0 0 0 0 0 0
 0.00147267 0.00158595 0.00478618 0.00569244 0.00954404 0.0108468 0.00647125 0.017049 0.0510054 0.094081 0.124002 0.0959785 0.0687766 0.0820023 0.061753 0.0591476 0.0492212 0.0479892 0.0443925 0.0268479 0.0217502 0.0140895 0.0121071 0.0120363 0.00920419 0.00665534 0.0049561 0.00860946 0.00930331 0.0156896 0.0114698 0.00855282 0.00243557 0.00046729 0 2.83206e-05
 0 0 0 0 0.000772559 0.00158375 0.000888443 0.00281984 0.00712685 0.0440552 0.0773331 0.111326 0.0921469 0.0852325 0.0710754 0.0886704 0.0786465 0.0553345 0.0373146 0.0185414 0.00753245 0.00457741 0.012979 0.0271748 0.0457355 0.0583668 0.034881 0.0177882 0.00938659 0.00492506 0.0015258 0.00185414 0.000309023 5.79419e-05 3.86279e-05 0
 0 0.00173294 0.00326652 0 0.00397197 0.00683976 0.00946217 0.0152591 0.00757587 0.0136028 0.0228656 0.0392903 0.0559909 0.0764795 0.0681675 0.0726916 0.0566044 0.0477403 0.0527397 0.0444891 0.0609904 0.0582453 0.0661739 0.0445044 0.0529084 0.0360697 0.0280645 0.0235558 0.0158879 0.00826598 0.00280645 0.00217768 0.000904811 0.00058276 9.20147e-05 0
 0 0 0 0 0 0 0 0 0 0 0 0 0 0 0 0 0 0 0 0 0 0 0 0 0 0 0 0 0 0 0 0 0 0 0 0
 0 0 0 0 0 0 0 0 0 0 0 0 0 0 0 0 0 0 0 0 0 0 0 0 0 0 0 0 0 0 0 0 0 0 0 0
 0 0 0 0 0 0 0 0 0 0 0 0 0 0 0 0 0 0 0 0 0 0 0 0 0 0 0 0 0 0 0 0 0 0 0 0
 0 0 0 0 0 0 0 0 0 0 0 0 0 0 0 0 0 0 0 0 0 0 0 0 0 0 0 0 0 0 0 0 0 0 0 0
 0 0 0 0 0 0 0 0 0 0 0 0 0 0 0 0 0 0 0 0 0 0 0 0 0 0 0 0 0 0 0 0 0 0 0 0
ppred_pel_tallas
 1.00712e-16 3.53731e-05 0.000207618 0.000986939 0.00379979 0.0118493 0.0299304 0.0612413 0.101513 0.136325 0.148339 0.130823 0.0935961 0.0545202 0.0262664 0.0112402 0.00556141 0.00466784 0.00576416 0.00762647 0.00976348 0.0118915 0.013758 0.0151321 0.0158439 0.0158214 0.0151052 0.0138327 0.0121998 0.0104139 0.00865189 0.00703651 0.00563131 0.00445138 0.00348118 0.00269172
 1.00619e-16 3.40527e-05 0.000199863 0.000950061 0.00365779 0.0114065 0.0288119 0.058953 0.0977213 0.131238 0.142814 0.125975 0.0901835 0.0526444 0.0255719 0.0113008 0.00611401 0.00563095 0.00715787 0.00949335 0.0121182 0.0146934 0.0169012 0.0184509 0.0191346 0.0188742 0.0177394 0.0159252 0.0137011 0.0113467 0.00909644 0.00710726 0.00545232 0.00413607 0.00311961 0.00234576
 1.0089e-16 2.90531e-05 0.000170502 0.000810453 0.00312023 0.0097301 0.0245776 0.0502901 0.0833654 0.111969 0.121876 0.107579 0.0771717 0.0453672 0.0226319 0.0110141 0.00739872 0.00808829 0.0107878 0.0144208 0.0184298 0.0223544 0.0257215 0.0280907 0.0291445 0.0287627 0.0270486 0.0242966 0.0209143 0.0173259 0.0138882 0.0108414 0.00829927 0.00627191 0.00470314 0.00350846
 1.01266e-16 3.22917e-05 0.000189524 0.000900908 0.00346854 0.0108163 0.0273211 0.0559029 0.0926658 0.124449 0.13543 0.11947 0.0855446 0.0499728 0.0243433 0.0108783 0.00606285 0.00575343 0.00740485 0.00988379 0.0126985 0.0155217 0.0180384 0.0199536 0.0210452 0.021212 0.0204922 0.019045 0.0171046 0.0149215 0.0127119 0.0106289 0.00875674 0.00712358 0.00572271 0.00453233
 1.0133e-16 3.23351e-05 0.000189778 0.000902116 0.00347319 0.0108308 0.0273578 0.0559779 0.0927903 0.124617 0.135614 0.119635 0.0856687 0.0500574 0.0244068 0.0109436 0.00614932 0.00587463 0.00756852 0.010091 0.0129417 0.0157831 0.0182909 0.020163 0.0211764 0.0212357 0.0203919 0.0188215 0.0167767 0.0145231 0.0122857 0.0102185 0.00839941 0.00684497 0.00553454 0.004433
 1.01896e-16 2.60144e-05 0.000152659 0.000725624 0.00279361 0.00871153 0.0220048 0.0450262 0.0746413 0.100257 0.109143 0.0963731 0.0692084 0.0408372 0.020654 0.0105209 0.00767875 0.00884062 0.0119607 0.016061 0.0205997 0.0250958 0.0290395 0.031949 0.0334695 0.0334526 0.0319868 0.0293636 0.0259961 0.022318 0.0186967 0.0153825 0.0125001 0.0100727 0.00806084 0.00639998
 1.01749e-16 3.2868e-05 0.000192911 0.000917013 0.00353056 0.0110097 0.0278097 0.0569022 0.0943213 0.12667 0.137839 0.121577 0.0870128 0.0507498 0.0245717 0.0107268 0.00562488 0.00504094 0.00638772 0.0085303 0.011004 0.0135259 0.0158326 0.0176752 0.0188613 0.0192937 0.0189868 0.0180524 0.0166638 0.0150094 0.0132546 0.0115188 0.00987256 0.00834832 0.00695613 0.00569782
 1.01453e-16 3.01626e-05 0.00017702 0.000841448 0.00323958 0.0101023 0.0255177 0.0522134 0.086552 0.116245 0.126518 0.111647 0.0800277 0.0469204 0.0231739 0.0108931 0.00682308 0.0071118 0.00937911 0.0125331 0.0160467 0.0195169 0.0225384 0.0247341 0.0258296 0.0257158 0.0244715 0.0223359 0.0196426 0.0167389 0.0139161 0.0113685 0.00918801 0.00738331 0.0059127 0.00471525
 1.01177e-16 3.30704e-05 0.000194096 0.000922646 0.00355224 0.0110773 0.0279805 0.0572518 0.0949014 0.127451 0.138693 0.122342 0.0875854 0.0511337 0.02485 0.0110041 0.00598954 0.00555709 0.00709708 0.00945024 0.0121201 0.0147841 0.0171372 0.018896 0.0198504 0.0199096 0.0191195 0.0176438 0.0157177 0.0135899 0.0114724 0.00951178 0.00778382 0.00630711 0.00506482 0.0040256
 1.01112e-16 3.16892e-05 0.000185984 0.000884074 0.00340371 0.0106141 0.0268105 0.0548583 0.0909353 0.122128 0.132912 0.117267 0.0840071 0.0491549 0.024094 0.0110184 0.00649073 0.00645147 0.00839857 0.0112001 0.014337 0.0174372 0.0201361 0.0220952 0.0230676 0.0229539 0.0218228 0.0198868 0.0174439 0.0148062 0.0122365 0.00991318 0.00792289 0.00627808 0.00494499 0.00387102
 1.0159e-16 2.64957e-05 0.000155485 0.000739057 0.00284533 0.00887282 0.0224122 0.0458598 0.0760229 0.102113 0.11116 0.0981502 0.0704748 0.0415647 0.0209852 0.0106291 0.00768193 0.00879234 0.0118747 0.0159336 0.0204213 0.0248554 0.0287264 0.0315538 0.032985 0.032875 0.0313164 0.0286053 0.0251605 0.0214213 0.01776 0.0144308 0.0115604 0.00917138 0.00722161 0.00564174
 1.02127e-16 2.76006e-05 0.000161977 0.000769931 0.00296422 0.00924359 0.0233487 0.0477754 0.0791966 0.106369 0.115779 0.102191 0.0732965 0.0430683 0.0214482 0.0103814 0.00691032 0.00752922 0.0100718 0.0135381 0.0174283 0.0213388 0.0248506 0.0275636 0.0291739 0.0295393 0.0287048 0.0268777 0.0243659 0.0214994 0.0185637 0.0157604 0.0132017 0.0109274 0.0089337 0.00719908
 1.0104e-16 3.50068e-05 0.000205468 0.000976717 0.00376044 0.0117266 0.0296204 0.060607 0.100462 0.134914 0.146804 0.12947 0.0926321 0.0539658 0.0260128 0.0111551 0.00555433 0.00469695 0.00581767 0.00770553 0.00987364 0.0120396 0.0139513 0.0153779 0.0161494 0.0161932 0.0155489 0.0143514 0.0127936 0.0110781 0.00937661 0.00780605 0.0064252 0.00524595 0.0042518 0.0034154
 1.0027e-16 3.70086e-05 0.000217221 0.0010326 0.00397558 0.0123975 0.0313151 0.0640744 0.106209 0.14263 0.155195 0.136858 0.0978904 0.0569741 0.0273588 0.0115515 0.0054819 0.00436659 0.00527429 0.00692386 0.00880873 0.0106482 0.0122013 0.0132537 0.0136549 0.0133528 0.0124063 0.0109687 0.00924795 0.00745828 0.00577811 0.004325 0.00315099 0.00225411 0.00159794 0.00113152
 1.00102e-16 3.92506e-05 0.000230388 0.0010952 0.00421664 0.0131493 0.0332139 0.0679591 0.112646 0.15127 0.164584 0.145107 0.103725 0.0602369 0.0286762 0.0116786 0.00490359 0.00326178 0.0036433 0.00471127 0.00597684 0.00721407 0.00825189 0.00894308 0.00918536 0.00894458 0.00826313 0.00724811 0.00604433 0.00480067 0.00364094 0.00264651 0.001853 0.0012581 0.000835131 0.000546947
 1.00178e-16 3.61518e-05 0.000212189 0.00100866 0.00388344 0.0121102 0.0305893 0.0625895 0.103748 0.139328 0.151608 0.133709 0.0956704 0.0557463 0.0268895 0.0115601 0.00579261 0.0049216 0.00608279 0.00801236 0.01019 0.0123045 0.014078 0.0152615 0.0156807 0.015277 0.0141221 0.0123978 0.0103502 0.00823263 0.00625579 0.00455842 0.00320153 0.00218171 0.00145415 0.000956206
 1.00604e-16 3.07227e-05 0.000180306 0.000857071 0.00329973 0.0102899 0.0259915 0.0531829 0.0881594 0.118404 0.12887 0.113727 0.0815282 0.0478191 0.0236524 0.0111744 0.00707127 0.00741822 0.00978584 0.0130516 0.0166629 0.0201893 0.0231978 0.0252878 0.026172 0.0257442 0.024103 0.0215219 0.0183778 0.0150623 0.0119048 0.00912639 0.00683117 0.00502633 0.00365693 0.00264083
 1.01038e-16 3.24546e-05 0.00019048 0.000905451 0.00348603 0.0108708 0.0274589 0.0561848 0.0931333 0.125078 0.136115 0.120078 0.0859867 0.0502449 0.0245015 0.0109915 0.00618385 0.00591394 0.00762115 0.0101605 0.0130285 0.0158842 0.0183992 0.0202675 0.021262 0.0212846 0.0203856 0.0187428 0.0166124 0.0142657 0.0119354 0.00978341 0.00789514 0.00629316 0.00496044 0.00386263
 1.01218e-16 3.10112e-05 0.000182003 0.000865143 0.00333082 0.0103868 0.0262364 0.0536837 0.0889886 0.119515 0.130071 0.114769 0.0822351 0.0481538 0.02367 0.0109373 0.00659883 0.00668714 0.00875532 0.0116916 0.0149769 0.01823 0.0210729 0.0231529 0.0242117 0.0241432 0.023015 0.0210437 0.0185352 0.0158103 0.0131406 0.010711 0.0086131 0.00686293 0.0054294 0.00426217
 1.01092e-16 3.36058e-05 0.000197241 0.000937597 0.0036098 0.0112568 0.0284339 0.0581795 0.0964389 0.129514 0.140936 0.124314 0.0889827 0.0519204 0.0251781 0.0110567 0.00588629 0.00534465 0.00677892 0.00901482 0.0115573 0.0140931 0.0163299 0.017997 0.0188943 0.0189358 0.0181664 0.0167438 0.0148938 0.0128549 0.0108301 0.00895966 0.00731546 0.00591449 0.00473967 0.00375998
 1.01194e-16 3.11444e-05 0.000182785 0.000868863 0.00334514 0.0104315 0.0263492 0.0539145 0.0893712 0.120029 0.13063 0.115261 0.0825856 0.0483548 0.0237609 0.0109658 0.00659732 0.00666984 0.00872531 0.011647 0.0149141 0.0181451 0.0209623 0.0230139 0.0240433 0.023946 0.0227921 0.0208004 0.0182788 0.0155497 0.0128854 0.0104704 0.00839512 0.00667351 0.00527187 0.00413718
 1.01564e-16 3.01397e-05 0.000176887 0.00084082 0.00323717 0.0100948 0.0254987 0.0521743 0.0864869 0.116156 0.126418 0.111551 0.0799412 0.0468347 0.0230672 0.0107368 0.00658679 0.00676709 0.00890395 0.0119185 0.0153039 0.0186834 0.0216786 0.0239337 0.0251832 0.0253104 0.0243692 0.0225612 0.0201778 0.0175276 0.0148748 0.0124024 0.0102068 0.00831356 0.00670543 0.00534724
 1.01441e-16 3.25283e-05 0.000190914 0.000907517 0.00349399 0.0108957 0.0275216 0.056313 0.0933454 0.125362 0.136421 0.120341 0.0861607 0.0503174 0.0244824 0.0108913 0.00600029 0.00563299 0.00722454 0.00963479 0.012373 0.015117 0.0175598 0.0194147 0.0204677 0.0206237 0.0199238 0.018527 0.0166637 0.0145783 0.012479 0.01051 0.00874679 0.0072098 0.00588627 0.00475071
 1.01267e-16 3.20593e-05 0.000188158 0.000894411 0.00344352 0.0107383 0.0271241 0.0554998 0.0919981 0.123554 0.13446 0.118624 0.0849594 0.0496726 0.0242743 0.0109772 0.0062977 0.00612458 0.00792767 0.0105702 0.0135433 0.0164947 0.0190822 0.0209882 0.0219797 0.0219602 0.0209889 0.0192588 0.0170427 0.0146264 0.0122515 0.010082 0.00819869 0.00661535 0.00530453 0.00422256
 1.02593e-16 2.00424e-05 0.000117589 0.000558876 0.00215155 0.00670928 0.0169474 0.0346792 0.0574941 0.0772414 0.0841291 0.0743864 0.0536379 0.0320899 0.0170444 0.0100153 0.00895735 0.0113975 0.0157698 0.0212574 0.027293 0.0332779 0.0385462 0.0424623 0.0445546 0.0446221 0.0427743 0.0393873 0.0349982 0.0301734 0.025394 0.0209904 0.0171309 0.0138522 0.0111103 0.00882819
 1.03802e-16 2.70434e-05 0.000158712 0.000754423 0.00290453 0.00905747 0.0228785 0.0468129 0.0775994 0.104219 0.113426 0.100084 0.0717178 0.0420069 0.0206738 0.0096043 0.00588462 0.00607564 0.00807285 0.010944 0.0142783 0.0177834 0.0211573 0.0240974 0.0263503 0.0277572 0.0282759 0.0279695 0.0269724 0.0254468 0.0235457 0.0213941 0.0190874 0.0167021 0.0143075 0.0119735
 1.02843e-16 2.96735e-05 0.000174151 0.000827819 0.00318712 0.00993872 0.0251045 0.0513675 0.0851491 0.114358 0.124458 0.109814 0.0786807 0.0460643 0.0226286 0.0104345 0.00627154 0.00634796 0.00833081 0.0111695 0.0143849 0.0176329 0.0205715 0.0228777 0.0243091 0.0247544 0.0242537 0.022976 0.0211661 0.019081 0.0169345 0.0148687 0.0129522 0.0111981 0.00959106 0.00811092
pSPR Fmed_Fpbrs
0.522419   0.41932 0.41932
Fs Fmed_Fpbrs
0.64   1.005 1.005
SSBpbr Bo_Bmed_Bpbrs
868869  410471  320891 320891
Ro
35947.7
SPR SPRFo_SPRFmed_SPRFpbrs
742472 387882 311333
log_Ro
10.3098
likeval ReclasPelacesDesembMPH_pf_preclas_ppelaces_ptallas_desvR_qrecl_qpela
 64.5922 15.1445 0.00939641 0.000570396 329.825 209.006 55.8414 0 16.8189 1.00711e-06 6.23919e-05 0 0 0 0
q_reclas_q_pelaces
0.867441 3.07643
M
0.7
N
 36042.4 10560.6 3394.39 399.666 0.236488
 43601.5 16195.6 2606.94 607.223 69.7461
 21476.4 19770.3 4258.96 511.489 129.777
 30854.5 9110.89 3263.9 423.326 61.215
 55851 14801.3 3552.77 1138.6 167.544
 40224.8 27565.5 7042.01 1657.29 608.335
 76555.7 18839.8 9092.14 1923.66 609.644
 73973.2 36630.3 7215.54 3089.5 852.633
 98139.5 34213.3 11064.8 1733.42 929.904
 114473 45014.1 9750.24 2441.45 575.719
 63008.1 53664.7 14943.5 2688.7 819.811
 43877.6 28123.3 12640 2496.12 570.203
 48405.1 19776.1 7090.82 2332.15 551.868
 25642.6 20413.2 3132.06 663.322 258.717
 14941.9 9231.26 1069.19 58.1988 15.7702
 13304.5 5181.26 372.083 13.5506 0.854886
 9453.24 5728.33 948.719 43.0243 1.60628
 11403.8 4231.68 1376.94 163.248 7.47967
 12549.4 5263.2 1259.43 323.699 39.3948
 19735 5878.52 1737.69 344.525 97.8574
 25784.8 9227.57 1916.25 466.585 116.961
 32549.2 12455.8 3777.97 717.8 217.046
 52868.4 15631 4893.59 1332.42 326.877
 75767.2 25208.7 5842.94 1604.88 538.538
 35259.6 36172.5 9505.94 1940.87 704.812
 49427.7 16965.8 14407.9 3420.53 944.297
 63413.8 23820.1 6831.59 5267.45 1583.51
pred_Ctot
 2479.85 3973.89 1653.51 197.701 0.117078
 2739.26 5681.08 1194.79 282.795 32.5097
 2271.05 10091.7 2672.64 324.752 82.448
 755.498 1426.75 712.628 94.3814 13.6632
 245.284 447.271 155.473 51.0302 7.5186
 1649.62 6814.59 2357.35 565.252 207.691
 2011.77 3145.89 2109.88 455.719 144.584
 3665.59 10616.3 2791.3 1216.4 336.012
 5412.89 10821.8 4628.85 737.544 396.015
 4622.38 10981.6 3224.44 822.7 194.194
 4612.83 21163.3 7578.43 1383.98 422.32
 2931.4 10346.7 6038.51 1211.19 276.908
 5298.15 10321.7 4528.52 1506.46 356.694
 5166.93 14752.8 2533.99 539.756 210.585
 3309.56 6928.02 886.473 48.4955 13.1443
 1282.73 2487.36 222.288 8.19749 0.51751
 674.059 2214.7 473.039 21.7782 0.813726
 581.419 1255.53 544.013 65.6317 3.00988
 513.465 1298.57 420.835 110.205 13.4256
 832.023 1487.92 594.403 120.056 34.1338
 505.631 1177.84 344.099 85.6146 21.4861
 772.683 1896.16 802.959 155.8 47.1631
 1516.89 2825.14 1223.82 340.066 83.517
 2108.11 4432.16 1423.67 399.12 134.075
 788.624 5213.98 1917.82 399.966 145.409
 1051.7 2335.62 2781.77 674.675 186.468
 1922.95 4523.55 1789.88 1408.11 423.762
F
 0.0999544 0.698958 1.02099 1.04636 1.04773
 0.0909105 0.635715 0.928605 0.951682 0.952929
 0.157486 1.10126 1.60864 1.64862 1.65077
 0.0345704 0.241743 0.353119 0.361895 0.362369
 0.00612329 0.0428187 0.0625464 0.0641008 0.0641847
 0.058511 0.409154 0.597661 0.612514 0.613316
 0.0371433 0.259735 0.379401 0.388829 0.389339
 0.0710891 0.497109 0.72614 0.744185 0.74516
 0.0794137 0.555321 0.811172 0.83133 0.832419
 0.0575881 0.4027 0.588234 0.602852 0.603642
 0.106666 0.745888 1.08954 1.11661 1.11808
 0.0969282 0.677796 0.990074 1.01468 1.01601
 0.163424 1.14279 1.6693 1.71078 1.71302
 0.321658 2.24928 3.28558 3.36723 3.37164
 0.359119 2.51123 3.66822 3.75938 3.76431
 0.142675 0.997691 1.45735 1.49357 1.49553
 0.103758 0.725558 1.05984 1.08618 1.0876
 0.0732105 0.511944 0.747809 0.766393 0.767397
 0.0583724 0.408184 0.596245 0.611062 0.611862
 0.0601958 0.420935 0.61487 0.630151 0.630976
 0.0276013 0.193009 0.281933 0.28894 0.289318
 0.0335001 0.234258 0.342186 0.35069 0.35115
 0.0406163 0.28402 0.414875 0.425185 0.425742
 0.0393655 0.275274 0.402099 0.412092 0.412632
 0.0315358 0.220522 0.322122 0.330127 0.33056
 0.0299801 0.209644 0.306232 0.313843 0.314254
 0.0429709 0.300486 0.438927 0.449835 0.450424
Np
 25544.7 11525.5 7662.26 1633.57 470.502
YTP_r0W_actual
 34376.9 187768 101762 101784 33984.2
YTP_p0W_proyectada
 13847.9 237790 130468 42264.1 47131.5
 13847.9 90852.4 114136 31565.9 10097.6
CTP_r0_actual
 4192.3 8692.97 3240.84 2538.26 763.691
CTP_p0_proyectada
 1688.77 11008.8 4155.03 1053.97 1059.13
 1688.77 4206.13 3634.9 787.179 226.912
Wmedp
 8.2 21.6 31.4 40.1 44.5
nmprior
 10.8 10.6 4.6 0
nm_flota  nm_reclas  nm_pelaces    nm_pelaL
inf 23.0847 16.1719 49.234
cv_recla  cv_pelaces  cv_mph
0.696019 0.426303 0.638299
 ------------------------------------------------
Talla a la edad & desviaci?n 
 7.2 14.2025 17.0495 18.207 18.6776
 1.08 2.13037 2.55742 2.73105 2.80164
