years
 1997 1998 1999 2000 2001 2002 2003 2004 2005 2006 2007 2008 2009 2010 2011 2012 2013 2014 2015 2016 2017 2018 2019 2020 2021
reclasobs
 0 0 0 370054 412103 1.49427e+06 250295 1.28982e+06 931140 785840 897777 1.04006e+06 184774 17550 25797 100020 73551 82996 120727 218422 84188 347160 605670 569463 516374
reclaspred
 486344 125341 316894 216379 353032 434935 949933 653903 740015 764811 650486 451531 278306 115672 68867.9 65947.6 79115.3 105885 114278 155030 233955 218813 370533 460977 541370
pelacesobs
 0 0 0 0 0 0 0 0 0 2.06254e+06 1.5e+06 0 1.87456e+06 323000 250000 174000 83755 137374 0 501740 490994 745055 786931 1.00524e+06 1.33801e+06
pelacespred
 1.95418e+06 440125 663348 733033 1.05519e+06 1.03235e+06 2.64547e+06 2.1515e+06 2.19784e+06 2.30163e+06 1.6986e+06 1.23417e+06 740014 238000 144130 151629 191157 270084 294428 391074 685750 625175 843961 1.18897e+06 1.39353e+06
mphobs
 0 0 0 0 0 112323 0 153150 637223 0 255016 313432 73983 77613 109348 50772 17779 17303 59886 28197 0 207744 136588 643089 65757
mphpred
 163652 89747.2 99372.2 96036.1 112352 191627 272324 337090 290093 311185 326787 230230 144874 75355.1 32193.4 25755.6 28871 37992.6 47548.5 53914.7 81111.7 99720.7 123344 170376 231551
desembarqueobs
 350755 77701 442110 56441 14545 235359 269955 359681 431902 328805 639364 411747 362871 311530 167758 66681 60226 58785 57116 73181 50977 67692 138656 160484 209506
desembarquepred
 350761 77699.2 442088 56444.1 14545.3 235437 270019 359672 431943 328811 639305 411775 362928 311616 167581 66676 60252.3 58777.8 57100.2 73177.3 50979.6 67682.4 138661 160498 209512
Reclutas
 36161.2 43905.8 22499.7 33970.8 60812 42632.7 77584.3 75490.2 98878.5 116869 66688.8 46077.9 45949.1 24867.7 14460.9 13303.5 10077.8 11574.6 12442.6 19900.3 25993.1 32708.3 51796.2 61894.1 26885.5
log_desv_Rt
 0.0435265 0.237586 -0.430956 -0.0189571 0.563327 0.208163 0.806905 0.779543 1.04943 1.21659 0.655577 0.285873 0.283074 -0.330891 -0.873013 -0.956436 -1.23413 -1.09565 -1.02333 -0.553723 -0.286629 -0.0568318 0.402857 0.580964 -0.252873
SSB
 446185 244689 270931 261836 306320 522457 742472 919052 790917 848423 890961 627705 394989 205450 87773.1 70220.9 78714.8 103584 129638 146995 221145 271881 336290 464518 631309
BT
 1.53644e+06 373644 649321 479130 625322 736538 1.78292e+06 1.63467e+06 1.70683e+06 1.65363e+06 1.5319e+06 1.06956e+06 786829 430218 227347 144488 161878 205308 212736 287562 440803 402791 571886 805325 913722
Ftot
 0.975598 0.894888 1.55046 0.33219 0.0574343 0.539374 0.341721 0.673471 0.761495 0.561217 1.038 0.911406 1.45494 2.86938 3.30075 1.40178 1.02975 0.706122 0.569297 0.599799 0.277265 0.339304 0.412919 0.414682 0.374678
BD_Bspro_t
 0.909727 0.637116 0.557097 0.374931 0.539213 0.718576 0.664274 0.68218 0.614869 0.586623 0.567712 0.409698 0.306735 0.207682 0.112454 0.111311 0.166065 0.271407 0.372817 0.461555 0.590543 0.699171 0.707121 0.709712 0.713722
BD_Bspro
 0.626805 0.343742 0.380608 0.36783 0.430322 0.733954 1.04303 1.2911 1.11109 1.19187 1.25163 0.881808 0.554886 0.288619 0.123305 0.0986471 0.110579 0.145516 0.182117 0.2065 0.310667 0.381942 0.472424 0.65256 0.88687
BD_Bo
 0.502609 0.275633 0.305193 0.294947 0.345057 0.588527 0.836364 1.03528 0.890936 0.955714 1.00363 0.707084 0.44494 0.231432 0.0988729 0.079101 0.088669 0.116683 0.146032 0.165583 0.249111 0.306263 0.378817 0.52326 0.711143
BD_Brms
 0.913834 0.50115 0.554897 0.536268 0.627376 1.07005 1.52066 1.88232 1.61988 1.73766 1.82478 1.28561 0.808981 0.420785 0.179769 0.14382 0.161216 0.212152 0.265512 0.301061 0.452929 0.556842 0.688758 0.951382 1.29299
S_f
 0.104412 0.688968 0.976791 0.998751 0.999934
 0.104412 0.688968 0.976791 0.998751 0.999934
 0.104412 0.688968 0.976791 0.998751 0.999934
 0.104412 0.688968 0.976791 0.998751 0.999934
 0.104412 0.688968 0.976791 0.998751 0.999934
 0.104412 0.688968 0.976791 0.998751 0.999934
 0.104412 0.688968 0.976791 0.998751 0.999934
 0.104412 0.688968 0.976791 0.998751 0.999934
 0.104412 0.688968 0.976791 0.998751 0.999934
 0.104412 0.688968 0.976791 0.998751 0.999934
 0.104412 0.688968 0.976791 0.998751 0.999934
 0.104412 0.688968 0.976791 0.998751 0.999934
 0.104412 0.688968 0.976791 0.998751 0.999934
 0.104412 0.688968 0.976791 0.998751 0.999934
 0.104412 0.688968 0.976791 0.998751 0.999934
 0.104412 0.688968 0.976791 0.998751 0.999934
 0.104412 0.688968 0.976791 0.998751 0.999934
 0.104412 0.688968 0.976791 0.998751 0.999934
 0.104412 0.688968 0.976791 0.998751 0.999934
 0.104412 0.688968 0.976791 0.998751 0.999934
 0.104412 0.688968 0.976791 0.998751 0.999934
 0.104412 0.688968 0.976791 0.998751 0.999934
 0.104412 0.688968 0.976791 0.998751 0.999934
 0.104412 0.688968 0.976791 0.998751 0.999934
 0.104412 0.688968 0.976791 0.998751 0.999934
Scru_reclas
 0.738327 0.993179 0.999867 0.999997 1
 0.738327 0.993179 0.999867 0.999997 1
 0.738327 0.993179 0.999867 0.999997 1
 0.738327 0.993179 0.999867 0.999997 1
 0.738327 0.993179 0.999867 0.999997 1
 0.738327 0.993179 0.999867 0.999997 1
 0.738327 0.993179 0.999867 0.999997 1
 0.738327 0.993179 0.999867 0.999997 1
 0.738327 0.993179 0.999867 0.999997 1
 0.738327 0.993179 0.999867 0.999997 1
 0.738327 0.993179 0.999867 0.999997 1
 0.738327 0.993179 0.999867 0.999997 1
 0.738327 0.993179 0.999867 0.999997 1
 0.738327 0.993179 0.999867 0.999997 1
 0.738327 0.993179 0.999867 0.999997 1
 0.738327 0.993179 0.999867 0.999997 1
 0.738327 0.993179 0.999867 0.999997 1
 0.738327 0.993179 0.999867 0.999997 1
 0.738327 0.993179 0.999867 0.999997 1
 0.738327 0.993179 0.999867 0.999997 1
 0.738327 0.993179 0.999867 0.999997 1
 0.738327 0.993179 0.999867 0.999997 1
 0.738327 0.993179 0.999867 0.999997 1
 0.738327 0.993179 0.999867 0.999997 1
 0.738327 0.993179 0.999867 0.999997 1
Scru_pelaces
 0.732341 1 1 1 1
 0.732341 1 1 1 1
 0.732341 1 1 1 1
 0.732341 1 1 1 1
 0.732341 1 1 1 1
 0.732341 1 1 1 1
 0.732341 1 1 1 1
 0.732341 1 1 1 1
 0.732341 1 1 1 1
 0.732341 1 1 1 1
 0.732341 1 1 1 1
 0.732341 1 1 1 1
 0.732341 1 1 1 1
 0.732341 1 1 1 1
 0.732341 1 1 1 1
 0.732341 1 1 1 1
 0.732341 1 1 1 1
 0.732341 1 1 1 1
 0.732341 1 1 1 1
 0.732341 1 1 1 1
 0.732341 1 1 1 1
 0.732341 1 1 1 1
 0.732341 1 1 1 1
 0.732341 1 1 1 1
 0.732341 1 1 1 1
pf_obs 
 0.256992 0.487395 0.22802 0.0275931 0
 0.321318 0.546541 0.124235 0.00734118 0.000564706
 0.182869 0.594174 0.210203 0.0122559 0.00049798
 0.330522 0.361315 0.267642 0.0388342 0.00168674
 0.649043 0.306663 0.0425973 0.00169635 0
 0.582887 0.30429 0.105238 0.00758474 0
 0.465427 0.430635 0.0974691 0.00646863 0
 0.296916 0.608066 0.0921331 0.00288517 0
 0.311714 0.524322 0.152257 0.0117073 0
 0.15457 0.633149 0.183074 0.0267441 0.00246327
 0.131901 0.49318 0.331252 0.0422183 0.00144891
 0.196976 0.569456 0.194076 0.0375587 0.00193317
 0.518974 0.381816 0.0799577 0.0180837 0.00116848
 0.0928022 0.601141 0.25162 0.0475244 0.00691264
 0.122501 0.610282 0.24278 0.0234846 0.000952079
 0.383417 0.481906 0.127806 0.00687128 0
 0.0376549 0.599619 0.316969 0.0457579 0
 0.0361596 0.667082 0.258105 0.0386534 0
 0.158088 0.579412 0.248529 0.0139706 0
 0.0477256 0.309471 0.559284 0.082774 0.000745712
 0.0406174 0.521527 0.379366 0.0568643 0.0016247
 0.151134 0.462217 0.34131 0.0453401 0
 0.294876 0.26143 0.354403 0.0886775 0.000613685
 0.281977 0.475581 0.204845 0.0348837 0.00271318
 0.0841818 0.532909 0.334909 0.0458182 0.00218182
pf_pred 
 0.303737 0.475815 0.196892 0.023543 1.29004e-05
 0.284931 0.559324 0.121908 0.0303324 0.00350411
 0.157649 0.642545 0.171038 0.0226837 0.0060846
 0.273327 0.463984 0.225328 0.0321837 0.00517709
 0.283744 0.494316 0.160283 0.053079 0.00857895
 0.144723 0.588087 0.202824 0.0467696 0.0175968
 0.251528 0.392767 0.274495 0.0620701 0.0191397
 0.200699 0.552649 0.153226 0.0725227 0.0209036
 0.249494 0.483015 0.208765 0.0369062 0.0218205
 0.242184 0.539539 0.162236 0.0440445 0.0119965
 0.140613 0.594015 0.210463 0.0411159 0.0137932
 0.145155 0.495622 0.284344 0.0598284 0.0150501
 0.219671 0.468382 0.217125 0.0755921 0.01923
 0.212378 0.607807 0.132669 0.0332465 0.0138992
 0.282624 0.606897 0.0992315 0.00844911 0.00279915
 0.328973 0.599017 0.0676988 0.00390247 0.00040907
 0.21807 0.636795 0.136141 0.00847641 0.000517585
 0.241112 0.519516 0.210813 0.0268478 0.00171116
 0.220185 0.541416 0.18461 0.0475441 0.00624472
 0.282926 0.470916 0.19161 0.0425155 0.0120329
 0.248385 0.545606 0.154086 0.0406792 0.011244
 0.220784 0.512732 0.211892 0.0410892 0.0135036
 0.260889 0.469799 0.199342 0.0559292 0.0140407
 0.226434 0.535997 0.171958 0.0489019 0.0167092
 0.0894571 0.588128 0.248992 0.0535391 0.0198841
pobs_RECLAS
 0 0 0 0 0
 0 0 0 0 0
 0 0 0 0 0
 0 0 0 0 0
 0.835266 0.146461 0.0176864 0.000547809 3.91292e-05
 0.385257 0.428462 0.181853 0.0044286 0
 0.867414 0.0963971 0.0333333 0.00285562 0
 0.441836 0.489002 0.0689373 0.000224442 0
 0.779404 0.147425 0.0564933 0.0165055 0.000172143
 0.814271 0.122319 0.05973 0.00367925 0
 0.40263 0.566651 0.0304383 0.000280538 0
 0.475488 0.404961 0.113038 0.00651328 0
 0.955842 0.0263864 0.0167828 0.000988607 0
 0.975058 0.0227948 0.00214734 0 0
 0.738997 0.206755 0.0527124 0.00153531 0
 0.850938 0.134255 0.0134407 0.00136685 0
 0.542534 0.407297 0.0501686 0 0
 0.764087 0.199537 0.0359546 0.000420521 0
 0.470689 0.182191 0.310203 0.0369168 0
 0.84361 0.089868 0.0606195 0.00523954 0.000663233
 0.607945 0.314616 0.071237 0.00620181 0
 0.523733 0.453247 0.0230204 0 0
 0.530135 0.295979 0.169645 0.0042399 0
 0.562478 0.366248 0.0663022 0.0049721 0
 0.250443 0.683176 0.0655157 0.000865301 0
ppred_RECLAS
 0.714353 0.216872 0.0615881 0.00718284 3.9306e-06
 0.687031 0.262808 0.0394728 0.00958275 0.00110558
 0.523715 0.395208 0.0696831 0.0089868 0.00240698
 0.676918 0.231157 0.0791051 0.0110449 0.00177452
 0.681837 0.241667 0.0555863 0.0180041 0.00290648
 0.484312 0.391809 0.0945683 0.0213048 0.00800579
 0.660823 0.207488 0.102154 0.0225802 0.00695429
 0.584242 0.317882 0.0613538 0.0283581 0.00816341
 0.655368 0.249372 0.074744 0.0128994 0.00761685
 0.637927 0.282605 0.0594213 0.0157595 0.00428708
 0.484762 0.395129 0.0957569 0.018241 0.00611108
 0.501353 0.333211 0.131627 0.0270207 0.00678821
 0.635566 0.25301 0.0782036 0.0264906 0.0067291
 0.650351 0.2981 0.0384111 0.0092698 0.00386753
 0.736594 0.238972 0.0220382 0.00180026 0.000595091
 0.730498 0.249467 0.0188659 0.00105844 0.000110788
 0.60549 0.341354 0.0499392 0.00303197 0.000184888
 0.640763 0.272273 0.0768059 0.00955096 0.00060796
 0.610354 0.298307 0.071104 0.0178887 0.00234667
 0.689565 0.227746 0.0647019 0.0140232 0.00396391
 0.640881 0.283897 0.0565856 0.0146051 0.00403208
 0.610791 0.285248 0.0830503 0.0157428 0.00516745
 0.664278 0.239708 0.0714944 0.0196045 0.00491555
 0.616853 0.292578 0.0659749 0.0183369 0.00625781
 0.353798 0.466977 0.139135 0.0292423 0.0108472
pobs_PELACES
 0 0 0 0 0
 0 0 0 0 0
 0 0 0 0 0
 0 0 0 0 0
 0 0 0 0 0
 0 0 0 0 0
 0 0 0 0 0
 0 0 0 0 0
 0 0 0 0 0
 0 0 0 0 0
 0.450072 0.473896 0.0757376 0.000293798 0
 0 0 0 0 0
 0.463077 0.371075 0.160297 0.00555027 0
 0.529543 0.364841 0.0842815 0.0213345 0
 0.631943 0.363953 0.00410389 0 0
 0.735681 0.248677 0.0153453 0.000297389 0
 0.695825 0.281241 0.0229344 0 0
 0.275771 0.60734 0.115278 0.00161068 0
 0 0 0 0 0
 0.896147 0.0623911 0.0374545 0.00400742 0
 0.803859 0.145111 0.0509908 3.86294e-05 0
 0.739449 0.233085 0.0266225 0.000797448 4.60066e-05
 0.878498 0.100942 0.0204185 0.000141795 0
 0.694673 0.275183 0.0284847 0.00165964 0
 0.469039 0.446079 0.0841089 0.000773354 0
ppred_PELACES
 0.752695 0.19217 0.0494106 0.00572127 3.1296e-06
 0.722776 0.236158 0.0323618 0.00780463 0.000900117
 0.599617 0.34058 0.0514813 0.00656434 0.00175709
 0.689884 0.224298 0.0738762 0.0102887 0.00165281
 0.681629 0.242538 0.0551121 0.0178407 0.00288004
 0.510031 0.377456 0.0859752 0.0192908 0.00724745
 0.675496 0.201563 0.0954248 0.0210379 0.0064784
 0.6158 0.298675 0.053713 0.0247023 0.00710915
 0.689157 0.229823 0.0636495 0.0109229 0.00644779
 0.662118 0.267199 0.0529093 0.0139737 0.00380042
 0.53698 0.363677 0.0793258 0.0149958 0.00502182
 0.549009 0.310676 0.111795 0.0227955 0.0057247
 0.703673 0.214766 0.0574279 0.0192466 0.00488618
 0.767869 0.20541 0.0200188 0.00473113 0.0019717
 0.842373 0.146759 0.00982567 0.000783569 0.00025868
 0.779433 0.206179 0.0135572 0.000752818 7.87551e-05
 0.651484 0.305661 0.0402796 0.00242701 0.000147938
 0.672037 0.252959 0.0662825 0.00819922 0.000521771
 0.635936 0.282689 0.0634075 0.0158846 0.00208331
 0.71415 0.213266 0.0568503 0.0122665 0.00346651
 0.651271 0.277603 0.0535325 0.0137876 0.00380595
 0.625157 0.277589 0.0777335 0.0146969 0.00482348
 0.681404 0.23049 0.0656589 0.0179482 0.00449952
 0.634628 0.282063 0.0607383 0.0168286 0.00574213
 0.369732 0.460835 0.131618 0.0275839 0.0102305
pobs_pel_tallas
 0 0 0 0 0 0 0 0 0 0 0 0 0 0 0 0 0 0 0 0 0 0 0 0 0 0 0 0 0 0 0 0 0 0 0 0
 0 0 0 0 0 0 0 0 0 0 0 0 0 0 0 0 0 0 0 0 0 0 0 0 0 0 0 0 0 0 0 0 0 0 0 0
 0 0 0 0 0 0 0 0 0 0 0 0 0 0 0 0 0 0 0 0 0 0 0 0 0 0 0 0 0 0 0 0 0 0 0 0
 0 0 0 0 0 0 0 0 0 0 0 0 0 0 0 0 0 0 0 0 0 0 0 0 0 0 0 0 0 0 0 0 0 0 0 0
 0 0 0 0 0 0 0 0 0 0 0 0 0 0 0 0 0 0 0 0 0 0 0 0 0 0 0 0 0 0 0 0 0 0 0 0
 0 0 0 0 0 0 0 0 0 0 0 0 0 0 0 0 0 0 0 0 0 0 0 0 0 0 0 0 0 0 0 0 0 0 0 0
 0 0 0 0 0 0 0 0 0 0 0 0 0 0 0 0 0 0 0 0 0 0 0 0 0 0 0 0 0 0 0 0 0 0 0 0
 0 0 0 0 0 0 0 0 0 0 0 0 0 0 0 0 0 0 0 0 0 0 0 0 0 0 0 0 0 0 0 0 0 0 0 0
 0 0 0 0 0 0 0 0 0 0 0 0 0 0 0 0 0 0 0 0 0 0 0 0 0 0 0 0 0 0 0 0 0 0 0 0
 0 0 0 0 0 0 0 0 0 0 0 0 0 0 0 0 0 0 0 0 0 0 0 0 0 0 0 0 0 0 0 0 0 0 0 0
 0 0 0 0 0 0 0 0 1.78061e-05 0.00172719 0.00360574 0.0105946 0.0120993 0.0124554 0.0147524 0.0171206 0.0266825 0.0428682 0.0675386 0.121331 0.153587 0.119568 0.100827 0.0573624 0.0630603 0.0341343 0.0324427 0.0444173 0.0211091 0.0280891 0.0125444 0.00206551 0 0 0 0
 0 0 0 0 0 0 0 0 0 0 0 0 0 0 0 0 0 0 0 0 0 0 0 0 0 0 0 0 0 0 0 0 0 0 0 0
 0 0 0 0 0 0 0.0133647 0.0140871 0.0187388 0.0205184 0.03894 0.0496705 0.03968 0.0493445 0.0407372 0.0367815 0.0215668 0.0243155 0.0234873 0.0199281 0.019796 0.0243948 0.0301388 0.0376714 0.0412746 0.0863199 0.0771752 0.113111 0.0741005 0.0525337 0.0229764 0.00759418 0.00175318 0 0 0
 0 0 0 0 0 0 0 0 0 0 0.00219441 0.00772107 0.0458388 0.0604681 0.0671733 0.0775358 0.0609151 0.0617685 0.073594 0.0568108 0.0755445 0.0548602 0.0670107 0.0636378 0.0643287 0.046367 0.0373049 0.0286899 0.0247887 0.0153202 0.00654259 0.00121912 0.000365735 0 0 0
 0 0 0 0 0 0 0 0 0 0 0 0 0.000112435 0.00938835 0.0111873 0.0202946 0.0414886 0.0713402 0.111592 0.104902 0.108894 0.110636 0.117776 0.105296 0.107544 0.0401394 0.0192827 0.0124803 0.00416011 0.0028671 0.000618394 0 0 0 0 0
 0 0 0 0 0 0 0 0 0 0 0.00291406 0.0102884 0.027416 0.0768956 0.0749926 0.110853 0.0956884 0.0897413 0.0766577 0.0534642 0.0500743 0.0551293 0.0594112 0.0620874 0.0668451 0.0424026 0.0208742 0.0120726 0.0048766 0.00582813 0.00118941 0.000297354 0 0 0 0
 0 0.00264628 0.0354308 0.0461629 0.0458689 0.0383711 0.0214643 0.0164657 0.0346957 0.0420465 0.0363128 0.0245516 0.0311673 0.0291091 0.0169068 0.0133784 0.00837989 0.0085269 0.0148486 0.0160247 0.0276389 0.0546898 0.0760071 0.122758 0.109233 0.0665981 0.0333725 0.0166128 0.00676272 0.00308733 0.000882094 0 0 0 0 0
 0 0 0 0 0 0 0 0.000805153 0.000690131 0.00759144 0.0133425 0.0154129 0.00931677 0.000345066 0.00356568 0.00563607 0.00851162 0.0253048 0.0502646 0.0516448 0.0657925 0.0565908 0.0611916 0.0827007 0.0866115 0.110766 0.145733 0.0935128 0.0569358 0.0249597 0.0138026 0.00621118 0.00161031 0.00115022 0 0
 0 0 0 0 0 0 0 0 0 0 0 0 0 0 0 0 0 0 0 0 0 0 0 0 0 0 0 0 0 0 0 0 0 0 0 0
 0.00147267 0.00158595 0.00478618 0.00569244 0.00954404 0.0108468 0.00647125 0.017049 0.0510054 0.094081 0.124002 0.0959785 0.0687766 0.0820023 0.061753 0.0591476 0.0492212 0.0479892 0.0443925 0.0268479 0.0217502 0.0140895 0.0121071 0.0120363 0.00920419 0.00665534 0.0049561 0.00860946 0.00930331 0.0156896 0.0114698 0.00855282 0.00243557 0.00046729 0 2.83206e-05
 0 0 0 0 0.000772559 0.00158375 0.000888443 0.00281984 0.00712685 0.0440552 0.0773331 0.111326 0.0921469 0.0852325 0.0710754 0.0886704 0.0786465 0.0553345 0.0373146 0.0185414 0.00753245 0.00457741 0.012979 0.0271748 0.0457355 0.0583668 0.034881 0.0177882 0.00938659 0.00492506 0.0015258 0.00185414 0.000309023 5.79419e-05 3.86279e-05 0
 0 0.00173294 0.00326652 0 0.00397197 0.00683976 0.00946217 0.0152591 0.00757587 0.0136028 0.0228656 0.0392903 0.0559909 0.0764795 0.0681675 0.0726916 0.0566044 0.0477403 0.0527397 0.0444891 0.0609904 0.0582453 0.0661739 0.0445044 0.0529084 0.0360697 0.0280645 0.0235558 0.0158879 0.00826598 0.00280645 0.00217768 0.000904811 0.00058276 9.20147e-05 0
 0 0 0 0 0 0 0 0 0 0 0 0 0 0 0 0 0 0 0 0 0 0 0 0 0 0 0 0 0 0 0 0 0 0 0 0
 0 0 0 0 0 0 0 0 0 0 0 0 0 0 0 0 0 0 0 0 0 0 0 0 0 0 0 0 0 0 0 0 0 0 0 0
 0 0 0 0 0 0 0 0 0 0 0 0 0 0 0 0 0 0 0 0 0 0 0 0 0 0 0 0 0 0 0 0 0 0 0 0
ppred_pel_tallas
 1.00961e-16 3.28416e-05 0.000192752 0.000916254 0.00352762 0.0110006 0.0277866 0.0568552 0.0942443 0.126569 0.137737 0.121504 0.0869982 0.0508167 0.0247443 0.0110392 0.00612437 0.00578279 0.00742232 0.00988649 0.0126715 0.0154417 0.0178761 0.0196761 0.0206213 0.0206172 0.0197144 0.0180888 0.0159919 0.0136905 0.0114125 0.00931642 0.00748519 0.00593967 0.00466154 0.00361534
 1.00847e-16 3.15387e-05 0.000185099 0.000879862 0.00338749 0.0105636 0.0266828 0.0545971 0.0905027 0.121549 0.132285 0.116723 0.0836361 0.0489762 0.0240776 0.0111299 0.006718 0.00680421 0.00889578 0.0118559 0.0151492 0.0183801 0.0211576 0.02312 0.0240071 0.0237201 0.0223433 0.0201168 0.0173735 0.0144592 0.0116641 0.00918296 0.00710723 0.00544397 0.00414698 0.00314783
 1.0115e-16 2.61727e-05 0.000153586 0.000730025 0.00281054 0.00876434 0.0221382 0.0452994 0.0750948 0.100869 0.109813 0.0969775 0.0696693 0.0411629 0.0209171 0.0108137 0.00808358 0.00942209 0.0127646 0.0171093 0.0218806 0.026554 0.0305736 0.033418 0.0347102 0.0343056 0.0323235 0.0291087 0.02514 0.0209163 0.0168577 0.0132474 0.0102207 0.00779139 0.00589582 0.00443749
 1.01553e-16 3.01041e-05 0.000176678 0.000839828 0.00323335 0.0100829 0.0254686 0.0521127 0.0863846 0.116018 0.126267 0.111415 0.0798388 0.0467644 0.0230135 0.0106804 0.00651122 0.00666042 0.00875889 0.0117332 0.0150838 0.0184424 0.0214393 0.0237249 0.0250357 0.0252509 0.0244151 0.0227162 0.0204304 0.0178535 0.0152411 0.012774 0.0105517 0.0086077 0.00693481 0.00550815
 1.0161e-16 2.97448e-05 0.000174567 0.000829788 0.00319469 0.00996232 0.0251641 0.0514898 0.0853527 0.114634 0.124765 0.110101 0.0789205 0.0462738 0.0228598 0.0107553 0.00675229 0.00705477 0.00931896 0.0124722 0.0159991 0.0195057 0.0225944 0.024892 0.0261232 0.0261709 0.0251003 0.0231323 0.0205815 0.0177786 0.0150036 0.0124477 0.0102067 0.0082997 0.00669924 0.00535965
 1.02345e-16 2.22678e-05 0.000130658 0.000621013 0.00239081 0.0074554 0.018832 0.0385349 0.0638839 0.0858183 0.0934505 0.0825804 0.0594418 0.0353528 0.0183952 0.0102131 0.00849551 0.010466 0.0143796 0.0193585 0.0248434 0.0302779 0.0350528 0.0385884 0.0404563 0.040476 0.0387511 0.0356289 0.0316034 0.0271937 0.0228403 0.0188438 0.0153556 0.0124054 0.00994883 0.00791147
 1.02446e-16 2.94758e-05 0.000172991 0.000822306 0.0031659 0.00987252 0.0249373 0.0510254 0.0845818 0.113596 0.123627 0.109078 0.0781465 0.0457386 0.0224454 0.0103128 0.00615204 0.00619883 0.00814134 0.0109452 0.014147 0.017418 0.0204293 0.0228641 0.0244747 0.0251326 0.024849 0.0237581 0.0220717 0.0200225 0.0178152 0.0155994 0.0134661 0.0114605 0.00960198 0.00790085
 1.02041e-16 2.68766e-05 0.000157723 0.0007497 0.00288631 0.00900063 0.022735 0.0465202 0.0771171 0.10358 0.112754 0.0995466 0.0714544 0.0420959 0.0211674 0.0105805 0.00747219 0.00843718 0.0113597 0.0152384 0.0195357 0.0237891 0.027514 0.0302548 0.0316777 0.0316469 0.0302518 0.0277741 0.0246091 0.0211692 0.0177997 0.0147322 0.0120763 0.00984496 0.00799245 0.00645192
 1.01656e-16 3.00726e-05 0.000176492 0.000838945 0.00322995 0.0100723 0.0254418 0.052058 0.086294 0.115897 0.126136 0.111303 0.0797639 0.0467322 0.0230192 0.0107186 0.00658148 0.00676641 0.00890521 0.0119215 0.0153096 0.018693 0.0216943 0.0239579 0.0252186 0.0253598 0.0244355 0.0226465 0.0202833 0.0176534 0.0150194 0.0125631 0.0103793 0.00849275 0.00688542 0.00552218
 1.01496e-16 2.8895e-05 0.000169576 0.000806055 0.0031033 0.00967732 0.0244443 0.0500171 0.0829124 0.111359 0.121209 0.10698 0.0767218 0.045062 0.0224049 0.0107812 0.00708775 0.00764552 0.0101768 0.0136249 0.0174583 0.0212502 0.024563 0.0269866 0.0282206 0.028142 0.0268307 0.0245401 0.021627 0.0184654 0.0153709 0.0125576 0.0101305 0.00810625 0.00644684 0.00509241
 1.01995e-16 2.34424e-05 0.000137555 0.000653805 0.00251707 0.00784914 0.0198266 0.0405697 0.0672561 0.0903452 0.0983716 0.0869091 0.062514 0.0370924 0.0191395 0.0103701 0.00833466 0.0100978 0.0138189 0.018585 0.0238351 0.0290263 0.0335697 0.0369065 0.0386252 0.0385546 0.0367994 0.0337 0.0297392 0.025424 0.0211845 0.0173145 0.0139612 0.0111525 0.00884219 0.00695327
 1.02739e-16 2.39648e-05 0.000140627 0.000668419 0.00257335 0.00802468 0.0202699 0.0414764 0.0687576 0.092357 0.100549 0.0888006 0.0638052 0.0377197 0.0192093 0.0100043 0.00757998 0.00892482 0.0121663 0.0164072 0.0211407 0.0259031 0.030193 0.0335273 0.0355376 0.0360491 0.0351121 0.0329719 0.0299949 0.0265749 0.0230525 0.0196696 0.0165611 0.0137774 0.0113173 0.00915968
 1.01775e-16 3.07049e-05 0.000180206 0.000856604 0.00329795 0.0102843 0.0259774 0.0531537 0.0881098 0.118334 0.128784 0.113627 0.0814048 0.0476431 0.023374 0.0107263 0.00637363 0.00638765 0.00834991 0.0111697 0.0143493 0.0175321 0.0203654 0.022518 0.0237428 0.0239303 0.0231294 0.0215251 0.0193847 0.0169904 0.0145824 0.0123253 0.0103041 0.00853973 0.00701548 0.00570076
 1.00606e-16 3.35037e-05 0.000196638 0.000934727 0.00359875 0.0112224 0.0283468 0.0580015 0.0961447 0.129122 0.140516 0.123958 0.0887626 0.0518608 0.0252767 0.0113153 0.00632704 0.00600669 0.00770305 0.0102248 0.0130425 0.0157961 0.0181423 0.0197674 0.0204484 0.0201044 0.0188157 0.0167992 0.0143521 0.0117816 0.00934403 0.00720953 0.00545512 0.00408151 0.00304118 0.0022666
 1.00227e-16 3.675e-05 0.000215703 0.00102537 0.00394778 0.0123108 0.0310961 0.0636263 0.105466 0.141633 0.154112 0.135907 0.0972201 0.0566029 0.027216 0.0115522 0.00557285 0.00453007 0.00551298 0.00724589 0.00921841 0.011141 0.0127619 0.0138565 0.0142668 0.0139384 0.0129334 0.0114129 0.00959542 0.00770657 0.00593433 0.00440292 0.00316775 0.00222727 0.00154342 0.00106247
 1.0029e-16 3.40079e-05 0.000199599 0.000948801 0.00365293 0.0113913 0.0287736 0.0588749 0.0975923 0.131066 0.14263 0.125822 0.0900925 0.0526289 0.0256342 0.011446 0.00635734 0.00599563 0.00766732 0.0101615 0.01294 0.0156384 0.0179105 0.0194417 0.0200105 0.0195406 0.0181197 0.0159744 0.0134127 0.010752 0.00825698 0.00610269 0.0043672 0.00304832 0.00209235 0.00142337
 1.00762e-16 2.84329e-05 0.000166859 0.000793132 0.00305353 0.0095221 0.0240523 0.0492153 0.0815845 0.10958 0.119281 0.105301 0.0755672 0.0444831 0.0223004 0.0110339 0.00764521 0.00852218 0.0114182 0.0152686 0.0195041 0.0236404 0.027175 0.0296401 0.0306994 0.0302276 0.028338 0.0253479 0.0216954 0.0178363 0.0141539 0.0109058 0.00821405 0.00608807 0.00446543 0.00325223
 1.0133e-16 2.9327e-05 0.000172113 0.00081812 0.00314976 0.0098222 0.0248102 0.0507658 0.0841529 0.113024 0.123016 0.108566 0.077838 0.0456752 0.0226313 0.0107604 0.00690637 0.00733114 0.00972469 0.013024 0.0167078 0.020368 0.0235886 0.0259774 0.0272437 0.0272626 0.0260991 0.023983 0.0212437 0.0182304 0.0152418 0.0124856 0.0100708 0.00802535 0.00632627 0.00492838
 1.01636e-16 2.7754e-05 0.000162875 0.000774198 0.00298064 0.00929479 0.0234781 0.0480403 0.0796363 0.106962 0.116429 0.102777 0.0737413 0.04338 0.0216961 0.0106528 0.00728249 0.00806124 0.0108041 0.0144876 0.0185798 0.0226367 0.0261967 0.0288247 0.0302 0.0301878 0.0288668 0.0264985 0.0234547 0.0201261 0.0168447 0.0138372 0.011218 0.00901004 0.00717984 0.00567083
 1.01461e-16 3.11617e-05 0.000182888 0.000869354 0.00334704 0.0104374 0.0263641 0.0539449 0.0894212 0.120095 0.130699 0.115314 0.0826063 0.0483328 0.023687 0.0108268 0.00637335 0.00633727 0.00826247 0.0110421 0.0141734 0.0172987 0.0200659 0.0221453 0.0232913 0.0233967 0.0225132 0.0208291 0.0186156 0.0161599 0.0137069 0.0114257 0.00940442 0.00766522 0.00619025 0.00494542
 1.01502e-16 2.84225e-05 0.0001668 0.000792859 0.00305249 0.00951886 0.024044 0.0491983 0.0815555 0.109538 0.11923 0.105242 0.0754938 0.0443777 0.0221332 0.0107644 0.00722545 0.0079018 0.0105533 0.0141342 0.0181081 0.022035 0.0254608 0.0279595 0.0292197 0.0291146 0.0277287 0.0253268 0.0222818 0.0189836 0.0157616 0.0128388 0.0103242 0.00823437 0.00652842 0.00514256
 1.01925e-16 2.72838e-05 0.000160116 0.000761078 0.00293013 0.00913727 0.0230802 0.0472262 0.0782867 0.105149 0.114456 0.101036 0.0724948 0.0426512 0.0213403 0.0104937 0.00719612 0.0079865 0.0107205 0.0143964 0.0184951 0.0225836 0.0262095 0.0289433 0.0304646 0.0306317 0.029509 0.0273392 0.0244727 0.0212816 0.0180838 0.0151 0.0124463 0.0101542 0.00820319 0.00655174
 1.01835e-16 2.97345e-05 0.000174507 0.000829509 0.00319362 0.00995897 0.0251557 0.0514724 0.0853235 0.114594 0.124719 0.110054 0.0788741 0.0462208 0.0227859 0.0106415 0.00657757 0.00679797 0.00896258 0.0120074 0.0154311 0.0188586 0.0219123 0.024236 0.0255627 0.0257732 0.0249179 0.0231936 0.0208861 0.0182984 0.0156892 0.0132375 0.0110373 0.00911442 0.00745391 0.00602506
 1.01801e-16 2.76969e-05 0.000162541 0.000772606 0.00297451 0.00927568 0.0234298 0.0479415 0.0794725 0.106742 0.116189 0.102565 0.0735895 0.0432904 0.0216508 0.0106298 0.00726569 0.00804194 0.0107781 0.0144531 0.0185365 0.0225857 0.0261412 0.02877 0.030153 0.0301573 0.0288619 0.0265279 0.0235257 0.0202433 0.0170092 0.0140464 0.0114654 0.00928583 0.007472 0.00596638
 1.03445e-16 1.61536e-05 9.47544e-05 0.000450306 0.00173351 0.00540562 0.0136546 0.0279422 0.0463288 0.0622533 0.0678364 0.0600564 0.0434701 0.026338 0.0145942 0.00951961 0.00952873 0.0126762 0.0177123 0.0239371 0.0307873 0.037615 0.0436834 0.0482819 0.0508776 0.0512329 0.0494515 0.0459307 0.0412469 0.0360113 0.0307468 0.0258156 0.0214087 0.0175786 0.0142938 0.0114897
pSPR Fmed_Fpbrs
0.501235   0.6 0.325
Fs Fmed_Fpbrs
0.68   0.446622 1.52591
SSBpbr Bo_Bmed_Bpbrs
887737  400578  488256 244128
Ro
34621
SPR SPRFo_SPRFmed_SPRFpbrs
711839 356799 231348
log_Ro
10.2722
likeval ReclasPelacesDesembMPH_pf_preclas_ppelaces_ptallas_desvR_qrecl_qpela
 64.0086 14.9115 0.00865029 0.000465851 309.416 189.467 76.7597 0 16.0414 7.33177e-06 8.05002e-05 1.53881e-14 0 0 0
q_reclas_q_pelaces
0.681339 3.58398
M
0.7
N
 36161.2 10854.1 3523.26 415.279 0.22738
 43905.8 16218 2752.16 674.645 77.8761
 22499.7 19858 4347.38 570.219 152.864
 33970.8 9503.09 3388.51 474.78 76.2954
 60812 16294.3 3753.73 1216.42 196.378
 42632.7 30017.8 7777.6 1762.35 662.456
 77584.3 20011.5 10279.8 2280.49 702.491
 75490.2 37176.8 7852.8 3656.07 1052.89
 98878.5 34941.8 11607.9 2019.86 1193.22
 116869 45348.8 10268.1 2739.74 745.54
 66688.8 54732.2 15298 2947.18 987.964
 46077.9 29715.2 13293.9 2756.08 692.763
 45949.1 20804.5 7875.27 2710.27 689.048
 24867.7 19601.8 3791.5 944.172 394.594
 14460.9 9151.99 1348.11 114.175 37.815
 13303.5 5087.62 467.599 26.6373 2.79047
 10077.8 5706.82 961.779 59.049 3.60296
 11574.6 4494.32 1394.03 174.677 11.1236
 12442.6 5339.24 1372.07 347.311 45.5761
 19900.3 5822.26 1791.15 390.72 110.483
 25993.1 9282.31 1912.57 495.086 136.702
 32708.3 12539.5 3807.92 724.42 237.832
 51796.2 15677.1 4928.87 1357.51 340.46
 61894.1 24635.9 5857.44 1635.22 558.184
 26885.5 29433.3 9193.53 1939.94 719.761
pred_Ctot
 2533.46 3968.76 1642.27 196.371 0.107602
 2831.92 5559.1 1211.64 301.473 34.8273
 2441.13 9949.59 2648.46 351.25 94.2179
 834.509 1416.61 687.96 98.2618 15.8064
 261.569 455.685 147.756 48.9308 7.9085
 1684.43 6844.71 2360.65 544.349 204.808
 1959.72 3060.16 2138.66 483.605 149.123
 3701.45 10192.4 2825.92 1337.52 385.521
 5459.97 10570.4 4568.65 807.663 477.523
 4799.7 10692.8 3215.25 872.892 237.75
 4957.06 20941 7419.51 1449.47 486.257
 3024.6 10327.3 5924.89 1246.65 313.6
 4698.25 10017.6 4643.8 1616.74 411.284
 4710.28 13480.4 2942.45 737.367 308.266
 3092.34 6640.4 1085.75 92.4465 30.6271
 1313.69 2392.06 270.343 15.5838 1.63354
 743.413 2170.87 464.112 28.8966 1.76448
 594.156 1280.21 519.493 66.1593 4.21671
 518.176 1274.15 434.455 111.888 14.6961
 871.942 1451.3 590.517 131.027 37.0837
 534.301 1173.65 331.454 87.5049 24.1869
 820.434 1905.32 787.391 152.688 50.1795
 1575.78 2837.59 1204.03 337.814 84.8059
 1890.86 4475.91 1435.96 408.362 139.532
 743.479 4887.94 2069.37 444.964 165.257
F
 0.101864 0.672156 0.952955 0.974379 0.975533
 0.0934369 0.61655 0.874119 0.893771 0.89483
 0.161886 1.06822 1.51448 1.54852 1.55036
 0.0346845 0.228868 0.32448 0.331775 0.332168
 0.00599681 0.0395704 0.0561013 0.0573625 0.0574305
 0.056317 0.371611 0.526855 0.5387 0.539338
 0.0356797 0.235435 0.333791 0.341295 0.341699
 0.0703183 0.464 0.657841 0.67263 0.673427
 0.079509 0.524646 0.743821 0.760544 0.761445
 0.0585976 0.386661 0.548192 0.560516 0.56118
 0.10838 0.71515 1.01391 1.03671 1.03793
 0.0951615 0.62793 0.890253 0.910267 0.911346
 0.151913 1.00241 1.42118 1.45313 1.45485
 0.299597 1.97691 2.80279 2.8658 2.86919
 0.344638 2.27412 3.22415 3.29663 3.30054
 0.146362 0.96578 1.36924 1.40003 1.40169
 0.107518 0.709463 1.00585 1.02846 1.02968
 0.0737274 0.486496 0.689733 0.70524 0.706075
 0.0594413 0.392227 0.556084 0.568586 0.569259
 0.0626261 0.413242 0.585878 0.59905 0.599759
 0.0289497 0.191027 0.27083 0.276919 0.277247
 0.0354274 0.23377 0.331429 0.33888 0.339282
 0.0431137 0.284488 0.403336 0.412404 0.412892
 0.0432977 0.285703 0.405057 0.414164 0.414654
 0.0391208 0.258142 0.365983 0.37421 0.374654
Np
 22858.8 10834.2 4686.83 3624.55 1326.25
YTP_r0W_actual
 8326.97 107535 68289.3 18288 7073.02
YTP_p0W_proyectada
 6158.41 53767 92422.2 33707.1 10511.2
 6158.41 45372.1 38364.7 38587.2 15683.8
CTP_r0_actual
 743.479 4887.94 2069.37 444.964 165.257
CTP_p0_proyectada
 751.025 2489.21 2943.38 840.577 236.207
 751.025 2100.56 1221.81 962.275 352.445
Wmedp
 8.2 21.6 31.4 40.1 44.5
nmprior
 10.6 11 7 0
nm_flota  nm_reclas  nm_pelaces    nm_pelaL
inf 18.9055 16.1998 37.3563
cv_recla  cv_pelaces  cv_mph
0.723676 0.437857 0.587431
 ------------------------------------------------
Talla a la edad & desviaci?n 
 7.2 14.2025 17.0495 18.207 18.6776
 1.08 2.13037 2.55742 2.73105 2.80164
