years
 1997 1998 1999 2000 2001 2002 2003 2004 2005 2006 2007 2008 2009 2010 2011 2012 2013 2014 2015 2016 2017 2018 2019 2020 2021
reclasobs
 0 0 0 370054 412103 1.49427e+06 250295 1.28982e+06 931140 785840 897777 1.04006e+06 184774 17550 25797 100020 73551 82996 120727 218422 84188 347160 605670 569463 516374
reclaspred
 488428 125804 318560 215716 351169 435439 948800 657696 746448 765917 647723 443769 273019 112579 68079.6 66256.5 78108.5 105699 116793 158161 236564 221928 375377 462301 540800
pelacesobs
 0 0 0 0 0 0 0 0 0 2.06254e+06 1.5e+06 0 1.87456e+06 323000 250000 174000 83755 137374 0 501740 490994 745055 786931 1.00524e+06 1.33801e+06
pelacespred
 2.02021e+06 436610 676479 729498 1.05367e+06 1.00774e+06 2.67489e+06 2.15566e+06 2.23994e+06 2.31075e+06 1.67678e+06 1.19967e+06 730726 233524 147429 153570 189376 270928 297375 400319 694763 623177 847320 1.1864e+06 1.36108e+06
mphobs
 0 0 0 0 0 112323 0 153150 637223 0 255016 313432 73983 77613 109348 50772 17779 17303 59886 28197 0 207744 136588 643089 65757
mphpred
 165049 90478.3 100089 96397.8 112154 191334 272326 338188 293201 314798 326627 227731 141190 73747.4 31410.4 25905.6 28972.2 37451.1 48113.1 55383.6 82617.4 100893 125317 171880 231770
desembarqueobs
 350755 77701 442110 56441 14545 235359 269955 359681 431902 328805 639364 411747 362871 311530 167758 66681 60226 58785 57116 73181 50977 67692 138656 160484 209506
desembarquepred
 350761 77699.2 442088 56444.1 14545.3 235439 270020 359672 431941 328809 639301 411780 362941 311631 167585 66675.2 60251.6 58778.4 57100.1 73176.5 50978.9 67681.2 138657 160495 209509
Reclutas
 36135.1 43875.9 22406 33480.2 60298.8 42580.4 77355.4 76132.8 99381.4 114940 65817.2 44944.1 46839.3 24973.7 14850 13321.7 9703.16 11891.6 12781.8 19873 25867.3 33145.8 51359.2 61279.2 26112.7
log_desv_Rt
 0.044689 0.238788 -0.433247 -0.0316216 0.556736 0.208817 0.805834 0.789903 1.05639 1.20183 0.644305 0.262843 0.304147 -0.324752 -0.844577 -0.953179 -1.27012 -1.06674 -0.994551 -0.553212 -0.289597 -0.0416597 0.396268 0.572864 -0.280156
SSB
 445999 244493 270462 260489 303066 517028 735886 913860 792296 850655 882621 615382 381528 199282 84878.1 70002.8 78289.5 101201 130013 149659 223251 272636 338636 464459 626294
BT
 1.53552e+06 373381 647632 475124 619317 730376 1.77282e+06 1.63317e+06 1.71201e+06 1.64567e+06 1.51785e+06 1.0494e+06 777391 424827 226490 144288 159113 204816 214645 290356 442285 404775 573010 802783 903218
Ftot
 0.975824 0.895526 1.55335 0.334058 0.0580228 0.545683 0.345088 0.677354 0.760434 0.559803 1.04858 0.933835 1.51862 2.9997 3.43626 1.41049 1.03728 0.722991 0.567668 0.587916 0.27438 0.337972 0.409757 0.415059 0.377911
BD_Bspro_t
 0.909687 0.636928 0.556628 0.373732 0.536588 0.71645 0.662327 0.680949 0.615209 0.587003 0.565051 0.404866 0.299448 0.202693 0.109111 0.110692 0.164527 0.265687 0.372379 0.465091 0.592167 0.699337 0.708424 0.709687 0.712211
BD_Bspro
 0.627725 0.344114 0.380665 0.366627 0.426554 0.727697 1.03573 1.28622 1.11513 1.19726 1.24225 0.866125 0.536985 0.280482 0.119462 0.0985262 0.110189 0.142437 0.182987 0.210639 0.314217 0.383724 0.476616 0.653708 0.881483
BD_Bo
 0.52148 0.285871 0.316236 0.304574 0.354358 0.604531 0.860428 1.06852 0.926386 0.994621 1.032 0.71953 0.446098 0.233009 0.0992429 0.0818502 0.0915393 0.118329 0.152016 0.174987 0.261034 0.318777 0.395947 0.543065 0.732288
BD_Brms
 0.948145 0.519766 0.574974 0.553771 0.644287 1.09915 1.56441 1.94277 1.68434 1.8084 1.87636 1.30824 0.811088 0.423652 0.180442 0.148819 0.166435 0.215143 0.276393 0.318159 0.474608 0.579594 0.719903 0.987391 1.33143
S_f
 0.104466 0.689092 0.976804 0.998752 0.999934
 0.104466 0.689092 0.976804 0.998752 0.999934
 0.104466 0.689092 0.976804 0.998752 0.999934
 0.104466 0.689092 0.976804 0.998752 0.999934
 0.104466 0.689092 0.976804 0.998752 0.999934
 0.104466 0.689092 0.976804 0.998752 0.999934
 0.104466 0.689092 0.976804 0.998752 0.999934
 0.104466 0.689092 0.976804 0.998752 0.999934
 0.104466 0.689092 0.976804 0.998752 0.999934
 0.104466 0.689092 0.976804 0.998752 0.999934
 0.104466 0.689092 0.976804 0.998752 0.999934
 0.104466 0.689092 0.976804 0.998752 0.999934
 0.104466 0.689092 0.976804 0.998752 0.999934
 0.104466 0.689092 0.976804 0.998752 0.999934
 0.104466 0.689092 0.976804 0.998752 0.999934
 0.104466 0.689092 0.976804 0.998752 0.999934
 0.104466 0.689092 0.976804 0.998752 0.999934
 0.104466 0.689092 0.976804 0.998752 0.999934
 0.104466 0.689092 0.976804 0.998752 0.999934
 0.104466 0.689092 0.976804 0.998752 0.999934
 0.104466 0.689092 0.976804 0.998752 0.999934
 0.104466 0.689092 0.976804 0.998752 0.999934
 0.104466 0.689092 0.976804 0.998752 0.999934
 0.104466 0.689092 0.976804 0.998752 0.999934
 0.104466 0.689092 0.976804 0.998752 0.999934
Scru_reclas
 0.724846 1 1 1 1
 0.724846 1 1 1 1
 0.724846 1 1 1 1
 0.724846 1 1 1 1
 0.724846 1 1 1 1
 0.724846 1 1 1 1
 0.724846 1 1 1 1
 0.724846 1 1 1 1
 0.724846 1 1 1 1
 0.724846 1 1 1 1
 0.724846 1 1 1 1
 0.724846 1 1 1 1
 0.724846 1 1 1 1
 0.724846 1 1 1 1
 0.724846 1 1 1 1
 0.724846 1 1 1 1
 0.724846 1 1 1 1
 0.724846 1 1 1 1
 0.724846 1 1 1 1
 0.724846 1 1 1 1
 0.724846 1 1 1 1
 0.724846 1 1 1 1
 0.724846 1 1 1 1
 0.724846 1 1 1 1
 0.724846 1 1 1 1
Scru_pelaces
 0.790022 1 1 1 1
 0.790022 1 1 1 1
 0.790022 1 1 1 1
 0.790022 1 1 1 1
 0.790022 1 1 1 1
 0.790022 1 1 1 1
 0.790022 1 1 1 1
 0.790022 1 1 1 1
 0.790022 1 1 1 1
 0.790022 1 1 1 1
 0.790022 1 1 1 1
 0.790022 1 1 1 1
 0.790022 1 1 1 1
 0.790022 1 1 1 1
 0.790022 1 1 1 1
 0.790022 1 1 1 1
 0.790022 1 1 1 1
 0.790022 1 1 1 1
 0.790022 1 1 1 1
 0.790022 1 1 1 1
 0.790022 1 1 1 1
 0.790022 1 1 1 1
 0.790022 1 1 1 1
 0.790022 1 1 1 1
 0.790022 1 1 1 1
pf_obs 
 0.256992 0.487395 0.22802 0.0275931 0
 0.321318 0.546541 0.124235 0.00734118 0.000564706
 0.182869 0.594174 0.210203 0.0122559 0.00049798
 0.330522 0.361315 0.267642 0.0388342 0.00168674
 0.649043 0.306663 0.0425973 0.00169635 0
 0.582887 0.30429 0.105238 0.00758474 0
 0.465427 0.430635 0.0974691 0.00646863 0
 0.296916 0.608066 0.0921331 0.00288517 0
 0.311714 0.524322 0.152257 0.0117073 0
 0.15457 0.633149 0.183074 0.0267441 0.00246327
 0.131901 0.49318 0.331252 0.0422183 0.00144891
 0.196976 0.569456 0.194076 0.0375587 0.00193317
 0.518974 0.381816 0.0799577 0.0180837 0.00116848
 0.0928022 0.601141 0.25162 0.0475244 0.00691264
 0.122501 0.610282 0.24278 0.0234846 0.000952079
 0.383417 0.481906 0.127806 0.00687128 0
 0.0376549 0.599619 0.316969 0.0457579 0
 0.0361596 0.667082 0.258105 0.0386534 0
 0.158088 0.579412 0.248529 0.0139706 0
 0.0477256 0.309471 0.559284 0.082774 0.000745712
 0.0406174 0.521527 0.379366 0.0568643 0.0016247
 0.151134 0.462217 0.34131 0.0453401 0
 0.294876 0.26143 0.354403 0.0886775 0.000613685
 0.281977 0.475581 0.204845 0.0348837 0.00271318
 0.0841818 0.532909 0.334909 0.0458182 0.00218182
pf_pred 
 0.303735 0.475821 0.196889 0.0235426 1.2878e-05
 0.285053 0.559219 0.121891 0.0303324 0.00350416
 0.157354 0.642899 0.170984 0.0226794 0.00608437
 0.271433 0.465019 0.226105 0.0322547 0.0051892
 0.284561 0.492391 0.161043 0.0533875 0.0086182
 0.146068 0.588133 0.201334 0.0468296 0.017635
 0.252716 0.394569 0.272582 0.0611201 0.0190137
 0.203128 0.552082 0.152841 0.0714774 0.0204713
 0.250001 0.485378 0.20684 0.0364929 0.0212875
 0.23823 0.542408 0.163677 0.0438299 0.0118554
 0.140536 0.590102 0.213622 0.041897 0.0138436
 0.144914 0.497376 0.281991 0.0605007 0.015219
 0.230911 0.463706 0.213356 0.073078 0.0189496
 0.218158 0.616187 0.123019 0.0301858 0.0124506
 0.296894 0.602393 0.0915799 0.00690716 0.0022261
 0.32982 0.605786 0.0609471 0.00315722 0.000290393
 0.212028 0.642003 0.137922 0.00763214 0.000413892
 0.252254 0.506767 0.212319 0.0271335 0.00152697
 0.224031 0.549972 0.173869 0.0460961 0.00603164
 0.277697 0.4767 0.194031 0.0399401 0.0116322
 0.245764 0.542586 0.15877 0.0420309 0.0108487
 0.223083 0.508894 0.211647 0.0425535 0.0138232
 0.257537 0.474221 0.197848 0.0558883 0.0145062
 0.22511 0.533598 0.175261 0.0490427 0.0169871
 0.0878412 0.587984 0.249194 0.0548622 0.0201191
pobs_RECLAS
 0 0 0 0 0
 0 0 0 0 0
 0 0 0 0 0
 0 0 0 0 0
 0.835266 0.146461 0.0176864 0.000547809 3.91292e-05
 0.385257 0.428462 0.181853 0.0044286 0
 0.867414 0.0963971 0.0333333 0.00285562 0
 0.441836 0.489002 0.0689373 0.000224442 0
 0.779404 0.147425 0.0564933 0.0165055 0.000172143
 0.814271 0.122319 0.05973 0.00367925 0
 0.40263 0.566651 0.0304383 0.000280538 0
 0.475488 0.404961 0.113038 0.00651328 0
 0.955842 0.0263864 0.0167828 0.000988607 0
 0.975058 0.0227948 0.00214734 0 0
 0.738997 0.206755 0.0527124 0.00153531 0
 0.850938 0.134255 0.0134407 0.00136685 0
 0.542534 0.407297 0.0501686 0 0
 0.764087 0.199537 0.0359546 0.000420521 0
 0.470689 0.182191 0.310203 0.0369168 0
 0.84361 0.089868 0.0606195 0.00523954 0.000663233
 0.607945 0.314616 0.071237 0.00620181 0
 0.523733 0.453247 0.0230204 0 0
 0.530135 0.295979 0.169645 0.0042399 0
 0.562478 0.366248 0.0663022 0.0049721 0
 0.250443 0.683176 0.0655157 0.000865301 0
ppred_RECLAS
 0.709426 0.220962 0.0623382 0.00726947 3.97115e-06
 0.68187 0.26742 0.0399044 0.00968777 0.00111771
 0.517111 0.401205 0.0702054 0.0090541 0.00242537
 0.669633 0.236744 0.0805821 0.0112358 0.00180544
 0.677621 0.244733 0.0564089 0.0182877 0.00294863
 0.481018 0.395459 0.0941012 0.0213808 0.00804151
 0.656839 0.211524 0.102261 0.0224114 0.00696343
 0.582002 0.320587 0.0613712 0.0280239 0.0080159
 0.650282 0.254594 0.0747508 0.0128734 0.00749978
 0.627245 0.291375 0.0610849 0.0159781 0.00431646
 0.479232 0.398025 0.0978574 0.0187113 0.0061742
 0.495316 0.33898 0.131318 0.0274819 0.0069039
 0.646295 0.247221 0.0750232 0.02499 0.00647041
 0.655103 0.298865 0.0345286 0.00814922 0.00335426
 0.748051 0.230734 0.0193655 0.00139941 0.000449981
 0.725663 0.256264 0.0171301 0.000863517 7.93083e-05
 0.591055 0.354281 0.0517225 0.00279052 0.000151126
 0.649805 0.263851 0.0762909 0.00951816 0.00053496
 0.608732 0.304759 0.0669158 0.0173288 0.00226462
 0.678376 0.237223 0.0670096 0.0134723 0.00391877
 0.632479 0.288936 0.0592866 0.0153426 0.00395531
 0.608514 0.286409 0.083376 0.0163848 0.00531602
 0.654753 0.247904 0.0722339 0.0199401 0.00516923
 0.609696 0.297088 0.0681377 0.0186323 0.00644583
 0.343999 0.474199 0.1405 0.0302305 0.0110726
pobs_PELACES
 0 0 0 0 0
 0 0 0 0 0
 0 0 0 0 0
 0 0 0 0 0
 0 0 0 0 0
 0 0 0 0 0
 0 0 0 0 0
 0 0 0 0 0
 0 0 0 0 0
 0 0 0 0 0
 0.450072 0.473896 0.0757376 0.000293798 0
 0 0 0 0 0
 0.463077 0.371075 0.160297 0.00555027 0
 0.529543 0.364841 0.0842815 0.0213345 0
 0.631943 0.363953 0.00410389 0 0
 0.735681 0.248677 0.0153453 0.000297389 0
 0.695825 0.281241 0.0229344 0 0
 0.275771 0.60734 0.115278 0.00161068 0
 0 0 0 0 0
 0.896147 0.0623911 0.0374545 0.00400742 0
 0.803859 0.145111 0.0509908 3.86294e-05 0
 0.739449 0.233085 0.0266225 0.000797448 4.60066e-05
 0.878498 0.100942 0.0204185 0.000141795 0
 0.694673 0.275183 0.0284847 0.00165964 0
 0.469039 0.446079 0.0841089 0.000773354 0
ppred_PELACES
 0.766482 0.18145 0.0466613 0.00540301 2.95042e-06
 0.737794 0.223358 0.0306127 0.00738393 0.00085161
 0.617266 0.32562 0.0491659 0.00626979 0.0016785
 0.703924 0.214084 0.0705943 0.00981938 0.00157763
 0.698783 0.228978 0.0524874 0.0170092 0.00274243
 0.531887 0.361114 0.0815902 0.018465 0.00694339
 0.693083 0.191593 0.0896399 0.0195962 0.00608791
 0.637102 0.282542 0.0507191 0.0230465 0.00659044
 0.705271 0.218774 0.0597594 0.0102351 0.00596099
 0.673949 0.257836 0.0512558 0.0133528 0.00360646
 0.556806 0.346591 0.0771371 0.0146378 0.00482808
 0.568619 0.298178 0.105711 0.0219738 0.00551817
 0.735756 0.192644 0.0506111 0.016674 0.00431468
 0.792584 0.185987 0.016162 0.00373248 0.00153451
 0.865431 0.126213 0.00764419 0.000538816 0.000173024
 0.792371 0.195572 0.0114345 0.000570548 5.23722e-05
 0.660879 0.297535 0.0393639 0.00210786 0.000114109
 0.702745 0.227721 0.0614759 0.00762976 0.000428703
 0.656892 0.270438 0.0562642 0.0145106 0.0018959
 0.723206 0.207155 0.0553392 0.0110787 0.00322178
 0.665415 0.264524 0.0528818 0.0136579 0.00352063
 0.64589 0.261315 0.0736685 0.0144418 0.00468497
 0.693425 0.222577 0.0623794 0.0171687 0.00445008
 0.6506 0.268482 0.0591974 0.016139 0.00558237
 0.383072 0.450429 0.128753 0.0276274 0.0101177
pobs_pel_tallas
 0 0 0 0 0 0 0 0 0 0 0 0 0 0 0 0 0 0 0 0 0 0 0 0 0 0 0 0 0 0 0 0 0 0 0 0
 0 0 0 0 0 0 0 0 0 0 0 0 0 0 0 0 0 0 0 0 0 0 0 0 0 0 0 0 0 0 0 0 0 0 0 0
 0 0 0 0 0 0 0 0 0 0 0 0 0 0 0 0 0 0 0 0 0 0 0 0 0 0 0 0 0 0 0 0 0 0 0 0
 0 0 0 0 0 0 0 0 0 0 0 0 0 0 0 0 0 0 0 0 0 0 0 0 0 0 0 0 0 0 0 0 0 0 0 0
 0 0 0 0 0 0 0 0 0 0 0 0 0 0 0 0 0 0 0 0 0 0 0 0 0 0 0 0 0 0 0 0 0 0 0 0
 0 0 0 0 0 0 0 0 0 0 0 0 0 0 0 0 0 0 0 0 0 0 0 0 0 0 0 0 0 0 0 0 0 0 0 0
 0 0 0 0 0 0 0 0 0 0 0 0 0 0 0 0 0 0 0 0 0 0 0 0 0 0 0 0 0 0 0 0 0 0 0 0
 0 0 0 0 0 0 0 0 0 0 0 0 0 0 0 0 0 0 0 0 0 0 0 0 0 0 0 0 0 0 0 0 0 0 0 0
 0 0 0 0 0 0 0 0 0 0 0 0 0 0 0 0 0 0 0 0 0 0 0 0 0 0 0 0 0 0 0 0 0 0 0 0
 0 0 0 0 0 0 0 0 0 0 0 0 0 0 0 0 0 0 0 0 0 0 0 0 0 0 0 0 0 0 0 0 0 0 0 0
 0 0 0 0 0 0 0 0 1.78061e-05 0.00172719 0.00360574 0.0105946 0.0120993 0.0124554 0.0147524 0.0171206 0.0266825 0.0428682 0.0675386 0.121331 0.153587 0.119568 0.100827 0.0573624 0.0630603 0.0341343 0.0324427 0.0444173 0.0211091 0.0280891 0.0125444 0.00206551 0 0 0 0
 0 0 0 0 0 0 0 0 0 0 0 0 0 0 0 0 0 0 0 0 0 0 0 0 0 0 0 0 0 0 0 0 0 0 0 0
 0 0 0 0 0 0 0.0133647 0.0140871 0.0187388 0.0205184 0.03894 0.0496705 0.03968 0.0493445 0.0407372 0.0367815 0.0215668 0.0243155 0.0234873 0.0199281 0.019796 0.0243948 0.0301388 0.0376714 0.0412746 0.0863199 0.0771752 0.113111 0.0741005 0.0525337 0.0229764 0.00759418 0.00175318 0 0 0
 0 0 0 0 0 0 0 0 0 0 0.00219441 0.00772107 0.0458388 0.0604681 0.0671733 0.0775358 0.0609151 0.0617685 0.073594 0.0568108 0.0755445 0.0548602 0.0670107 0.0636378 0.0643287 0.046367 0.0373049 0.0286899 0.0247887 0.0153202 0.00654259 0.00121912 0.000365735 0 0 0
 0 0 0 0 0 0 0 0 0 0 0 0 0.000112435 0.00938835 0.0111873 0.0202946 0.0414886 0.0713402 0.111592 0.104902 0.108894 0.110636 0.117776 0.105296 0.107544 0.0401394 0.0192827 0.0124803 0.00416011 0.0028671 0.000618394 0 0 0 0 0
 0 0 0 0 0 0 0 0 0 0 0.00291406 0.0102884 0.027416 0.0768956 0.0749926 0.110853 0.0956884 0.0897413 0.0766577 0.0534642 0.0500743 0.0551293 0.0594112 0.0620874 0.0668451 0.0424026 0.0208742 0.0120726 0.0048766 0.00582813 0.00118941 0.000297354 0 0 0 0
 0 0.00264628 0.0354308 0.0461629 0.0458689 0.0383711 0.0214643 0.0164657 0.0346957 0.0420465 0.0363128 0.0245516 0.0311673 0.0291091 0.0169068 0.0133784 0.00837989 0.0085269 0.0148486 0.0160247 0.0276389 0.0546898 0.0760071 0.122758 0.109233 0.0665981 0.0333725 0.0166128 0.00676272 0.00308733 0.000882094 0 0 0 0 0
 0 0 0 0 0 0 0 0.000805153 0.000690131 0.00759144 0.0133425 0.0154129 0.00931677 0.000345066 0.00356568 0.00563607 0.00851162 0.0253048 0.0502646 0.0516448 0.0657925 0.0565908 0.0611916 0.0827007 0.0866115 0.110766 0.145733 0.0935128 0.0569358 0.0249597 0.0138026 0.00621118 0.00161031 0.00115022 0 0
 0 0 0 0 0 0 0 0 0 0 0 0 0 0 0 0 0 0 0 0 0 0 0 0 0 0 0 0 0 0 0 0 0 0 0 0
 0.00147267 0.00158595 0.00478618 0.00569244 0.00954404 0.0108468 0.00647125 0.017049 0.0510054 0.094081 0.124002 0.0959785 0.0687766 0.0820023 0.061753 0.0591476 0.0492212 0.0479892 0.0443925 0.0268479 0.0217502 0.0140895 0.0121071 0.0120363 0.00920419 0.00665534 0.0049561 0.00860946 0.00930331 0.0156896 0.0114698 0.00855282 0.00243557 0.00046729 0 2.83206e-05
 0 0 0 0 0.000772559 0.00158375 0.000888443 0.00281984 0.00712685 0.0440552 0.0773331 0.111326 0.0921469 0.0852325 0.0710754 0.0886704 0.0786465 0.0553345 0.0373146 0.0185414 0.00753245 0.00457741 0.012979 0.0271748 0.0457355 0.0583668 0.034881 0.0177882 0.00938659 0.00492506 0.0015258 0.00185414 0.000309023 5.79419e-05 3.86279e-05 0
 0 0.00173294 0.00326652 0 0.00397197 0.00683976 0.00946217 0.0152591 0.00757587 0.0136028 0.0228656 0.0392903 0.0559909 0.0764795 0.0681675 0.0726916 0.0566044 0.0477403 0.0527397 0.0444891 0.0609904 0.0582453 0.0661739 0.0445044 0.0529084 0.0360697 0.0280645 0.0235558 0.0158879 0.00826598 0.00280645 0.00217768 0.000904811 0.00058276 9.20147e-05 0
 0 0 0 0 0 0 0 0 0 0 0 0 0 0 0 0 0 0 0 0 0 0 0 0 0 0 0 0 0 0 0 0 0 0 0 0
 0 0 0 0 0 0 0 0 0 0 0 0 0 0 0 0 0 0 0 0 0 0 0 0 0 0 0 0 0 0 0 0 0 0 0 0
 0 0 0 0 0 0 0 0 0 0 0 0 0 0 0 0 0 0 0 0 0 0 0 0 0 0 0 0 0 0 0 0 0 0 0 0
ppred_pel_tallas
 1.00908e-16 3.34423e-05 0.00019628 0.000933029 0.00359221 0.011202 0.0282953 0.0578961 0.0959693 0.128884 0.140253 0.123715 0.0885634 0.0516945 0.0251036 0.0110837 0.00598575 0.00551079 0.00701853 0.00933674 0.011965 0.0145806 0.0168791 0.0185788 0.0194713 0.0194675 0.0186153 0.0170804 0.0151005 0.0129275 0.0107766 0.00879742 0.0070683 0.00560892 0.00440202 0.0034141
 1.00801e-16 3.2193e-05 0.000188942 0.000898134 0.00345785 0.010783 0.027237 0.0557308 0.0923816 0.12407 0.135025 0.11913 0.0853392 0.0499289 0.0244628 0.0111683 0.00655114 0.00648455 0.00842356 0.011215 0.0143284 0.0173841 0.020011 0.0218671 0.0227063 0.0224349 0.0211327 0.019027 0.0164325 0.0136761 0.0110326 0.0086859 0.00672266 0.0051495 0.00392275 0.00297768
 1.01098e-16 2.69416e-05 0.000158102 0.000751497 0.00289322 0.00902217 0.0227895 0.0466318 0.0773028 0.103832 0.113033 0.0998071 0.0716708 0.0422826 0.0213702 0.0108593 0.00788844 0.00904782 0.0122116 0.0163585 0.0209187 0.0253864 0.0292289 0.0319477 0.0331826 0.0327951 0.0308995 0.0278253 0.0240306 0.0199921 0.0161117 0.0126601 0.00976673 0.00744454 0.0056328 0.00423916
 1.01484e-16 3.07159e-05 0.00018027 0.00085691 0.00329912 0.010288 0.0259867 0.0531727 0.0881413 0.118376 0.12883 0.113668 0.081434 0.0476605 0.0233833 0.0107322 0.00638037 0.00639868 0.00836891 0.0112011 0.0143984 0.0176044 0.0204654 0.0226477 0.0238996 0.0241059 0.023309 0.0216882 0.019507 0.0170477 0.0145543 0.0121993 0.0100777 0.00822153 0.00662401 0.00526146
 1.01533e-16 3.04922e-05 0.000178956 0.000850659 0.00327505 0.0102129 0.0257971 0.0527849 0.0874989 0.117515 0.127896 0.112852 0.0808676 0.0473654 0.0233059 0.010809 0.00657737 0.00671283 0.00881187 0.0117825 0.0151135 0.0184276 0.0213482 0.0235229 0.0246913 0.024743 0.0237389 0.0218869 0.0194837 0.0168409 0.0142227 0.0118092 0.00969109 0.00788662 0.00637027 0.00509943
 1.02235e-16 2.32202e-05 0.000136251 0.000647605 0.0024932 0.0077747 0.0196386 0.040185 0.0666184 0.0894886 0.0974394 0.0860864 0.0619242 0.0367465 0.0189686 0.0102901 0.00828591 0.0100499 0.0137606 0.0185148 0.023758 0.028953 0.033516 0.0368925 0.038673 0.038685 0.0370284 0.0340358 0.0301804 0.0259594 0.0217944 0.0179731 0.0146399 0.011823 0.0094792 0.00753687
 1.02293e-16 3.02423e-05 0.000177492 0.000843705 0.00324829 0.0101295 0.0255863 0.0523532 0.0867824 0.11655 0.126838 0.111902 0.0801495 0.0468702 0.0229247 0.0104044 0.00602991 0.00593274 0.0077389 0.0103914 0.0134269 0.0165272 0.0193786 0.0216799 0.0231961 0.0238057 0.0235205 0.0224692 0.0208544 0.0188982 0.0167962 0.0146909 0.0126686 0.0107718 0.00901786 0.00741542
 1.01912e-16 2.78048e-05 0.000163174 0.000775617 0.0029861 0.00931183 0.0235211 0.0481284 0.0797822 0.107158 0.116641 0.102964 0.0738736 0.0434539 0.0217256 0.0106545 0.00726631 0.00802946 0.0107538 0.0144133 0.0184752 0.0224962 0.0260168 0.0286056 0.029947 0.0299125 0.0285871 0.0262374 0.023238 0.0199791 0.0167881 0.0138841 0.0113713 0.00926164 0.00751199 0.00605876
 1.0155e-16 3.07747e-05 0.000180616 0.00085855 0.00330544 0.0103077 0.0260365 0.0532745 0.0883102 0.118603 0.129078 0.113888 0.0815958 0.0477629 0.0234476 0.0107848 0.00644169 0.00648142 0.00847921 0.0113393 0.0145581 0.0177722 0.0206208 0.0227657 0.0239547 0.0240772 0.0231854 0.0214715 0.0192128 0.016703 0.0141926 0.0118549 0.00978001 0.00799117 0.00647047 0.00518361
 1.01439e-16 2.94105e-05 0.000172603 0.000820449 0.00315873 0.00985015 0.0248808 0.0509103 0.0843925 0.113346 0.123368 0.108877 0.0780647 0.0458149 0.0227125 0.0108183 0.00696717 0.00740981 0.00982731 0.0131495 0.0168482 0.0205076 0.0237048 0.026044 0.0272352 0.0271597 0.0258944 0.0236836 0.0208719 0.0178199 0.0148324 0.0121161 0.00977239 0.00781756 0.0062151 0.00490734
 1.01937e-16 2.43062e-05 0.000142628 0.000677925 0.00260994 0.00813878 0.0205581 0.0420665 0.0697365 0.0936742 0.101989 0.0900875 0.064762 0.0383495 0.019647 0.0104189 0.00811165 0.00967175 0.01319 0.0177316 0.0227426 0.0277012 0.0320454 0.0352422 0.036899 0.0368517 0.0351984 0.0322623 0.0285016 0.0243983 0.0203614 0.0166704 0.0134662 0.010776 0.00855723 0.00673811
 1.02611e-16 2.48194e-05 0.000145645 0.000692279 0.00266522 0.00831118 0.0209936 0.042957 0.0712112 0.0956505 0.104128 0.0919481 0.0660362 0.0389769 0.0197357 0.0100931 0.0074228 0.008597 0.011674 0.0157325 0.0202671 0.0248282 0.0289336 0.03212 0.0340343 0.0345098 0.0335957 0.0315291 0.0286628 0.0253757 0.0219955 0.0187539 0.0157803 0.0131216 0.0107756 0.00872054
 1.01556e-16 3.2103e-05 0.000188416 0.00089564 0.00344825 0.010753 0.0271614 0.055576 0.092124 0.123722 0.13464 0.118775 0.085052 0.0496951 0.0242266 0.0108574 0.00609439 0.00581902 0.00750026 0.0100089 0.0128519 0.0156979 0.0182287 0.0201467 0.0212307 0.0213831 0.0206487 0.0191947 0.0172619 0.0151049 0.0129398 0.0109148 0.00910606 0.00753198 0.00617669 0.00501164
 1.00491e-16 3.45806e-05 0.000202963 0.000964797 0.00371453 0.0115834 0.0292588 0.0598674 0.0992369 0.133272 0.145026 0.127922 0.0915682 0.0534339 0.02592 0.0113939 0.00607676 0.00551664 0.0069761 0.0092358 0.0117726 0.0142497 0.0163542 0.0178022 0.0183923 0.0180526 0.0168576 0.0150059 0.0127689 0.0104266 0.00821259 0.00628155 0.00470295 0.00347635 0.00255701 0.00188171
 1.00177e-16 3.77546e-05 0.000221602 0.00105343 0.00405579 0.0126476 0.0319469 0.0653669 0.108351 0.145505 0.158319 0.139603 0.0998333 0.0580627 0.0278024 0.0116026 0.00530344 0.00401975 0.00476076 0.00622622 0.00791444 0.00956149 0.0109481 0.0118807 0.0122239 0.0119313 0.011057 0.00974028 0.00817005 0.00654095 0.00501512 0.00369956 0.00264173 0.00183983 0.00126044 0.000856538
 1.00249e-16 3.45717e-05 0.000202909 0.000964542 0.00371354 0.0115804 0.0292511 0.0598516 0.0992109 0.133238 0.144991 0.127896 0.0915604 0.0534509 0.0259683 0.0114827 0.00621934 0.00572871 0.00727218 0.00962441 0.0122512 0.0148007 0.0169438 0.018382 0.0189057 0.0184434 0.0170796 0.0150304 0.0125895 0.0100589 0.00769057 0.00565057 0.0040126 0.0027737 0.00188172 0.00126328
 1.00734e-16 2.88422e-05 0.000169263 0.000804562 0.00309754 0.00965935 0.0243989 0.0499246 0.0827598 0.111157 0.120995 0.106807 0.0766324 0.0450787 0.0225408 0.0110569 0.0075392 0.00831983 0.0111195 0.0148634 0.0189855 0.0230116 0.0264519 0.0288508 0.0298812 0.0294208 0.02758 0.0246676 0.0211103 0.0173517 0.0137651 0.0106016 0.00798001 0.0059097 0.00432999 0.00314951
 1.0123e-16 3.0665e-05 0.00017997 0.000855481 0.00329362 0.0102708 0.0259433 0.0530841 0.0879947 0.118181 0.12862 0.11349 0.0813218 0.047626 0.023424 0.0108471 0.00657814 0.0066966 0.0087855 0.0117476 0.0150709 0.018378 0.0212926 0.0234611 0.0246213 0.0246592 0.0236322 0.0217452 0.0192931 0.0165888 0.0139003 0.0114146 0.00923007 0.00737312 0.00582462 0.00454561
 1.01475e-16 2.86673e-05 0.000168238 0.000799696 0.00307882 0.00960096 0.0242514 0.0496225 0.0822585 0.110482 0.120255 0.106141 0.0761273 0.0447271 0.0222649 0.0107581 0.00713084 0.00773503 0.0103117 0.0138106 0.0177002 0.0215499 0.0249167 0.027385 0.0286496 0.0285843 0.0272681 0.0249557 0.0220069 0.0187994 0.0156529 0.0127851 0.0103044 0.00822999 0.00652602 0.00513413
 1.01385e-16 3.15563e-05 0.000185205 0.000880372 0.00338946 0.0105697 0.0266983 0.0546286 0.0905542 0.121615 0.132352 0.116767 0.083636 0.0489125 0.0239286 0.0108654 0.0062971 0.00618065 0.00802822 0.010722 0.0137604 0.0167927 0.0194762 0.0214903 0.0225965 0.0226907 0.0218234 0.0201779 0.0180183 0.0156241 0.0132341 0.0110132 0.00904739 0.00735847 0.00592906 0.00472573
 1.01471e-16 2.90387e-05 0.000170419 0.000810067 0.00311875 0.00972549 0.0245659 0.0502661 0.0833249 0.111913 0.12181 0.107509 0.077096 0.0452717 0.0224904 0.0107912 0.00705372 0.00757927 0.0100788 0.0134918 0.0172879 0.0210434 0.0243248 0.026726 0.0279494 0.0278729 0.0265755 0.0243075 0.0214224 0.01829 0.0152232 0.012434 0.010027 0.00801882 0.00637245 0.00502891
 1.01847e-16 2.81872e-05 0.000165421 0.000786303 0.00302725 0.00944016 0.0238452 0.0487914 0.0808806 0.108631 0.11824 0.104361 0.0748483 0.0439707 0.0218797 0.0105591 0.00698541 0.00757413 0.0101087 0.0135636 0.0174253 0.0212801 0.0247013 0.0272846 0.0287279 0.0288975 0.0278535 0.0258233 0.023136 0.0201409 0.0171364 0.0143298 0.0118302 0.00966735 0.00782255 0.00625743
 1.01756e-16 3.02584e-05 0.000177584 0.000844135 0.00324994 0.0101346 0.0255993 0.05238 0.0868276 0.116613 0.126913 0.111983 0.0802413 0.0469907 0.0231072 0.0106938 0.00647785 0.00659207 0.00865403 0.011585 0.014885 0.0181879 0.0211283 0.0233622 0.0246325 0.0248243 0.0239875 0.0223129 0.0200774 0.0175744 0.0150542 0.0126898 0.0105715 0.00872363 0.00713081 0.00576244
 1.01744e-16 2.83928e-05 0.000166627 0.000792037 0.00304933 0.00950901 0.0240191 0.0491473 0.0814707 0.109424 0.119103 0.105126 0.0754008 0.0443038 0.0220609 0.0106711 0.00708912 0.00770338 0.010278 0.0137744 0.0176674 0.0215312 0.0249276 0.0274441 0.0287766 0.0287973 0.0275807 0.0253738 0.0225276 0.0194107 0.0163347 0.0135118 0.0110474 0.0089612 0.00722022 0.00577108
 1.03397e-16 1.67349e-05 9.81679e-05 0.000466536 0.00179601 0.00560051 0.0141469 0.0289493 0.0479978 0.0644935 0.0702709 0.0621959 0.0449844 0.0271872 0.0149416 0.0095622 0.00939387 0.0124118 0.01732 0.023403 0.0301008 0.0367782 0.0427147 0.0472158 0.0497604 0.0501164 0.0483846 0.0449527 0.0403836 0.035274 0.0301342 0.0253179 0.0210113 0.0172657 0.0140504 0.0113028
pSPR Fmed_Fpbrs
0.515469   0.6 0.325
Fs Fmed_Fpbrs
0.64   0.446558 1.52556
SSBpbr Bo_Bmed_Bpbrs
855255  398095  470391 235195
Ro
34555.8
SPR SPRFo_SPRFmed_SPRFpbrs
710500 366240 230912
log_Ro
10.2703
likeval ReclasPelacesDesembMPH_pf_preclas_ppelaces_ptallas_desvR_qrecl_qpela
 63.1987 14.8669 0.00863231 0.000465081 315.367 182.638 51.1246 0 15.8814 6.8949e-06 7.72594e-05 1.72554e-14 0 0 0
q_reclas_q_pelaces
0.689293 3.49214
M
0.7
N
 36135.1 10850.9 3522.64 415.21 0.226951
 43875.9 16205.1 2750.6 674.369 77.8453
 22406 19842.2 4341.52 569.535 152.704
 33480.2 9459.86 3378.43 472.794 75.9865
 60298.8 16055.6 3731.69 1210.58 195.196
 42580.4 29762.5 7660.48 1750.99 658.778
 77355.4 19973.1 10147.5 2232.34 693.748
 76132.8 37053.4 7819.27 3597.15 1029.33
 99381.4 35223.7 11537.5 2003.61 1167.79
 114940 45582.6 10357.5 2725.92 736.648
 65817.2 53835.3 15390.8 2976.93 982.914
 44944.1 29292.8 12979.4 2744.26 689.785
 46839.3 20244.1 7643.4 2588.78 670.888
 24973.7 19847.5 3530.36 861.097 355.061
 14850 9065.35 1247.34 93.6008 30.1585
 13321.7 5150.16 421.71 21.5898 1.98453
 9703.16 5709.03 967.605 52.8017 2.86133
 11891.6 4323.61 1387.17 174.444 9.80868
 12781.8 5475.64 1304.58 339.951 44.4416
 19873 5981.81 1838.84 372.091 108.27
 25867.3 9280.79 1980.99 514.199 132.582
 33145.8 12482.4 3814.74 752.45 244.179
 51359.2 15888.7 4910.73 1361.71 353.093
 61279.2 24435.5 5949.16 1634.23 565.499
 26112.7 29139.1 9115.94 1969.58 721.564
pred_Ctot
 2533.44 3968.81 1642.25 196.368 0.107415
 2833.32 5558.42 1211.55 301.493 34.83
 2436.35 9954.18 2647.39 351.151 94.206
 827.431 1417.55 689.254 98.3248 15.8187
 262.147 453.608 148.359 49.1824 7.93939
 1702.41 6854.64 2346.54 545.795 205.535
 1973.89 3081.86 2129.05 477.39 148.51
 3755.69 10207.6 2825.92 1321.56 378.499
 5483.1 10645.4 4536.47 800.372 466.882
 4711.27 10726.8 3236.9 866.788 234.455
 4942.21 20752.1 7512.41 1473.39 486.837
 3021.2 10369.4 5879.03 1261.34 317.29
 4987.02 10014.7 4607.88 1578.28 409.257
 4919.39 13894.8 2774.04 680.681 280.757
 3288.06 6671.42 1014.23 76.4959 24.6538
 1323.8 2431.45 244.624 12.6722 1.16555
 721.125 2183.5 469.085 25.9575 1.40768
 624.848 1255.29 525.927 67.2113 3.78239
 531.085 1303.76 412.17 109.275 14.2985
 854.387 1466.66 596.974 122.883 35.7887
 526.522 1162.43 340.147 90.0464 23.242
 828.615 1890.23 786.137 158.06 51.3447
 1551.52 2856.93 1191.93 336.698 87.3921
 1874.7 4443.77 1459.57 408.424 141.468
 728.6 4877.04 2066.94 455.055 166.878
F
 0.10194 0.672432 0.953189 0.974606 0.97576
 0.0935517 0.6171 0.874753 0.894408 0.895467
 0.162272 1.0704 1.51732 1.55141 1.55325
 0.0348976 0.230196 0.326309 0.333641 0.334036
 0.00606139 0.039983 0.0566769 0.0579504 0.058019
 0.0570052 0.376026 0.533026 0.545002 0.545647
 0.0360498 0.237797 0.337083 0.344657 0.345065
 0.0707603 0.466759 0.661642 0.676509 0.67731
 0.0794393 0.524009 0.742796 0.759485 0.760384
 0.0584802 0.385755 0.546817 0.559104 0.559766
 0.109541 0.722569 1.02426 1.04727 1.04851
 0.0975538 0.643498 0.912174 0.93267 0.933774
 0.158643 1.04647 1.48339 1.51672 1.51852
 0.313365 2.06707 2.93012 2.99595 2.9995
 0.358971 2.3679 3.35655 3.43197 3.43603
 0.147348 0.97196 1.37778 1.40873 1.4104
 0.10836 0.714781 1.01322 1.03598 1.03721
 0.0755277 0.498207 0.70622 0.722088 0.722943
 0.0593018 0.391175 0.5545 0.566959 0.56763
 0.0614171 0.405128 0.574279 0.587182 0.587877
 0.0286633 0.189073 0.268016 0.274038 0.274362
 0.0353064 0.232893 0.330132 0.33755 0.337949
 0.0428055 0.28236 0.400252 0.409245 0.40973
 0.0433595 0.286014 0.405432 0.414541 0.415032
 0.0394787 0.260415 0.369145 0.377439 0.377886
Np
 22906.1 10856.4 4550.43 3580.37 1311.01
YTP_r0W_actual
 9612.35 124295 78413.8 21488.7 8206.06
YTP_p0W_proyectada
 6173.4 52204.5 91280.9 33313.3 10627.5
 6173.4 45466.6 37244.3 38112.5 15501.7
CTP_r0_actual
 858.246 5649.77 2376.18 522.839 191.73
CTP_p0_proyectada
 752.854 2416.88 2907.04 830.755 238.819
 752.854 2104.94 1186.12 950.436 348.354
Wmedp
 8.2 21.6 31.4 40.1 44.5
nmprior
 10.8 10.6 4.6 0
nm_flota  nm_reclas  nm_pelaces    nm_pelaL
inf 20.2483 15.991 36.7315
cv_recla  cv_pelaces  cv_mph
0.719083 0.437202 0.586945
 ------------------------------------------------
Talla a la edad & desviaci?n 
 7.2 14.2025 17.0495 18.207 18.6776
 1.08 2.13037 2.55742 2.73105 2.80164
