years
 1997 1998 1999 2000 2001 2002 2003 2004 2005 2006 2007 2008 2009 2010 2011 2012 2013 2014 2015 2016 2017 2018 2019 2020 2021 2022 2023
reclasobs
 0 0 0 370054 412103 1.49427e+06 250295 1.28982e+06 931140 785840 897777 1.04006e+06 184774 17550 25797 100020 73551 82996 120727 218422 84188 347160 605670 569463 516374 1.08416e+06 1.01767e+06
reclaspred
 504145 129814 328096 215931 344727 437029 955237 665760 755844 789544 678730 465688 278992 112446 67836.9 67790.8 79949.5 108071 120690 162295 246107 236125 401274 532607 709947 689609 671085
pelacesobs
 0 0 0 0 0 0 0 0 0 2.06254e+06 1.5e+06 0 1.87456e+06 323000 250000 174000 83755 137374 0 501740 490994 745055 786931 1.00524e+06 1.33801e+06 1.41789e+06 0
pelacespred
 2.07809e+06 414846 660010 672273 971871 874357 2.5624e+06 2.00357e+06 2.1545e+06 2.23288e+06 1.58746e+06 1.12392e+06 707718 228510 150686 151768 184509 260450 278636 382344 675044 588084 818488 1.26443e+06 1.57907e+06 1.65264e+06 1.61663e+06
mphobs
 0 0 0 0 0 112323 0 153150 637223 0 255016 313432 73983 77613 109348 50772 17779 17303 59886 28197 0 207744 136588 643089 65757 70829 0
mphpred
 154270 84707 93358 87115.7 98957.3 167269 237290 303303 264468 287847 302012 207089 126642 66784.8 29117.2 24446.5 27053.2 34533.7 43941 50514.9 76078.4 93895 116089 164863 250289 261693 232440
desembarqueobs
 350755 77701 442110 56441 14545 235359 269955 359681 431902 328805 639364 411747 362871 311530 167758 66681 60226 58785 57116 73181 50977 67692 138656 160484 209506 203330 138892
desembarquepred
 350761 77699.3 442091 56444.8 14545.4 235454 270031 359673 431947 328808 639300 411789 362938 311640 167581 66674.6 60252.5 58778.5 57100 73177.1 50979.5 67681.4 138660 160496 209492 203311 138887
Reclutas
 35923.9 43410.3 21248.9 30459 55242.8 39768.6 75983.5 73435.4 97367.1 114019 63762.4 44361.7 48135.7 25704.5 14872 13041.1 9411.36 11431.4 12366.8 19294.3 25438.8 31824.5 51664.6 73663.2 34164.4 47233.4 61712.1
log_desv_Rt
 0.0110373 0.200331 -0.514061 -0.153984 0.441373 0.112712 0.760151 0.726041 1.00812 1.166 0.5848 0.222011 0.303658 -0.323698 -0.870887 -1.00226 -1.32845 -1.134 -1.05535 -0.610555 -0.334087 -0.110127 0.374408 0.729139 -0.0391793 0.284736 0.552115
SSB
 432638 237554 261816 244310 277518 469093 665463 850592 741681 807246 846970 580766 355159 187293 81657 68558.4 75868.7 96847.1 123229 141665 213356 263321 325563 462347 701917 733900 651862
BT
 1.51567e+06 365347 624259 441740 567459 670283 1.67807e+06 1.54497e+06 1.64171e+06 1.59271e+06 1.46779e+06 1.00876e+06 757669 417514 223925 141751 154773 196968 205282 278369 428213 391030 559633 851752 1.03872e+06 1.09633e+06 1.0216e+06
Ftot
 1.05453 0.961114 1.6723 0.369158 0.0653363 0.624475 0.39716 0.759158 0.848908 0.614952 1.13616 1.02601 1.71637 3.39098 3.78512 1.51518 1.11786 0.786835 0.621185 0.644146 0.297218 0.360359 0.438701 0.427008 0.343434 0.328557 0.250485
BD_Bspro_t
 0.905681 0.63014 0.547834 0.359387 0.515254 0.696125 0.640329 0.665292 0.598895 0.573691 0.553687 0.390317 0.283947 0.192139 0.105046 0.107992 0.159061 0.25578 0.358913 0.45094 0.581323 0.692075 0.700407 0.709659 0.73551 0.685456 0.669229
BD_Bspro
 0.589557 0.323716 0.356777 0.332921 0.378175 0.639235 0.906828 1.1591 1.01069 1.10004 1.15417 0.791411 0.483976 0.255225 0.111274 0.0934247 0.103387 0.131974 0.167925 0.193048 0.290741 0.358829 0.443645 0.630041 0.956505 1.00009 0.888294
BD_Bo
 0.506944 0.278354 0.306782 0.28627 0.325182 0.54966 0.779756 0.99668 0.869065 0.94589 0.992437 0.680512 0.416157 0.21946 0.0956816 0.0803333 0.0888992 0.113481 0.144394 0.165996 0.25 0.308547 0.381478 0.541755 0.822471 0.859946 0.763819
BD_Brms
 0.921715 0.506099 0.557786 0.52049 0.59124 0.999381 1.41774 1.81215 1.58012 1.7198 1.80443 1.23729 0.75665 0.399019 0.173966 0.14606 0.161635 0.206328 0.262534 0.301811 0.454546 0.560994 0.693596 0.985008 1.4954 1.56354 1.38876
S_f
 0.0946894 0.665246 0.974199 0.998608 0.999927
 0.0946894 0.665246 0.974199 0.998608 0.999927
 0.0946894 0.665246 0.974199 0.998608 0.999927
 0.0946894 0.665246 0.974199 0.998608 0.999927
 0.0946894 0.665246 0.974199 0.998608 0.999927
 0.0946894 0.665246 0.974199 0.998608 0.999927
 0.0946894 0.665246 0.974199 0.998608 0.999927
 0.0946894 0.665246 0.974199 0.998608 0.999927
 0.0946894 0.665246 0.974199 0.998608 0.999927
 0.0946894 0.665246 0.974199 0.998608 0.999927
 0.0946894 0.665246 0.974199 0.998608 0.999927
 0.0946894 0.665246 0.974199 0.998608 0.999927
 0.0946894 0.665246 0.974199 0.998608 0.999927
 0.0946894 0.665246 0.974199 0.998608 0.999927
 0.0946894 0.665246 0.974199 0.998608 0.999927
 0.0946894 0.665246 0.974199 0.998608 0.999927
 0.0946894 0.665246 0.974199 0.998608 0.999927
 0.0946894 0.665246 0.974199 0.998608 0.999927
 0.0946894 0.665246 0.974199 0.998608 0.999927
 0.0946894 0.665246 0.974199 0.998608 0.999927
 0.0946894 0.665246 0.974199 0.998608 0.999927
 0.0946894 0.665246 0.974199 0.998608 0.999927
 0.0946894 0.665246 0.974199 0.998608 0.999927
 0.0946894 0.665246 0.974199 0.998608 0.999927
 0.0946894 0.665246 0.974199 0.998608 0.999927
 0.0946894 0.665246 0.974199 0.998608 0.999927
 0.0946894 0.665246 0.974199 0.998608 0.999927
Scru_reclas
 0.552503 0.861372 0.969012 0.993686 0.998739
 0.552503 0.861372 0.969012 0.993686 0.998739
 0.552503 0.861372 0.969012 0.993686 0.998739
 0.552503 0.861372 0.969012 0.993686 0.998739
 0.552503 0.861372 0.969012 0.993686 0.998739
 0.552503 0.861372 0.969012 0.993686 0.998739
 0.552503 0.861372 0.969012 0.993686 0.998739
 0.552503 0.861372 0.969012 0.993686 0.998739
 0.552503 0.861372 0.969012 0.993686 0.998739
 0.552503 0.861372 0.969012 0.993686 0.998739
 0.552503 0.861372 0.969012 0.993686 0.998739
 0.552503 0.861372 0.969012 0.993686 0.998739
 0.552503 0.861372 0.969012 0.993686 0.998739
 0.552503 0.861372 0.969012 0.993686 0.998739
 0.552503 0.861372 0.969012 0.993686 0.998739
 0.552503 0.861372 0.969012 0.993686 0.998739
 0.552503 0.861372 0.969012 0.993686 0.998739
 0.552503 0.861372 0.969012 0.993686 0.998739
 0.552503 0.861372 0.969012 0.993686 0.998739
 0.552503 0.861372 0.969012 0.993686 0.998739
 0.552503 0.861372 0.969012 0.993686 0.998739
 0.552503 0.861372 0.969012 0.993686 0.998739
 0.552503 0.861372 0.969012 0.993686 0.998739
 0.552503 0.861372 0.969012 0.993686 0.998739
 0.552503 0.861372 0.969012 0.993686 0.998739
 0.552503 0.861372 0.969012 0.993686 0.998739
 0.552503 0.861372 0.969012 0.993686 0.998739
Scru_pelaces
 0.880844 1 1 1 1
 0.880844 1 1 1 1
 0.880844 1 1 1 1
 0.880844 1 1 1 1
 0.880844 1 1 1 1
 0.880844 1 1 1 1
 0.880844 1 1 1 1
 0.880844 1 1 1 1
 0.880844 1 1 1 1
 0.880844 1 1 1 1
 0.880844 1 1 1 1
 0.880844 1 1 1 1
 0.880844 1 1 1 1
 0.880844 1 1 1 1
 0.880844 1 1 1 1
 0.880844 1 1 1 1
 0.880844 1 1 1 1
 0.880844 1 1 1 1
 0.880844 1 1 1 1
 0.880844 1 1 1 1
 0.880844 1 1 1 1
 0.880844 1 1 1 1
 0.880844 1 1 1 1
 0.880844 1 1 1 1
 0.880844 1 1 1 1
 0.880844 1 1 1 1
 0.880844 1 1 1 1
pf_obs 
 0.256992 0.487395 0.22802 0.0275931 0
 0.321318 0.546541 0.124235 0.00734118 0.000564706
 0.182869 0.594174 0.210203 0.0122559 0.00049798
 0.330522 0.361315 0.267642 0.0388342 0.00168674
 0.649043 0.306663 0.0425973 0.00169635 0
 0.582887 0.30429 0.105238 0.00758474 0
 0.465427 0.430635 0.0974691 0.00646863 0
 0.296916 0.608066 0.0921331 0.00288517 0
 0.311714 0.524322 0.152257 0.0117073 0
 0.15457 0.633149 0.183074 0.0267441 0.00246327
 0.131901 0.49318 0.331252 0.0422183 0.00144891
 0.196976 0.569456 0.194076 0.0375587 0.00193317
 0.518974 0.381816 0.0799577 0.0180837 0.00116848
 0.0928022 0.601141 0.25162 0.0475244 0.00691264
 0.122501 0.610282 0.24278 0.0234846 0.000952079
 0.383417 0.481906 0.127806 0.00687128 0
 0.0376549 0.599619 0.316969 0.0457579 0
 0.0361596 0.667082 0.258105 0.0386534 0
 0.158088 0.579412 0.248529 0.0139706 0
 0.0477256 0.309471 0.559284 0.082774 0.000745712
 0.0406174 0.521527 0.379366 0.0568643 0.0016247
 0.151134 0.462217 0.34131 0.0453401 0
 0.294876 0.26143 0.354403 0.0886775 0.000613685
 0.281977 0.475581 0.204845 0.0348837 0.00271318
 0.0841818 0.532909 0.334909 0.0458182 0.00218182
 0.115287 0.27431 0.454777 0.147771 0.00785563
 0 0 0 0 0
pf_pred 
 0.297567 0.479106 0.199459 0.0238548 1.39763e-05
 0.275005 0.572917 0.120435 0.0283809 0.00326206
 0.146259 0.654621 0.172944 0.0208964 0.00527944
 0.251021 0.476243 0.237217 0.031057 0.00446265
 0.270277 0.493876 0.171718 0.0559856 0.00814373
 0.142061 0.588487 0.203156 0.0485934 0.0177027
 0.256498 0.400486 0.26754 0.0573693 0.0181069
 0.19715 0.571655 0.149107 0.0644432 0.0176444
 0.246562 0.493518 0.209515 0.0329181 0.0174869
 0.233972 0.55444 0.161535 0.0406354 0.00941751
 0.133427 0.602892 0.213634 0.0385067 0.0115397
 0.142003 0.502696 0.286246 0.0563926 0.0126634
 0.237791 0.473073 0.206887 0.0667776 0.0154709
 0.223056 0.634011 0.110728 0.0233913 0.00881411
 0.294095 0.621966 0.0784766 0.00431493 0.00114748
 0.316854 0.625134 0.0558782 0.00200646 0.000126643
 0.201857 0.651579 0.139943 0.00638905 0.000232262
 0.240808 0.515702 0.216331 0.0259802 0.00117934
 0.216079 0.556724 0.17719 0.0446039 0.00540337
 0.268939 0.485491 0.196254 0.038739 0.0105766
 0.238027 0.550624 0.161188 0.0403543 0.0098059
 0.20919 0.519083 0.217 0.0420156 0.012712
 0.252958 0.471925 0.205316 0.0560675 0.0137335
 0.247497 0.523301 0.167005 0.0467713 0.0154258
 0.0929682 0.617161 0.226371 0.0466445 0.016855
 0.148305 0.334087 0.396278 0.0953465 0.025983
 0.184061 0.447756 0.182889 0.142804 0.0424904
pobs_RECLAS
 0 0 0 0 0
 0 0 0 0 0
 0 0 0 0 0
 0 0 0 0 0
 0.835266 0.146461 0.0176864 0.000547809 3.91292e-05
 0.385257 0.428462 0.181853 0.0044286 0
 0.867414 0.0963971 0.0333333 0.00285562 0
 0.441836 0.489002 0.0689373 0.000224442 0
 0.779404 0.147425 0.0564933 0.0165055 0.000172143
 0.814271 0.122319 0.05973 0.00367925 0
 0.40263 0.566651 0.0304383 0.000280538 0
 0.475488 0.404961 0.113038 0.00651328 0
 0.955842 0.0263864 0.0167828 0.000988607 0
 0.975058 0.0227948 0.00214734 0 0
 0.738997 0.206755 0.0527124 0.00153531 0
 0.850938 0.134255 0.0134407 0.00136685 0
 0.542534 0.407297 0.0501686 0 0
 0.764087 0.199537 0.0359546 0.000420521 0
 0.470689 0.182191 0.310203 0.0369168 0
 0.84361 0.089868 0.0606195 0.00523954 0.000663233
 0.607945 0.314616 0.071237 0.00620181 0
 0.523733 0.453247 0.0230204 0 0
 0.530135 0.295979 0.169645 0.0042399 0
 0.562478 0.366248 0.0663022 0.0049721 0
 0.250443 0.683176 0.0655157 0.000865301 0
 0.195077 0.31981 0.436473 0.0351445 0.0134964
 0.565238 0.351407 0.0832357 0.000118908 0
ppred_RECLAS
 0.687369 0.232674 0.0714355 0.00851656 5.00758e-06
 0.654684 0.288556 0.0449718 0.0105693 0.00121919
 0.478769 0.429062 0.0801183 0.00961349 0.00243699
 0.626662 0.260014 0.0985638 0.0128992 0.00186041
 0.643975 0.260545 0.0695038 0.0226672 0.00330958
 0.453918 0.405982 0.105636 0.0252364 0.00922741
 0.639745 0.218168 0.110813 0.0237507 0.00752402
 0.552662 0.343348 0.0670911 0.0289452 0.00795399
 0.627336 0.267577 0.0847226 0.0132825 0.00708154
 0.602706 0.308525 0.0677782 0.0170298 0.00396127
 0.444935 0.42025 0.109285 0.0196275 0.00590284
 0.468415 0.349299 0.146924 0.0288582 0.00650351
 0.638055 0.253167 0.0779814 0.0249884 0.00580861
 0.653205 0.305949 0.0317934 0.00657024 0.00248203
 0.738075 0.243325 0.0174184 0.000933083 0.000248713
 0.700769 0.280609 0.0179417 0.000640468 4.05629e-05
 0.559515 0.378022 0.0596497 0.00271379 9.90046e-05
 0.617333 0.282793 0.0887509 0.0106385 0.000484677
 0.578866 0.322071 0.0772724 0.0194281 0.00236219
 0.650352 0.253206 0.0770822 0.0151957 0.00416396
 0.60381 0.306457 0.0684275 0.0171278 0.0041775
 0.568421 0.308593 0.0982059 0.0190077 0.00577225
 0.630248 0.256306 0.0846601 0.0231052 0.00568048
 0.619354 0.285619 0.0692334 0.0193786 0.00641502
 0.336297 0.48881 0.136561 0.0281299 0.0102026
 0.481615 0.237709 0.214858 0.0516818 0.0141363
 0.534532 0.285862 0.0891813 0.0696294 0.0207952
pobs_PELACES
 0 0 0 0 0
 0 0 0 0 0
 0 0 0 0 0
 0 0 0 0 0
 0 0 0 0 0
 0 0 0 0 0
 0 0 0 0 0
 0 0 0 0 0
 0 0 0 0 0
 0 0 0 0 0
 0.450072 0.473896 0.0757376 0.000293798 0
 0 0 0 0 0
 0.463077 0.371075 0.160297 0.00555027 0
 0.529543 0.364841 0.0842815 0.0213345 0
 0.631943 0.363953 0.00410389 0 0
 0.735681 0.248677 0.0153453 0.000297389 0
 0.695825 0.281241 0.0229344 0 0
 0.275771 0.60734 0.115278 0.00161068 0
 0 0 0 0 0
 0.896147 0.0623911 0.0374545 0.00400742 0
 0.803859 0.145111 0.0509908 3.86294e-05 0
 0.739449 0.233085 0.0266225 0.000797448 4.60066e-05
 0.878498 0.100942 0.0204185 0.000141795 0
 0.694673 0.275183 0.0284847 0.00165964 0
 0.469039 0.446079 0.0841089 0.000773354 0
 0.822795 0.102175 0.0682046 0.00682512 0
 0 0 0 0 0
ppred_PELACES
 0.795323 0.160737 0.039396 0.00454143 2.65555e-06
 0.763362 0.204448 0.0256802 0.00584014 0.000669979
 0.644073 0.306781 0.0429394 0.00495718 0.00124936
 0.721175 0.203265 0.0659628 0.00839331 0.00120422
 0.722272 0.210192 0.049512 0.0157381 0.00228618
 0.573251 0.331937 0.0720399 0.0166987 0.00607315
 0.736524 0.169723 0.0735893 0.0153318 0.00483157
 0.671705 0.263404 0.0423448 0.0177066 0.00483947
 0.741334 0.196242 0.0506542 0.00769144 0.00407841
 0.708627 0.235267 0.0431513 0.0105207 0.00243415
 0.589819 0.327545 0.0674341 0.0117028 0.00349998
 0.612211 0.274041 0.0922876 0.0175311 0.00392908
 0.784034 0.163976 0.0376902 0.0116158 0.00268447
 0.83677 0.150719 0.00985307 0.00193212 0.000725128
 0.890369 0.104807 0.00453392 0.000229734 6.08254e-05
 0.812821 0.178184 0.00867767 0.000298413 1.87914e-05
 0.689291 0.274755 0.0343875 0.00151195 5.48533e-05
 0.729557 0.209852 0.0540305 0.00627586 0.000284378
 0.688555 0.248178 0.0496812 0.0121201 0.00146578
 0.751735 0.188783 0.0478391 0.00914903 0.00249366
 0.695833 0.243173 0.046825 0.0114022 0.00276659
 0.668982 0.24712 0.0673853 0.0126817 0.00383108
 0.727547 0.198372 0.0556976 0.0147711 0.00361246
 0.715869 0.221824 0.0457607 0.0124476 0.00409899
 0.435745 0.432326 0.10367 0.020767 0.00749283
 0.595776 0.201283 0.156397 0.0365884 0.00995583
 0.636582 0.236483 0.0639275 0.0485747 0.0144321
pobs_pel_tallas
 0 0 0 0 0 0 0 0 0 0 0 0 0 0 0 0 0 0 0 0 0 0 0 0 0 0 0 0 0 0 0 0 0 0 0 0
 0 0 0 0 0 0 0 0 0 0 0 0 0 0 0 0 0 0 0 0 0 0 0 0 0 0 0 0 0 0 0 0 0 0 0 0
 0 0 0 0 0 0 0 0 0 0 0 0 0 0 0 0 0 0 0 0 0 0 0 0 0 0 0 0 0 0 0 0 0 0 0 0
 0 0 0 0 0 0 0 0 0 0 0 0 0 0 0 0 0 0 0 0 0 0 0 0 0 0 0 0 0 0 0 0 0 0 0 0
 0 0 0 0 0 0 0 0 0 0 0 0 0 0 0 0 0 0 0 0 0 0 0 0 0 0 0 0 0 0 0 0 0 0 0 0
 0 0 0 0 0 0 0 0 0 0 0 0 0 0 0 0 0 0 0 0 0 0 0 0 0 0 0 0 0 0 0 0 0 0 0 0
 0 0 0 0 0 0 0 0 0 0 0 0 0 0 0 0 0 0 0 0 0 0 0 0 0 0 0 0 0 0 0 0 0 0 0 0
 0 0 0 0 0 0 0 0 0 0 0 0 0 0 0 0 0 0 0 0 0 0 0 0 0 0 0 0 0 0 0 0 0 0 0 0
 0 0 0 0 0 0 0 0 0 0 0 0 0 0 0 0 0 0 0 0 0 0 0 0 0 0 0 0 0 0 0 0 0 0 0 0
 0 0 0 0 0 0 0 0 0 0 0 0 0 0 0 0 0 0 0 0 0 0 0 0 0 0 0 0 0 0 0 0 0 0 0 0
 0 0 0 0 0 0 0 0 1.78061e-05 0.00172719 0.00360574 0.0105946 0.0120993 0.0124554 0.0147524 0.0171206 0.0266825 0.0428682 0.0675386 0.121331 0.153587 0.119568 0.100827 0.0573624 0.0630603 0.0341343 0.0324427 0.0444173 0.0211091 0.0280891 0.0125444 0.00206551 0 0 0 0
 0 0 0 0 0 0 0 0 0 0 0 0 0 0 0 0 0 0 0 0 0 0 0 0 0 0 0 0 0 0 0 0 0 0 0 0
 0 0 0 0 0 0 0.0133647 0.0140871 0.0187388 0.0205184 0.03894 0.0496705 0.03968 0.0493445 0.0407372 0.0367815 0.0215668 0.0243155 0.0234873 0.0199281 0.019796 0.0243948 0.0301388 0.0376714 0.0412746 0.0863199 0.0771752 0.113111 0.0741005 0.0525337 0.0229764 0.00759418 0.00175318 0 0 0
 0 0 0 0 0 0 0 0 0 0 0.00219441 0.00772107 0.0458388 0.0604681 0.0671733 0.0775358 0.0609151 0.0617685 0.073594 0.0568108 0.0755445 0.0548602 0.0670107 0.0636378 0.0643287 0.046367 0.0373049 0.0286899 0.0247887 0.0153202 0.00654259 0.00121912 0.000365735 0 0 0
 0 0 0 0 0 0 0 0 0 0 0 0 0.000112435 0.00938835 0.0111873 0.0202946 0.0414886 0.0713402 0.111592 0.104902 0.108894 0.110636 0.117776 0.105296 0.107544 0.0401394 0.0192827 0.0124803 0.00416011 0.0028671 0.000618394 0 0 0 0 0
 0 0 0 0 0 0 0 0 0 0 0.00291406 0.0102884 0.027416 0.0768956 0.0749926 0.110853 0.0956884 0.0897413 0.0766577 0.0534642 0.0500743 0.0551293 0.0594112 0.0620874 0.0668451 0.0424026 0.0208742 0.0120726 0.0048766 0.00582813 0.00118941 0.000297354 0 0 0 0
 0 0.00264628 0.0354308 0.0461629 0.0458689 0.0383711 0.0214643 0.0164657 0.0346957 0.0420465 0.0363128 0.0245516 0.0311673 0.0291091 0.0169068 0.0133784 0.00837989 0.0085269 0.0148486 0.0160247 0.0276389 0.0546898 0.0760071 0.122758 0.109233 0.0665981 0.0333725 0.0166128 0.00676272 0.00308733 0.000882094 0 0 0 0 0
 0 0 0 0 0 0 0 0.000805153 0.000690131 0.00759144 0.0133425 0.0154129 0.00931677 0.000345066 0.00356568 0.00563607 0.00851162 0.0253048 0.0502646 0.0516448 0.0657925 0.0565908 0.0611916 0.0827007 0.0866115 0.110766 0.145733 0.0935128 0.0569358 0.0249597 0.0138026 0.00621118 0.00161031 0.00115022 0 0
 0 0 0 0 0 0 0 0 0 0 0 0 0 0 0 0 0 0 0 0 0 0 0 0 0 0 0 0 0 0 0 0 0 0 0 0
 0.00147267 0.00158595 0.00478618 0.00569244 0.00954404 0.0108468 0.00647125 0.017049 0.0510054 0.094081 0.124002 0.0959785 0.0687766 0.0820023 0.061753 0.0591476 0.0492212 0.0479892 0.0443925 0.0268479 0.0217502 0.0140895 0.0121071 0.0120363 0.00920419 0.00665534 0.0049561 0.00860946 0.00930331 0.0156896 0.0114698 0.00855282 0.00243557 0.00046729 0 2.83206e-05
 0 0 0 0 0.000772559 0.00158375 0.000888443 0.00281984 0.00712685 0.0440552 0.0773331 0.111326 0.0921469 0.0852325 0.0710754 0.0886704 0.0786465 0.0553345 0.0373146 0.0185414 0.00753245 0.00457741 0.012979 0.0271748 0.0457355 0.0583668 0.034881 0.0177882 0.00938659 0.00492506 0.0015258 0.00185414 0.000309023 5.79419e-05 3.86279e-05 0
 0 0.00173294 0.00326652 0 0.00397197 0.00683976 0.00946217 0.0152591 0.00757587 0.0136028 0.0228656 0.0392903 0.0559909 0.0764795 0.0681675 0.0726916 0.0566044 0.0477403 0.0527397 0.0444891 0.0609904 0.0582453 0.0661739 0.0445044 0.0529084 0.0360697 0.0280645 0.0235558 0.0158879 0.00826598 0.00280645 0.00217768 0.000904811 0.00058276 9.20147e-05 0
 0 0 0 0 0 0 0 0 0 0 0 0 0 0 0 0 0 0 0 0 0 0 0 0 0 0 0 0 0 0 0 0 0 0 0 0
 0 0 0 0 0 0 0 0 0 0 0 0 0 0 0 0 0 0 0 0 0 0 0 0 0 0 0 0 0 0 0 0 0 0 0 0
 0 0 0 0 0 0 0 0 0 0 0 0 0 0 0 0 0 0 0 0 0 0 0 0 0 0 0 0 0 0 0 0 0 0 0 0
 0 0 0 0 0 0 0 0 0 0 0 0 0 0 0 0 0 0 0 0 0 0 0 0 0 0 0 0 0 0 0 0 0 0 0 0
 0 0 0 0 0 0 0 0 0 0 0 0 0 0 0 0 0 0 0 0 0 0 0 0 0 0 0 0 0 0 0 0 0 0 0 0
ppred_pel_tallas
 1.00768e-16 3.4699e-05 0.00020366 0.000968118 0.00372732 0.0116233 0.0293596 0.0600734 0.0995777 0.133728 0.145516 0.128342 0.0918404 0.0535361 0.0258646 0.0111925 0.00572044 0.00497819 0.00622438 0.00825264 0.0105676 0.0128708 0.0148903 0.0163765 0.0171453 0.0171193 0.0163422 0.014963 0.013194 0.0112597 0.00935195 0.00760343 0.00608297 0.00480682 0.00375801 0.00290501
 1.00664e-16 3.33071e-05 0.000195485 0.000929242 0.00357763 0.0111565 0.0281804 0.0576611 0.0955805 0.128364 0.139692 0.123232 0.0882436 0.05156 0.0251349 0.0112604 0.00630932 0.00600282 0.00770657 0.0102376 0.0130705 0.0158479 0.0182284 0.0198987 0.0206345 0.0203516 0.0191253 0.0171664 0.0147655 0.0122244 0.00979631 0.00765042 0.00586569 0.00444686 0.00335182 0.00251878
 1.00939e-16 2.81098e-05 0.000164962 0.000784113 0.00301881 0.00941381 0.0237787 0.0486557 0.0806568 0.108334 0.117926 0.104108 0.0747176 0.0439959 0.0220803 0.010965 0.00764899 0.00856351 0.0114886 0.0153712 0.0196455 0.0238277 0.0274144 0.0299362 0.0310547 0.0306419 0.0288085 0.0258688 0.022258 0.0184287 0.0147618 0.0115134 0.00880489 0.00664667 0.00497849 0.00370979
 1.01348e-16 3.14676e-05 0.000184685 0.000877899 0.00337994 0.01054 0.0266233 0.0544751 0.0902997 0.121273 0.131979 0.116437 0.0833968 0.0487672 0.0238477 0.0108126 0.00624573 0.0061158 0.00794383 0.0106184 0.0136439 0.0166758 0.0193773 0.0214312 0.0225989 0.022772 0.0219918 0.0204303 0.0183394 0.0159889 0.0136119 0.0113728 0.0093622 0.00761016 0.0061091 0.00483509
 1.0142e-16 3.15157e-05 0.000184967 0.000879236 0.00338509 0.0105561 0.0266639 0.0545581 0.0904375 0.121459 0.132182 0.116619 0.0835334 0.0488595 0.0239156 0.010881 0.0063353 0.00624094 0.00811259 0.0108318 0.0138938 0.0169438 0.0196348 0.0216427 0.0227281 0.0227886 0.0218791 0.0201895 0.0179908 0.0155683 0.0131641 0.0109435 0.00899039 0.00732236 0.00591717 0.00473691
 1.01989e-16 2.50227e-05 0.000146836 0.000697932 0.00268698 0.00837902 0.021165 0.0433079 0.0717938 0.0964354 0.104989 0.0927232 0.0666254 0.0393898 0.0200637 0.0104522 0.00791488 0.0093003 0.0126419 0.0169873 0.0217884 0.0265422 0.0307103 0.0337829 0.0353848 0.0353593 0.0338008 0.0310178 0.0274484 0.0235519 0.0197176 0.0162105 0.0131626 0.0105981 0.00847483 0.00672409
 1.01853e-16 3.21356e-05 0.000188609 0.000896564 0.00345182 0.0107642 0.0271894 0.0556332 0.0922183 0.123847 0.134771 0.118879 0.0851018 0.0496743 0.0241241 0.0106567 0.00576887 0.00533555 0.00682847 0.00913304 0.0117825 0.0144808 0.0169469 0.0189143 0.020177 0.0206312 0.0202929 0.0192827 0.017787 0.0160085 0.0141248 0.0122642 0.0105024 0.00887377 0.00738862 0.00604825
 1.01522e-16 2.93129e-05 0.000172029 0.000817721 0.00314822 0.0098174 0.0247981 0.050741 0.0841121 0.11297 0.12296 0.10852 0.0778158 0.0456827 0.0226727 0.0108418 0.0070373 0.00752319 0.00998708 0.0133584 0.0171038 0.0207999 0.0240158 0.0263491 0.0275076 0.0273752 0.0260366 0.0237477 0.0208653 0.0177608 0.0147452 0.0120265 0.0097027 0.00778281 0.00622184 0.00495408
 1.01238e-16 3.23463e-05 0.000189844 0.000902429 0.00347439 0.0108346 0.0273673 0.0559973 0.0928225 0.12466 0.135661 0.119677 0.0856996 0.050077 0.0244193 0.0109543 0.00616256 0.00589367 0.00759586 0.0101285 0.0129907 0.0158436 0.0183612 0.0202396 0.0212538 0.0213068 0.0204484 0.0188551 0.0167801 0.0144909 0.0122157 0.0101119 0.00826089 0.00668223 0.00535729 0.00425171
 1.01165e-16 3.09217e-05 0.000181477 0.000862642 0.00332119 0.0103568 0.0261605 0.0535285 0.0887315 0.11917 0.129698 0.114443 0.0820093 0.0480372 0.0236418 0.0109727 0.00668539 0.00682485 0.00895032 0.0119492 0.0152965 0.018602 0.0214775 0.0235617 0.0245912 0.0244604 0.0232432 0.0211669 0.0185508 0.0157285 0.0129815 0.0105002 0.0083774 0.00662601 0.00520952 0.00407114
 1.0163e-16 2.57449e-05 0.000151076 0.000718094 0.00276461 0.0086211 0.0217764 0.044559 0.0738673 0.0992192 0.108016 0.095388 0.0685214 0.0404728 0.0205453 0.0105886 0.00787882 0.00916716 0.0124278 0.0166838 0.0213816 0.0260198 0.0300652 0.0330145 0.0344986 0.0343663 0.0327156 0.0298583 0.0262347 0.0223062 0.0184642 0.0149754 0.0119724 0.00947846 0.00744827 0.00580796
 1.02186e-16 2.67192e-05 0.000156801 0.000745321 0.00286946 0.00894808 0.0226023 0.0462484 0.0766659 0.102973 0.112088 0.0989482 0.0710021 0.041784 0.0209275 0.0103267 0.00713025 0.00795272 0.0106982 0.014389 0.0185191 0.0226641 0.0263786 0.0292365 0.0309152 0.0312648 0.0303361 0.0283528 0.0256464 0.0225712 0.0194333 0.0164487 0.0137363 0.0113371 0.00924461 0.00743295
 1.01114e-16 3.42069e-05 0.000200771 0.000954381 0.00367443 0.0114584 0.0289429 0.059221 0.0981648 0.131831 0.143454 0.126526 0.0905483 0.0527978 0.0255359 0.0110983 0.00574273 0.00506472 0.006363 0.00844737 0.0108261 0.0131992 0.0152918 0.0168506 0.0176892 0.0177284 0.0170119 0.0156884 0.0139703 0.0120806 0.0102083 0.00848223 0.00696715 0.00567599 0.00459037 0.00367972
 1.0029e-16 3.65059e-05 0.000214269 0.00101856 0.00392153 0.012229 0.0308893 0.0632033 0.104765 0.140692 0.153089 0.135008 0.0965832 0.0562446 0.0270672 0.0115294 0.00562162 0.00462918 0.00566073 0.00744718 0.00947719 0.0114567 0.013128 0.0142607 0.0146927 0.0143681 0.0133503 0.0118039 0.00995272 0.00802727 0.00621943 0.00465571 0.00339215 0.00242666 0.00172013 0.0012178
 1.0011e-16 3.88411e-05 0.000227983 0.00108377 0.00417261 0.013012 0.0328671 0.0672496 0.11147 0.149692 0.162869 0.143601 0.102661 0.0596441 0.0284411 0.0116646 0.00502376 0.00348509 0.00397117 0.00515465 0.0065423 0.00789661 0.00903211 0.00978785 0.0100519 0.00978705 0.00903967 0.0079272 0.00660829 0.00524604 0.00397607 0.0028875 0.00201929 0.00136883 0.000906835 0.00059251
 1.00193e-16 3.54627e-05 0.000208142 0.000989422 0.00380935 0.0118791 0.0300057 0.0613955 0.101769 0.136672 0.148723 0.131175 0.0938796 0.0547482 0.026493 0.011535 0.00599231 0.00529366 0.00662937 0.00875176 0.0111333 0.0134438 0.0153812 0.0166738 0.0171312 0.0166894 0.0154266 0.0135418 0.0113039 0.0089897 0.00682948 0.00497487 0.00349252 0.00237866 0.00158429 0.00104088
 1.00633e-16 3.00802e-05 0.000176533 0.000839129 0.00323064 0.0100744 0.0254473 0.0520695 0.0863144 0.115928 0.12618 0.111363 0.0798567 0.0468854 0.0232774 0.0111423 0.00724371 0.00774483 0.0102673 0.0137044 0.0174977 0.0212007 0.0243595 0.0265534 0.0274809 0.0270304 0.0253058 0.022594 0.0192912 0.0158088 0.0124926 0.00957482 0.00716487 0.00527021 0.00383305 0.00276704
 1.01065e-16 3.18334e-05 0.000186832 0.000888104 0.00341923 0.0106625 0.0269328 0.0551084 0.0913495 0.122684 0.133514 0.117792 0.0843708 0.0493426 0.0241395 0.0109614 0.00635217 0.00623207 0.00808987 0.0107957 0.0138406 0.0168677 0.0195281 0.0214964 0.0225317 0.0225308 0.021549 0.0197778 0.0174919 0.0149822 0.0124974 0.0102104 0.00821152 0.00652345 0.00512626 0.00398135
 1.01272e-16 3.0047e-05 0.000176341 0.000838221 0.00322716 0.0100636 0.0254198 0.0520131 0.0862201 0.115799 0.126034 0.111221 0.0797261 0.0467509 0.0231039 0.0108834 0.00684879 0.00716425 0.00945972 0.0126474 0.0162007 0.0197146 0.022781 0.0250181 0.0261465 0.026052 0.0248092 0.0226541 0.0199198 0.0169553 0.0140561 0.0114229 0.00915525 0.00726981 0.00573184 0.00448541
 1.01172e-16 3.27996e-05 0.000192506 0.000915085 0.00352312 0.0109865 0.0277511 0.0567826 0.0941239 0.126407 0.13756 0.121346 0.0868815 0.0507413 0.0246939 0.0109938 0.00606725 0.00570218 0.00731036 0.00973889 0.0124886 0.0152295 0.0176472 0.0194493 0.0204197 0.0204652 0.0196342 0.0180969 0.0160971 0.0138926 0.0117028 0.00967922 0.00790004 0.0063838 0.00511233 0.00405233
 1.01266e-16 3.03642e-05 0.000178203 0.000847076 0.00326125 0.0101699 0.0256884 0.0525626 0.0871308 0.117022 0.127362 0.112389 0.0805534 0.0472161 0.0232967 0.0109121 0.00678368 0.00703236 0.00926245 0.0123773 0.0158512 0.0192853 0.022279 0.024459 0.0255521 0.0254476 0.0242199 0.0221018 0.0194205 0.016519 0.0136865 0.0111193 0.00891367 0.00708417 0.00559503 0.00438981
 1.01652e-16 2.91935e-05 0.00017133 0.000814399 0.00313544 0.00977753 0.0246974 0.0505348 0.08377 0.112509 0.122455 0.108068 0.0774764 0.0454531 0.0225031 0.0106696 0.00680964 0.0072021 0.00954895 0.0127959 0.0164305 0.0200548 0.0232639 0.0256753 0.0270042 0.0271257 0.0260991 0.0241421 0.021569 0.018713 0.0158584 0.0132025 0.0108484 0.0088232 0.0071072 0.00566147
 1.01532e-16 3.17452e-05 0.000186315 0.000885651 0.00340979 0.0106331 0.0268584 0.0549562 0.0910969 0.122343 0.133141 0.117458 0.0841193 0.049171 0.0240103 0.010827 0.00617114 0.00597294 0.00773047 0.0103245 0.0132607 0.0162011 0.0188179 0.0208039 0.0219298 0.0220935 0.0213395 0.0198382 0.017837 0.015598 0.0133448 0.0112323 0.00934151 0.00769435 0.00627713 0.00506235
 1.01342e-16 3.12369e-05 0.000183329 0.000871449 0.0033551 0.0104626 0.0264277 0.054075 0.0896369 0.120385 0.131016 0.115598 0.0828179 0.0484729 0.0237858 0.0109219 0.00649609 0.00650957 0.00849781 0.0113451 0.0145374 0.0177035 0.0204774 0.0225181 0.0235756 0.0235465 0.022495 0.0206289 0.0182419 0.0156416 0.013088 0.0107575 0.00873683 0.0070405 0.00563859 0.00448364
 1.02677e-16 1.90309e-05 0.000111649 0.000530631 0.0020428 0.00637012 0.0160908 0.0329266 0.0545896 0.073343 0.0798927 0.0706637 0.0510036 0.0306142 0.0164434 0.00994699 0.0092011 0.0118707 0.0164708 0.0222105 0.0285159 0.0347655 0.040264 0.044347 0.0465217 0.0465785 0.0446328 0.0410787 0.0364789 0.0314262 0.0264247 0.0218201 0.0177884 0.0143676 0.011511 0.00913725
 1.04009e-16 2.59998e-05 0.000152583 0.000725284 0.00279234 0.00870759 0.0219948 0.0450048 0.0746028 0.100197 0.109053 0.0962379 0.0689895 0.0404642 0.0200182 0.00947461 0.00604325 0.00642674 0.00860541 0.0116781 0.015235 0.0189698 0.022561 0.0256852 0.028072 0.0295527 0.0300836 0.0297337 0.0286487 0.0270036 0.0249634 0.0226622 0.0202022 0.0176643 0.0151217 0.0126472
 1.03329e-16 2.77803e-05 0.000163034 0.000774961 0.0029836 0.00930402 0.0235013 0.0480876 0.0797133 0.107061 0.116527 0.102839 0.0737325 0.0432677 0.0214423 0.0102039 0.00656611 0.00699391 0.00930768 0.0125124 0.0161291 0.0197878 0.0231098 0.0257351 0.0273916 0.0279528 0.0274598 0.0260961 0.0241302 0.0218438 0.0194721 0.0171713 0.0150178 0.0130277 0.0111875 0.00947892
pSPR Fmed_Fpbrs
0.522961   0.6 0.325
Fs Fmed_Fpbrs
0.64   0.459582 1.59375
SSBpbr Bo_Bmed_Bpbrs
853425  403637  469384 234692
Ro
35529.6
SPR SPRFo_SPRFmed_SPRFpbrs
733836 383767 238497
log_Ro
10.2981
likeval ReclasPelacesDesembMPH_pf_preclas_ppelaces_ptallas_desvR_qrecl_qpela
 64.7521 15.1242 0.00945346 0.000564492 329.762 208.999 55.4311 0 16.789 7.46626e-07 7.19975e-05 1.48708e-14 0 0 0
q_reclas_q_pelaces
0.884756 3.34404
M
0.7
N
 35923.9 10537.4 3384.62 398.592 0.233341
 43410.3 16144 2594.56 601.651 69.0938
 21248.9 19681.7 4229.87 505.15 127.547
 30459 9006.57 3212.98 411.898 59.1204
 55242.8 14605.9 3498.64 1113.56 161.773
 39768.6 27263.6 6944.58 1630.23 593.305
 75983.5 18614.6 8936.31 1876.86 591.718
 73435.4 36339.6 7097.46 3013.82 824.407
 97367.1 33937.5 10890.4 1682.31 892.878
 114019 44616.6 9581.07 2365.23 547.609
 63762.4 53417.6 14717.1 2613.53 782.611
 44361.7 28433.9 12457.4 2416.13 542.114
 48135.7 19989.8 7135.13 2276.81 527.168
 25704.5 20317.9 3169 665.61 250.734
 14872 9258.83 1057.24 57.8402 15.3776
 13041.1 5160.67 370.664 13.144 0.829064
 9411.36 5610.47 935.29 42.0648 1.52797
 11431.4 4204.13 1324.43 156.31 7.08896
 12366.8 5269.09 1236.93 305.578 36.9812
 19294.3 5790.35 1730.86 335.367 91.4722
 25438.8 9014.33 1873.25 458.906 111.383
 31824.5 12282 3673.31 696.37 210.453
 51664.6 15273.4 4799 1284.07 314.185
 73663.2 24612 5664.8 1554.3 512.07
 34164.4 35130.5 9199.67 1855.73 669.81
 47233.4 16422.7 13882.1 3269.36 889.924
 61712.1 22736.9 6554.12 5005.42 1487.58
pred_Ctot
 2469.29 3975.75 1655.16 197.953 0.115979
 2730.03 5687.44 1195.58 281.743 32.3831
 2258.47 10108.3 2670.53 322.672 81.5227
 753.991 1430.49 712.529 93.2859 13.4045
 245.116 447.899 155.732 50.7737 7.3856
 1647.75 6825.79 2356.39 563.63 205.331
 2021.24 3155.88 2108.25 452.078 142.684
 3678.37 10665.8 2782 1202.36 329.205
 5433.51 10875.7 4617.11 725.42 385.36
 4654.02 11028.6 3213.14 808.292 187.327
 4706.29 21265.4 7535.38 1358.22 407.033
 2970.3 10515 5987.46 1179.58 264.884
 5241.6 10427.9 4560.37 1471.97 341.023
 5171.48 14699.3 2567.18 542.32 204.352
 3288.54 6954.78 877.518 48.2492 12.8311
 1263.92 2493.64 222.896 8.00368 0.505172
 683.975 2207.81 474.183 21.6487 0.786998
 592.793 1269.5 532.539 63.9552 2.90318
 509.768 1313.41 418.022 105.228 12.7475
 823.941 1487.39 601.256 118.684 32.4032
 508.524 1176.36 344.365 86.2133 20.9494
 769.298 1908.93 798.022 154.513 46.7485
 1515.46 2827.29 1230.04 335.899 82.2766
 2104.17 4449 1419.85 397.64 131.147
 787.628 5228.6 1917.82 395.173 142.796
 1042.4 2348.21 2785.33 670.164 182.627
 1041.69 2534.05 1035.05 808.19 240.472
F
 0.0998524 0.70152 1.02732 1.05306 1.05445
 0.0910072 0.639377 0.936316 0.959776 0.961043
 0.158349 1.11249 1.62915 1.66997 1.67218
 0.0349553 0.245581 0.359633 0.368644 0.369131
 0.00618665 0.0434647 0.0636505 0.0652453 0.0653315
 0.0591311 0.415429 0.608363 0.623605 0.624429
 0.0376068 0.264209 0.386913 0.396607 0.397131
 0.0718842 0.505027 0.739571 0.758102 0.759103
 0.0803825 0.564733 0.827005 0.847726 0.848846
 0.0582294 0.409095 0.599086 0.614096 0.614907
 0.107582 0.755824 1.10684 1.13457 1.13607
 0.0971525 0.682551 0.999541 1.02458 1.02594
 0.162522 1.14181 1.67208 1.71398 1.71624
 0.32109 2.25584 3.30349 3.38626 3.39073
 0.358411 2.51804 3.68746 3.77985 3.78484
 0.143471 1.00797 1.47608 1.51307 1.51507
 0.105849 0.743651 1.08902 1.1163 1.11778
 0.0745049 0.523439 0.766534 0.78574 0.786778
 0.0588196 0.413241 0.605157 0.62032 0.621139
 0.0609938 0.428516 0.627527 0.64325 0.644099
 0.0281434 0.197723 0.28955 0.296805 0.297196
 0.0341221 0.239727 0.351061 0.359857 0.360332
 0.0415403 0.291844 0.427382 0.43809 0.438669
 0.0404331 0.284066 0.415991 0.426414 0.426977
 0.0325196 0.228468 0.334573 0.342956 0.343409
 0.0311109 0.218572 0.32008 0.3281 0.328533
 0.0237183 0.166634 0.244022 0.250137 0.250467
Np
 25047.8 11908.7 10946.6 3033.24 1051.19
YTP_r0W_actual
 15536.5 94687 54803.8 54540.7 18007
YTP_p0W_proyectada
 6306 124630 79919.5 27785 32486.5
 6306 49593.4 91532.2 33051.2 12724.6
CTP_r0_actual
 1894.7 4383.66 1745.34 1360.12 404.652
CTP_p0_proyectada
 769.024 5769.9 2545.21 692.894 730.034
 769.024 2295.99 2915.04 824.219 285.945
Wmedp
 8.2 21.6 31.4 40.1 44.5
nmprior
 10.8 10.6 4.6 0
nm_flota  nm_reclas  nm_pelaces    nm_pelaL
inf 22.8351 17.6996 55.8663
cv_recla  cv_pelaces  cv_mph
0.696879 0.426017 0.634987
 ------------------------------------------------
Talla a la edad & desviaci?n 
 7.2 14.2025 17.0495 18.207 18.6776
 1.08 2.13037 2.55742 2.73105 2.80164
