years
 1997 1998 1999 2000 2001 2002 2003 2004 2005 2006 2007 2008 2009 2010 2011 2012 2013 2014 2015 2016 2017 2018 2019 2020 2021 2022 2023
reclasobs
 0 0 0 370054 412103 1.49427e+06 250295 1.28982e+06 931140 785840 897777 1.04006e+06 184774 17550 25797 100020 73551 82996 120727 218422 84188 347160 605670 569463 516374 1.08416e+06 1.01767e+06
reclaspred
 503616 129717 328051 215926 344629 437044 955178 665728 755778 789413 678687 465608 278820 112367 67807.4 67796.4 79967.6 108107 120747 162379 246271 236340 401737 533851 713325 696994 658149
pelacesobs
 0 0 0 0 0 0 0 0 0 2.06254e+06 1.5e+06 0 1.87456e+06 323000 250000 174000 83755 137374 0 501740 490994 745055 786931 1.00524e+06 1.33801e+06 1.41789e+06 0
pelacespred
 2.07462e+06 413817 659194 671185 970182 872569 2.55896e+06 2.00044e+06 2.15156e+06 2.22929e+06 1.58456e+06 1.1216e+06 706383 228127 150535 151605 184320 260175 278303 382015 674501 587517 818102 1.26575e+06 1.58425e+06 1.66916e+06 1.5505e+06
mphobs
 0 0 0 0 0 112323 0 153150 637223 0 255016 313432 73983 77613 109348 50772 17779 17303 59886 28197 0 207744 136588 643089 65757 70829 0
mphpred
 154008 84581.9 93256.6 87056.6 98875 167106 237088 303084 264274 287637 301750 206886 126484 66699.2 29089.1 24433.6 27041.8 34523.3 43925.9 50501.6 76071.6 93896.7 116103 164994 250949 263291 232443
desembarqueobs
 350755 77701 442110 56441 14545 235359 269955 359681 431902 328805 639364 411747 362871 311530 167758 66681 60226 58785 57116 73181 50977 67692 138656 160484 209506 203330 193567
desembarquepred
 350761 77699.4 442091 56444.8 14545.4 235454 270031 359674 431947 328808 639301 411789 362939 311641 167582 66674.7 60252.5 58778.6 57100.1 73177.1 50979.5 67681.4 138660 160496 209492 203310 193557
Reclutas
 35933.3 43422.3 21261.9 30468.9 55258.5 39782.2 76030.9 73454.5 97405 114038 63744.5 44337 48132.5 25704.7 14876.2 13046.2 9416.8 11437 12375 19314.1 25469.7 31857.3 51757.5 73973 34476 48354.9 62388.8
log_desv_Rt
 0.00916125 0.198469 -0.515586 -0.155799 0.439517 0.110914 0.758635 0.724162 1.00637 1.16403 0.582379 0.219315 0.301454 -0.325829 -0.872741 -1.00401 -1.33001 -1.13565 -1.05683 -0.61167 -0.335016 -0.111238 0.374065 0.731195 -0.0322396 0.306063 0.560881
SSB
 432517 237541 261903 244491 277682 469302 665840 851184 742189 807802 847439 581020 355220 187319 81694.2 68619.7 75944.7 96955.8 123362 141829 213640 263701 326065 463370 704769 739429 652795
BT
 1.51581e+06 365352 624521 441995 567714 670553 1.67906e+06 1.54577e+06 1.64256e+06 1.59344e+06 1.46821e+06 1.0089e+06 757736 417556 223992 141839 154893 197129 205469 278663 428752 391539 560509 854182 1.04389e+06 1.10811e+06 1.03598e+06
Ftot
 1.05548 0.961608 1.67231 0.368999 0.0653195 0.624351 0.397044 0.758855 0.848528 0.614713 1.13575 1.02568 1.71649 3.3919 3.78501 1.51431 1.11708 0.786101 0.620653 0.643555 0.296913 0.359915 0.438108 0.426127 0.342061 0.326 0.356539
BD_Bspro_t
 0.905643 0.630128 0.547921 0.359554 0.515397 0.696218 0.640465 0.665458 0.599067 0.57387 0.55384 0.390438 0.283998 0.192181 0.105104 0.108092 0.159213 0.256017 0.359189 0.451256 0.581674 0.692409 0.700751 0.710138 0.73632 0.687094 0.663169
BD_Bspro
 0.588133 0.323006 0.356133 0.332456 0.377589 0.638153 0.905403 1.15743 1.00922 1.09844 1.15234 0.790066 0.483025 0.254715 0.111087 0.0933085 0.103269 0.13184 0.167747 0.192858 0.290506 0.358578 0.44338 0.630086 0.958338 1.00547 0.887665
BD_Bo
 0.506177 0.277995 0.306506 0.286129 0.324972 0.549226 0.779235 0.996145 0.868588 0.945375 0.991761 0.679971 0.415716 0.21922 0.0956071 0.080306 0.0888784 0.113468 0.144371 0.165984 0.250024 0.30861 0.381595 0.542284 0.824794 0.865358 0.76397
BD_Brms
 0.920321 0.505446 0.557284 0.520234 0.590859 0.998594 1.41679 1.81117 1.57925 1.71886 1.8032 1.23631 0.755847 0.398582 0.173831 0.146011 0.161597 0.206305 0.262493 0.301788 0.45459 0.561109 0.69381 0.985971 1.49963 1.57338 1.38904
S_f
 0.0945781 0.664957 0.974166 0.998606 0.999927
 0.0945781 0.664957 0.974166 0.998606 0.999927
 0.0945781 0.664957 0.974166 0.998606 0.999927
 0.0945781 0.664957 0.974166 0.998606 0.999927
 0.0945781 0.664957 0.974166 0.998606 0.999927
 0.0945781 0.664957 0.974166 0.998606 0.999927
 0.0945781 0.664957 0.974166 0.998606 0.999927
 0.0945781 0.664957 0.974166 0.998606 0.999927
 0.0945781 0.664957 0.974166 0.998606 0.999927
 0.0945781 0.664957 0.974166 0.998606 0.999927
 0.0945781 0.664957 0.974166 0.998606 0.999927
 0.0945781 0.664957 0.974166 0.998606 0.999927
 0.0945781 0.664957 0.974166 0.998606 0.999927
 0.0945781 0.664957 0.974166 0.998606 0.999927
 0.0945781 0.664957 0.974166 0.998606 0.999927
 0.0945781 0.664957 0.974166 0.998606 0.999927
 0.0945781 0.664957 0.974166 0.998606 0.999927
 0.0945781 0.664957 0.974166 0.998606 0.999927
 0.0945781 0.664957 0.974166 0.998606 0.999927
 0.0945781 0.664957 0.974166 0.998606 0.999927
 0.0945781 0.664957 0.974166 0.998606 0.999927
 0.0945781 0.664957 0.974166 0.998606 0.999927
 0.0945781 0.664957 0.974166 0.998606 0.999927
 0.0945781 0.664957 0.974166 0.998606 0.999927
 0.0945781 0.664957 0.974166 0.998606 0.999927
 0.0945781 0.664957 0.974166 0.998606 0.999927
 0.0945781 0.664957 0.974166 0.998606 0.999927
Scru_reclas
 0.55156 0.860916 0.968897 0.993662 0.998734
 0.55156 0.860916 0.968897 0.993662 0.998734
 0.55156 0.860916 0.968897 0.993662 0.998734
 0.55156 0.860916 0.968897 0.993662 0.998734
 0.55156 0.860916 0.968897 0.993662 0.998734
 0.55156 0.860916 0.968897 0.993662 0.998734
 0.55156 0.860916 0.968897 0.993662 0.998734
 0.55156 0.860916 0.968897 0.993662 0.998734
 0.55156 0.860916 0.968897 0.993662 0.998734
 0.55156 0.860916 0.968897 0.993662 0.998734
 0.55156 0.860916 0.968897 0.993662 0.998734
 0.55156 0.860916 0.968897 0.993662 0.998734
 0.55156 0.860916 0.968897 0.993662 0.998734
 0.55156 0.860916 0.968897 0.993662 0.998734
 0.55156 0.860916 0.968897 0.993662 0.998734
 0.55156 0.860916 0.968897 0.993662 0.998734
 0.55156 0.860916 0.968897 0.993662 0.998734
 0.55156 0.860916 0.968897 0.993662 0.998734
 0.55156 0.860916 0.968897 0.993662 0.998734
 0.55156 0.860916 0.968897 0.993662 0.998734
 0.55156 0.860916 0.968897 0.993662 0.998734
 0.55156 0.860916 0.968897 0.993662 0.998734
 0.55156 0.860916 0.968897 0.993662 0.998734
 0.55156 0.860916 0.968897 0.993662 0.998734
 0.55156 0.860916 0.968897 0.993662 0.998734
 0.55156 0.860916 0.968897 0.993662 0.998734
 0.55156 0.860916 0.968897 0.993662 0.998734
Scru_pelaces
 0.882051 1 1 1 1
 0.882051 1 1 1 1
 0.882051 1 1 1 1
 0.882051 1 1 1 1
 0.882051 1 1 1 1
 0.882051 1 1 1 1
 0.882051 1 1 1 1
 0.882051 1 1 1 1
 0.882051 1 1 1 1
 0.882051 1 1 1 1
 0.882051 1 1 1 1
 0.882051 1 1 1 1
 0.882051 1 1 1 1
 0.882051 1 1 1 1
 0.882051 1 1 1 1
 0.882051 1 1 1 1
 0.882051 1 1 1 1
 0.882051 1 1 1 1
 0.882051 1 1 1 1
 0.882051 1 1 1 1
 0.882051 1 1 1 1
 0.882051 1 1 1 1
 0.882051 1 1 1 1
 0.882051 1 1 1 1
 0.882051 1 1 1 1
 0.882051 1 1 1 1
 0.882051 1 1 1 1
pf_obs 
 0.256992 0.487395 0.22802 0.0275931 0
 0.321318 0.546541 0.124235 0.00734118 0.000564706
 0.182869 0.594174 0.210203 0.0122559 0.00049798
 0.330522 0.361315 0.267642 0.0388342 0.00168674
 0.649043 0.306663 0.0425973 0.00169635 0
 0.582887 0.30429 0.105238 0.00758474 0
 0.465427 0.430635 0.0974691 0.00646863 0
 0.296916 0.608066 0.0921331 0.00288517 0
 0.311714 0.524322 0.152257 0.0117073 0
 0.15457 0.633149 0.183074 0.0267441 0.00246327
 0.131901 0.49318 0.331252 0.0422183 0.00144891
 0.196976 0.569456 0.194076 0.0375587 0.00193317
 0.518974 0.381816 0.0799577 0.0180837 0.00116848
 0.0928022 0.601141 0.25162 0.0475244 0.00691264
 0.122501 0.610282 0.24278 0.0234846 0.000952079
 0.383417 0.481906 0.127806 0.00687128 0
 0.0376549 0.599619 0.316969 0.0457579 0
 0.0361596 0.667082 0.258105 0.0386534 0
 0.158088 0.579412 0.248529 0.0139706 0
 0.0477256 0.309471 0.559284 0.082774 0.000745712
 0.0406174 0.521527 0.379366 0.0568643 0.0016247
 0.151134 0.462217 0.34131 0.0453401 0
 0.294876 0.26143 0.354403 0.0886775 0.000613685
 0.281977 0.475581 0.204845 0.0348837 0.00271318
 0.0841818 0.532909 0.334909 0.0458182 0.00218182
 0.115287 0.27431 0.454777 0.147771 0.00785563
 0 0 0 0 0
pf_pred 
 0.297569 0.479096 0.199466 0.023855 1.40142e-05
 0.274901 0.573105 0.120386 0.0283497 0.00325816
 0.146192 0.654681 0.172986 0.0208727 0.00526942
 0.250759 0.476356 0.237367 0.031061 0.00445611
 0.270046 0.493872 0.171893 0.0560427 0.00814602
 0.141944 0.588452 0.20324 0.0486448 0.0177191
 0.256337 0.400473 0.267666 0.0573978 0.0181262
 0.196932 0.571755 0.149177 0.0644791 0.0176565
 0.246333 0.493488 0.209729 0.032947 0.0175036
 0.233715 0.554494 0.161666 0.040695 0.00942987
 0.133226 0.602846 0.213817 0.0385508 0.0115597
 0.141772 0.502539 0.286528 0.0564742 0.0126866
 0.237617 0.472947 0.207048 0.0668845 0.0155032
 0.222908 0.634117 0.110746 0.0234032 0.00882602
 0.293904 0.622116 0.0785205 0.00431191 0.00114718
 0.316547 0.62536 0.0559584 0.00200786 0.000126568
 0.201646 0.651573 0.140146 0.00640247 0.00023255
 0.240509 0.515702 0.216569 0.0260368 0.0011826
 0.215858 0.556651 0.177386 0.044687 0.00541922
 0.268738 0.48546 0.196397 0.0388013 0.0106025
 0.237847 0.550636 0.161292 0.0403982 0.00982661
 0.208967 0.51911 0.217139 0.0420535 0.0127313
 0.252841 0.471814 0.20547 0.0561234 0.0137523
 0.24772 0.523083 0.166968 0.046792 0.0154371
 0.0933083 0.617158 0.226102 0.046586 0.0168459
 0.150208 0.334057 0.394965 0.0949046 0.0258654
 0.187764 0.451305 0.179693 0.139721 0.0415169
pobs_RECLAS
 0 0 0 0 0
 0 0 0 0 0
 0 0 0 0 0
 0 0 0 0 0
 0.835266 0.146461 0.0176864 0.000547809 3.91292e-05
 0.385257 0.428462 0.181853 0.0044286 0
 0.867414 0.0963971 0.0333333 0.00285562 0
 0.441836 0.489002 0.0689373 0.000224442 0
 0.779404 0.147425 0.0564933 0.0165055 0.000172143
 0.814271 0.122319 0.05973 0.00367925 0
 0.40263 0.566651 0.0304383 0.000280538 0
 0.475488 0.404961 0.113038 0.00651328 0
 0.955842 0.0263864 0.0167828 0.000988607 0
 0.975058 0.0227948 0.00214734 0 0
 0.738997 0.206755 0.0527124 0.00153531 0
 0.850938 0.134255 0.0134407 0.00136685 0
 0.542534 0.407297 0.0501686 0 0
 0.764087 0.199537 0.0359546 0.000420521 0
 0.470689 0.182191 0.310203 0.0369168 0
 0.84361 0.089868 0.0606195 0.00523954 0.000663233
 0.607945 0.314616 0.071237 0.00620181 0
 0.523733 0.453247 0.0230204 0 0
 0.530135 0.295979 0.169645 0.0042399 0
 0.562478 0.366248 0.0663022 0.0049721 0
 0.250443 0.683176 0.0655157 0.000865301 0
 0.195077 0.31981 0.436473 0.0351445 0.0134964
 0.565238 0.351407 0.0832357 0.000118908 0
ppred_RECLAS
 0.687291 0.232733 0.0714523 0.00851878 5.02249e-06
 0.654461 0.288785 0.0449726 0.0105627 0.00121833
 0.478512 0.429281 0.0801669 0.00960661 0.00243343
 0.626234 0.260287 0.0987069 0.0129122 0.00185935
 0.643616 0.260735 0.0696267 0.0227087 0.00331325
 0.453575 0.406171 0.105735 0.0252778 0.00924154
 0.639452 0.218297 0.110935 0.0237789 0.00753738
 0.552208 0.343668 0.0671735 0.0289851 0.0079661
 0.62695 0.267773 0.0848769 0.0133057 0.00709456
 0.602261 0.308809 0.0678896 0.01707 0.00397007
 0.444397 0.420552 0.109466 0.0196668 0.00591823
 0.467845 0.349505 0.147202 0.0289276 0.00652174
 0.637748 0.253286 0.0780948 0.0250466 0.00582505
 0.652909 0.306216 0.0318123 0.00657653 0.00248653
 0.737772 0.243605 0.0174406 0.000933122 0.000248835
 0.700359 0.280975 0.0179848 0.000641573 4.05811e-05
 0.559077 0.378317 0.0597846 0.00272186 9.92157e-05
 0.616844 0.283061 0.0889353 0.0106727 0.000486528
 0.578448 0.32228 0.0774195 0.0194811 0.0023712
 0.650021 0.253373 0.0771961 0.0152324 0.0041776
 0.603472 0.306663 0.0685169 0.017159 0.00418944
 0.567984 0.308844 0.0983449 0.0190409 0.00578596
 0.630006 0.256387 0.0847723 0.023143 0.005692
 0.619523 0.285461 0.0692105 0.0193864 0.00641956
 0.337065 0.488385 0.136287 0.0280735 0.0101896
 0.485145 0.236529 0.213121 0.0511993 0.0140061
 0.541513 0.284941 0.0863772 0.0671434 0.0200256
pobs_PELACES
 0 0 0 0 0
 0 0 0 0 0
 0 0 0 0 0
 0 0 0 0 0
 0 0 0 0 0
 0 0 0 0 0
 0 0 0 0 0
 0 0 0 0 0
 0 0 0 0 0
 0 0 0 0 0
 0.450072 0.473896 0.0757376 0.000293798 0
 0 0 0 0 0
 0.463077 0.371075 0.160297 0.00555027 0
 0.529543 0.364841 0.0842815 0.0213345 0
 0.631943 0.363953 0.00410389 0 0
 0.735681 0.248677 0.0153453 0.000297389 0
 0.695825 0.281241 0.0229344 0 0
 0.275771 0.60734 0.115278 0.00161068 0
 0 0 0 0 0
 0.896147 0.0623911 0.0374545 0.00400742 0
 0.803859 0.145111 0.0509908 3.86294e-05 0
 0.739449 0.233085 0.0266225 0.000797448 4.60066e-05
 0.878498 0.100942 0.0204185 0.000141795 0
 0.694673 0.275183 0.0284847 0.00165964 0
 0.469039 0.446079 0.0841089 0.000773354 0
 0.822795 0.102175 0.0682046 0.00682512 0
 0 0 0 0 0
ppred_PELACES
 0.795718 0.160448 0.0393008 0.00453007 2.65604e-06
 0.76366 0.204232 0.0256191 0.0058219 0.000667821
 0.644416 0.306513 0.0428822 0.00494349 0.00124496
 0.721335 0.203155 0.0659254 0.00838403 0.00120097
 0.722494 0.209993 0.049496 0.0157325 0.00228368
 0.573553 0.331691 0.0719877 0.0166967 0.00607165
 0.7368 0.169539 0.0735153 0.0153162 0.00482941
 0.671864 0.263283 0.0423191 0.0176968 0.00483739
 0.741512 0.196077 0.0506443 0.00768856 0.0040772
 0.708777 0.235127 0.0431378 0.0105239 0.00243451
 0.589908 0.327438 0.0674435 0.0117073 0.00350338
 0.612294 0.273908 0.0923197 0.0175445 0.00393357
 0.784264 0.163775 0.0376596 0.0116153 0.00268562
 0.836944 0.15057 0.00983277 0.00192857 0.000724402
 0.890444 0.104738 0.00452821 0.000229132 6.0692e-05
 0.812879 0.178124 0.00868035 0.000298272 1.87583e-05
 0.68943 0.274598 0.0344041 0.00151361 5.48661e-05
 0.729643 0.209746 0.0540423 0.00628377 0.000284901
 0.688734 0.247984 0.0496843 0.0121296 0.00146849
 0.751938 0.188601 0.0478128 0.00915169 0.00249648
 0.69608 0.242957 0.0467942 0.0113995 0.00276874
 0.669157 0.246972 0.0673587 0.0126796 0.0038328
 0.727848 0.198115 0.0556601 0.0147643 0.00361214
 0.716513 0.221318 0.0456502 0.0124255 0.00409289
 0.43716 0.431384 0.103295 0.0206902 0.00747046
 0.599658 0.199712 0.154662 0.0361342 0.0098333
 0.648853 0.231891 0.0602299 0.0455205 0.0135055
pobs_pel_tallas
 0 0 0 0 0 0 0 0 0 0 0 0 0 0 0 0 0 0 0 0 0 0 0 0 0 0 0 0 0 0 0 0 0 0 0 0
 0 0 0 0 0 0 0 0 0 0 0 0 0 0 0 0 0 0 0 0 0 0 0 0 0 0 0 0 0 0 0 0 0 0 0 0
 0 0 0 0 0 0 0 0 0 0 0 0 0 0 0 0 0 0 0 0 0 0 0 0 0 0 0 0 0 0 0 0 0 0 0 0
 0 0 0 0 0 0 0 0 0 0 0 0 0 0 0 0 0 0 0 0 0 0 0 0 0 0 0 0 0 0 0 0 0 0 0 0
 0 0 0 0 0 0 0 0 0 0 0 0 0 0 0 0 0 0 0 0 0 0 0 0 0 0 0 0 0 0 0 0 0 0 0 0
 0 0 0 0 0 0 0 0 0 0 0 0 0 0 0 0 0 0 0 0 0 0 0 0 0 0 0 0 0 0 0 0 0 0 0 0
 0 0 0 0 0 0 0 0 0 0 0 0 0 0 0 0 0 0 0 0 0 0 0 0 0 0 0 0 0 0 0 0 0 0 0 0
 0 0 0 0 0 0 0 0 0 0 0 0 0 0 0 0 0 0 0 0 0 0 0 0 0 0 0 0 0 0 0 0 0 0 0 0
 0 0 0 0 0 0 0 0 0 0 0 0 0 0 0 0 0 0 0 0 0 0 0 0 0 0 0 0 0 0 0 0 0 0 0 0
 0 0 0 0 0 0 0 0 0 0 0 0 0 0 0 0 0 0 0 0 0 0 0 0 0 0 0 0 0 0 0 0 0 0 0 0
 0 0 0 0 0 0 0 0 1.78061e-05 0.00172719 0.00360574 0.0105946 0.0120993 0.0124554 0.0147524 0.0171206 0.0266825 0.0428682 0.0675386 0.121331 0.153587 0.119568 0.100827 0.0573624 0.0630603 0.0341343 0.0324427 0.0444173 0.0211091 0.0280891 0.0125444 0.00206551 0 0 0 0
 0 0 0 0 0 0 0 0 0 0 0 0 0 0 0 0 0 0 0 0 0 0 0 0 0 0 0 0 0 0 0 0 0 0 0 0
 0 0 0 0 0 0 0.0133647 0.0140871 0.0187388 0.0205184 0.03894 0.0496705 0.03968 0.0493445 0.0407372 0.0367815 0.0215668 0.0243155 0.0234873 0.0199281 0.019796 0.0243948 0.0301388 0.0376714 0.0412746 0.0863199 0.0771752 0.113111 0.0741005 0.0525337 0.0229764 0.00759418 0.00175318 0 0 0
 0 0 0 0 0 0 0 0 0 0 0.00219441 0.00772107 0.0458388 0.0604681 0.0671733 0.0775358 0.0609151 0.0617685 0.073594 0.0568108 0.0755445 0.0548602 0.0670107 0.0636378 0.0643287 0.046367 0.0373049 0.0286899 0.0247887 0.0153202 0.00654259 0.00121912 0.000365735 0 0 0
 0 0 0 0 0 0 0 0 0 0 0 0 0.000112435 0.00938835 0.0111873 0.0202946 0.0414886 0.0713402 0.111592 0.104902 0.108894 0.110636 0.117776 0.105296 0.107544 0.0401394 0.0192827 0.0124803 0.00416011 0.0028671 0.000618394 0 0 0 0 0
 0 0 0 0 0 0 0 0 0 0 0.00291406 0.0102884 0.027416 0.0768956 0.0749926 0.110853 0.0956884 0.0897413 0.0766577 0.0534642 0.0500743 0.0551293 0.0594112 0.0620874 0.0668451 0.0424026 0.0208742 0.0120726 0.0048766 0.00582813 0.00118941 0.000297354 0 0 0 0
 0 0.00264628 0.0354308 0.0461629 0.0458689 0.0383711 0.0214643 0.0164657 0.0346957 0.0420465 0.0363128 0.0245516 0.0311673 0.0291091 0.0169068 0.0133784 0.00837989 0.0085269 0.0148486 0.0160247 0.0276389 0.0546898 0.0760071 0.122758 0.109233 0.0665981 0.0333725 0.0166128 0.00676272 0.00308733 0.000882094 0 0 0 0 0
 0 0 0 0 0 0 0 0.000805153 0.000690131 0.00759144 0.0133425 0.0154129 0.00931677 0.000345066 0.00356568 0.00563607 0.00851162 0.0253048 0.0502646 0.0516448 0.0657925 0.0565908 0.0611916 0.0827007 0.0866115 0.110766 0.145733 0.0935128 0.0569358 0.0249597 0.0138026 0.00621118 0.00161031 0.00115022 0 0
 0 0 0 0 0 0 0 0 0 0 0 0 0 0 0 0 0 0 0 0 0 0 0 0 0 0 0 0 0 0 0 0 0 0 0 0
 0.00147267 0.00158595 0.00478618 0.00569244 0.00954404 0.0108468 0.00647125 0.017049 0.0510054 0.094081 0.124002 0.0959785 0.0687766 0.0820023 0.061753 0.0591476 0.0492212 0.0479892 0.0443925 0.0268479 0.0217502 0.0140895 0.0121071 0.0120363 0.00920419 0.00665534 0.0049561 0.00860946 0.00930331 0.0156896 0.0114698 0.00855282 0.00243557 0.00046729 0 2.83206e-05
 0 0 0 0 0.000772559 0.00158375 0.000888443 0.00281984 0.00712685 0.0440552 0.0773331 0.111326 0.0921469 0.0852325 0.0710754 0.0886704 0.0786465 0.0553345 0.0373146 0.0185414 0.00753245 0.00457741 0.012979 0.0271748 0.0457355 0.0583668 0.034881 0.0177882 0.00938659 0.00492506 0.0015258 0.00185414 0.000309023 5.79419e-05 3.86279e-05 0
 0 0.00173294 0.00326652 0 0.00397197 0.00683976 0.00946217 0.0152591 0.00757587 0.0136028 0.0228656 0.0392903 0.0559909 0.0764795 0.0681675 0.0726916 0.0566044 0.0477403 0.0527397 0.0444891 0.0609904 0.0582453 0.0661739 0.0445044 0.0529084 0.0360697 0.0280645 0.0235558 0.0158879 0.00826598 0.00280645 0.00217768 0.000904811 0.00058276 9.20147e-05 0
 0 0 0 0 0 0 0 0 0 0 0 0 0 0 0 0 0 0 0 0 0 0 0 0 0 0 0 0 0 0 0 0 0 0 0 0
 0 0 0 0 0 0 0 0 0 0 0 0 0 0 0 0 0 0 0 0 0 0 0 0 0 0 0 0 0 0 0 0 0 0 0 0
 0 0 0 0 0 0 0 0 0 0 0 0 0 0 0 0 0 0 0 0 0 0 0 0 0 0 0 0 0 0 0 0 0 0 0 0
 0 0 0 0 0 0 0 0 0 0 0 0 0 0 0 0 0 0 0 0 0 0 0 0 0 0 0 0 0 0 0 0 0 0 0 0
 0 0 0 0 0 0 0 0 0 0 0 0 0 0 0 0 0 0 0 0 0 0 0 0 0 0 0 0 0 0 0 0 0 0 0 0
ppred_pel_tallas
 1.00767e-16 3.47163e-05 0.000203761 0.0009686 0.00372918 0.0116291 0.0293742 0.0601033 0.0996272 0.133794 0.145589 0.128405 0.0918853 0.0535614 0.025875 0.0111939 0.00571673 0.00497077 0.00621334 0.00823757 0.0105482 0.012847 0.0148627 0.016346 0.0171132 0.0170869 0.0163109 0.0149339 0.013168 0.0112371 0.00933268 0.00758736 0.00606978 0.00479613 0.00374946 0.00289828
 1.00662e-16 3.33201e-05 0.000195561 0.000929604 0.00357902 0.0111608 0.0281914 0.0576836 0.0956177 0.128414 0.139746 0.12328 0.0882774 0.051579 0.0251428 0.0112616 0.00630656 0.00599729 0.00769833 0.0102263 0.013056 0.0158303 0.0182078 0.019876 0.0206105 0.0203275 0.019102 0.0171447 0.0147459 0.0122073 0.00978169 0.00763811 0.00585545 0.00443842 0.00334494 0.00251323
 1.00937e-16 2.81247e-05 0.00016505 0.00078453 0.00302041 0.00941882 0.0237914 0.0486816 0.0806998 0.108392 0.117989 0.104163 0.0747566 0.0440177 0.0220892 0.0109661 0.00764554 0.00855674 0.0114786 0.0153575 0.019628 0.0238063 0.0273897 0.0299089 0.0310262 0.0306134 0.0287813 0.0258439 0.0222359 0.0184098 0.014746 0.0115004 0.00879438 0.00663822 0.00497174 0.00370444
 1.01347e-16 3.14746e-05 0.000184726 0.000878094 0.00338069 0.0105424 0.0266292 0.0544872 0.0903197 0.1213 0.132008 0.116462 0.083415 0.0487775 0.023852 0.0108133 0.00624434 0.00611296 0.00793958 0.0106126 0.0136364 0.0166667 0.0193666 0.0214193 0.0225864 0.0227592 0.0219794 0.0204186 0.0183288 0.0159795 0.0136037 0.0113658 0.00935626 0.0076052 0.00610499 0.00483174
 1.01419e-16 3.15254e-05 0.000185024 0.000879508 0.00338613 0.0105593 0.0266721 0.054575 0.0904654 0.121496 0.132223 0.116654 0.0835587 0.0488736 0.0239213 0.0108815 0.0063327 0.00623602 0.00810533 0.0108219 0.0138812 0.0169286 0.0196173 0.0216237 0.0227084 0.0227693 0.0218611 0.0201734 0.0179771 0.0155571 0.0131552 0.0109367 0.00898521 0.00731849 0.00591428 0.00473474
 1.01988e-16 2.50358e-05 0.000146913 0.0006983 0.0026884 0.00838343 0.0211761 0.0433307 0.0718315 0.0964861 0.105044 0.0927716 0.0666596 0.0394089 0.0200715 0.010453 0.00791167 0.0092941 0.0126327 0.0169748 0.0217724 0.0265227 0.0306878 0.0337582 0.035359 0.0353338 0.0337765 0.0309958 0.0274291 0.0235357 0.0197043 0.0161999 0.0131542 0.0105916 0.00846988 0.00672033
 1.01851e-16 3.21476e-05 0.00018868 0.000896899 0.00345311 0.0107682 0.0271996 0.055654 0.0922528 0.123893 0.134821 0.118924 0.0851331 0.0496919 0.0241315 0.0106578 0.00576655 0.00533078 0.00682133 0.00912327 0.0117699 0.0144653 0.0169288 0.0188941 0.0201555 0.0206093 0.0202715 0.0192626 0.0177685 0.015992 0.0141103 0.0122518 0.0104919 0.00886499 0.00738138 0.00604237
 1.01521e-16 2.93198e-05 0.00017207 0.000817914 0.00314896 0.00981971 0.0248039 0.050753 0.084132 0.112997 0.122988 0.108546 0.0778338 0.0456928 0.0226769 0.0108423 0.00703575 0.00752014 0.00998254 0.0133522 0.0170959 0.0207902 0.0240046 0.0263368 0.0274946 0.0273622 0.0260242 0.0237362 0.0208551 0.0177519 0.0147377 0.0120203 0.0096976 0.00777865 0.00621846 0.00495136
 1.01238e-16 3.23541e-05 0.00018989 0.000902647 0.00347523 0.0108372 0.0273739 0.0560108 0.0928448 0.12469 0.135694 0.119706 0.0857198 0.0500883 0.0244238 0.0109546 0.0061604 0.0058896 0.00758988 0.0101204 0.0129803 0.0158311 0.0183468 0.020224 0.0212378 0.0212911 0.0204338 0.0188422 0.0167692 0.0144821 0.0122089 0.0101068 0.00825714 0.00667953 0.00535536 0.00425032
 1.01165e-16 3.09282e-05 0.000181515 0.000862825 0.00332189 0.010359 0.0261661 0.0535398 0.0887503 0.119196 0.129725 0.114467 0.0820263 0.0480467 0.0236455 0.010973 0.00668354 0.00682139 0.00894522 0.0119423 0.0152877 0.0185913 0.0214653 0.0235484 0.0245776 0.0244471 0.0232308 0.021156 0.0185416 0.0157212 0.0129759 0.0104961 0.00837449 0.00662403 0.00520822 0.0040703
 1.01631e-16 2.57488e-05 0.000151099 0.000718202 0.00276503 0.0086224 0.0217797 0.0445657 0.0738784 0.0992342 0.108033 0.0954023 0.0685315 0.0404784 0.0205474 0.0105885 0.00787737 0.0091646 0.012424 0.0166788 0.0213752 0.0260121 0.0300566 0.0330053 0.0344894 0.0343575 0.0327078 0.0298519 0.0262297 0.0223028 0.0184622 0.0149745 0.0119723 0.00947889 0.007449 0.00580881
 1.02187e-16 2.67228e-05 0.000156822 0.000745421 0.00286985 0.00894929 0.0226053 0.0462546 0.0766763 0.102987 0.112103 0.0989614 0.0710114 0.0417891 0.0209293 0.0103263 0.00712842 0.00794961 0.0106937 0.014383 0.0185115 0.0226552 0.0263686 0.029226 0.0309049 0.0312555 0.0303282 0.0283469 0.0256426 0.0225694 0.0194333 0.01645 0.0137386 0.0113399 0.00924751 0.00743572
 1.01113e-16 3.42169e-05 0.00020083 0.000954661 0.00367551 0.0114618 0.0289515 0.0592384 0.0981937 0.13187 0.143496 0.126563 0.0905745 0.0528125 0.0255418 0.0110989 0.0057401 0.00505971 0.0063556 0.00843733 0.0108133 0.0131836 0.0152739 0.016831 0.0176689 0.0177084 0.0169931 0.0156716 0.0139558 0.0120687 0.0101988 0.00847494 0.00696166 0.00567193 0.0045874 0.00367758
 1.00289e-16 3.65135e-05 0.000214314 0.00101877 0.00392234 0.0122315 0.0308957 0.0632164 0.104787 0.140721 0.153121 0.135036 0.0966029 0.0562557 0.0270716 0.0115299 0.00561966 0.00462545 0.00565523 0.0074397 0.00946762 0.0114451 0.0131146 0.0142461 0.0146776 0.0143531 0.0133362 0.0117912 0.00994184 0.00801824 0.00621218 0.00465003 0.00338778 0.00242334 0.00171763 0.00121592
 1.0011e-16 3.88444e-05 0.000228003 0.00108386 0.00417297 0.0130131 0.0328699 0.0672553 0.11148 0.149705 0.162883 0.143613 0.10267 0.0596489 0.028443 0.0116648 0.00502285 0.00348337 0.00396864 0.00515123 0.00653792 0.00789132 0.00902603 0.00978125 0.0100451 0.00978038 0.00903346 0.0079217 0.00660364 0.00524228 0.00397315 0.0028853 0.00201768 0.00136768 0.000906017 0.000591933
 1.00193e-16 3.54652e-05 0.000208157 0.000989492 0.00380962 0.0118799 0.0300078 0.0613998 0.101777 0.136682 0.148733 0.131184 0.0938861 0.0547518 0.0264944 0.011535 0.00599151 0.0052922 0.00662724 0.00874888 0.0111297 0.0134394 0.0153762 0.0166684 0.0171257 0.0166841 0.0154218 0.0135377 0.0113006 0.00898716 0.00682767 0.00497367 0.00349178 0.00237825 0.00158409 0.00104081
 1.00633e-16 3.00862e-05 0.000176568 0.000839298 0.0032313 0.0100765 0.0254525 0.05208 0.0863318 0.115951 0.126205 0.111386 0.0798724 0.0468941 0.0232807 0.0111423 0.0072416 0.00774104 0.0102618 0.0136969 0.0174883 0.0211894 0.0243467 0.0265396 0.027467 0.0270172 0.0252939 0.0225841 0.0192835 0.0158032 0.0124889 0.00957269 0.00716391 0.00527002 0.00383331 0.00276752
 1.01065e-16 3.18371e-05 0.000186854 0.000888208 0.00341963 0.0106638 0.0269359 0.0551149 0.0913602 0.122698 0.13353 0.117806 0.0843805 0.0493479 0.0241415 0.0109613 0.00635073 0.00622952 0.00808618 0.0107908 0.0138343 0.0168601 0.0195196 0.0214874 0.0225226 0.0225223 0.0215414 0.0197716 0.0174873 0.0149791 0.0124957 0.0102098 0.00821164 0.00652407 0.00512715 0.00398232
 1.01272e-16 3.00548e-05 0.000176386 0.000838438 0.00322799 0.0100662 0.0254264 0.0520266 0.0862425 0.115829 0.126066 0.11125 0.0797463 0.0467621 0.0231082 0.0108835 0.00684619 0.00715953 0.00945283 0.0126381 0.0161888 0.0197004 0.0227648 0.0250007 0.0261289 0.0260351 0.0247939 0.0226411 0.0199095 0.0169477 0.0140509 0.0114198 0.00915369 0.00726935 0.00573207 0.00448601
 1.01172e-16 3.28084e-05 0.000192558 0.000915331 0.00352407 0.0109895 0.0277586 0.0567979 0.0941492 0.126441 0.137597 0.121378 0.0869045 0.0507541 0.0246991 0.0109942 0.00606486 0.00569766 0.00730369 0.00972985 0.012477 0.0152154 0.0176311 0.0194318 0.0204016 0.0204474 0.0196176 0.0180821 0.0160845 0.0138823 0.0116948 0.00967322 0.00789567 0.00638071 0.0051102 0.00405089
 1.01265e-16 3.03749e-05 0.000178266 0.000847376 0.00326241 0.0101735 0.0256975 0.0525812 0.0871616 0.117063 0.127407 0.112429 0.0805814 0.0472317 0.023303 0.0109127 0.00678086 0.00702699 0.00925452 0.0123665 0.0158375 0.0192686 0.0222598 0.024438 0.0255304 0.0254262 0.0241999 0.0220838 0.0194051 0.0165063 0.0136764 0.0111116 0.00890782 0.00707985 0.00559187 0.00438753
 1.01652e-16 2.92012e-05 0.000171375 0.000814612 0.00313626 0.00978009 0.0247038 0.0505481 0.0837919 0.112539 0.122487 0.108096 0.0774962 0.0454642 0.0225076 0.01067 0.0068077 0.00719838 0.00954346 0.0127884 0.0164209 0.0200432 0.0232505 0.0256607 0.026989 0.0271107 0.0260849 0.0241293 0.021558 0.0187038 0.015851 0.0131967 0.0108439 0.00881985 0.0071047 0.00565964
 1.01531e-16 3.17584e-05 0.000186392 0.000886018 0.00341121 0.0106375 0.0268696 0.0549789 0.0911346 0.122394 0.133196 0.117506 0.0841535 0.0491902 0.024018 0.0108278 0.00616779 0.00596652 0.00772099 0.0103117 0.0132442 0.0161811 0.0187949 0.0207787 0.0219037 0.0220677 0.0213151 0.0198163 0.0178181 0.0155822 0.0133321 0.0112223 0.00933383 0.00768849 0.0062727 0.00505901
 1.01339e-16 3.1265e-05 0.000183494 0.000872234 0.00335812 0.010472 0.0264514 0.0541236 0.0897176 0.120493 0.131134 0.115701 0.082891 0.048514 0.0238026 0.0109239 0.00648956 0.00649678 0.00847884 0.0113193 0.0145042 0.0176631 0.0204307 0.0224668 0.0235219 0.0234928 0.0224438 0.020582 0.0182005 0.0156062 0.0130585 0.0107334 0.00871736 0.00702495 0.00562626 0.00447393
 1.02667e-16 1.90925e-05 0.000112011 0.000532353 0.00204942 0.00639079 0.016143 0.0330334 0.0547666 0.0735807 0.080151 0.0708907 0.0511645 0.0307048 0.0164812 0.00995305 0.00918922 0.0118462 0.0164342 0.0221604 0.0284512 0.0346861 0.0401713 0.0442437 0.0464118 0.0464667 0.0445233 0.0409752 0.036384 0.0313415 0.0263505 0.0217562 0.0177341 0.014322 0.0114733 0.00910655
 1.03962e-16 2.6169e-05 0.000153577 0.000730008 0.00281053 0.00876432 0.022138 0.0452979 0.0750887 0.100849 0.109762 0.0968618 0.0694327 0.0407161 0.0201275 0.00950072 0.00602551 0.00638161 0.0085355 0.0115806 0.0151064 0.0188078 0.0223658 0.0254594 0.0278206 0.0292823 0.0298016 0.0294477 0.0283656 0.0267294 0.0247033 0.0224205 0.0199824 0.0174689 0.0149521 0.0125038
 1.03126e-16 2.83151e-05 0.000166175 0.000789893 0.00304109 0.00948331 0.0239542 0.0490141 0.0812489 0.109123 0.118768 0.104811 0.0751343 0.0440652 0.0217908 0.0102914 0.00651807 0.00686354 0.00910445 0.0122285 0.0157541 0.0193147 0.0225379 0.0250708 0.0266474 0.0271457 0.0266086 0.02522 0.0232471 0.02097 0.0186224 0.0163596 0.0142569 0.0123293 0.0105609 0.00893044
pSPR Fmed_Fpbrs
0.523047   0.6 0.325
Fs Fmed_Fpbrs
0.64   0.459733 1.5946
SSBpbr Bo_Bmed_Bpbrs
854478  404208  469963 234982
Ro
35605.6
SPR SPRFo_SPRFmed_SPRFpbrs
735407 384653 239007
log_Ro
10.3003
likeval ReclasPelacesDesembMPH_pf_preclas_ppelaces_ptallas_desvR_qrecl_qpela
 64.7841 15.1678 0.00944661 0.000565608 329.77 209.033 55.4176 0 16.8262 7.44346e-07 7.16535e-05 1.22079e-14 0 0 0
q_reclas_q_pelaces
0.884922 3.3344
M
0.7
N
 35933.3 10533.6 3382.88 398.371 0.233841
 43422.3 16148.7 2592.74 600.801 68.9896
 21261.9 19688.3 4230.89 504.569 127.303
 30468.9 9013.78 3215.59 412.014 59.0427
 55258.5 14611.5 3502.18 1114.65 161.812
 39782.2 27271.5 6947.43 1631.91 593.841
 76030.9 18622.5 8941.27 1877.89 592.382
 73454.5 36364.3 7101.82 3015.88 825.07
 97405 33950.2 10902.4 1683.88 893.782
 114038 44639.8 9589.42 2368.78 548.345
 63744.5 53431 14729.7 2616.47 783.95
 44337 28430.6 12468 2419.25 543.017
 48132.5 19981.6 7138.01 2279.56 528.06
 25704.7 20320.2 3169.01 665.835 251.029
 14876.2 9261.59 1057.75 57.7947 15.3722
 13046.2 5164.37 371.207 13.1532 0.828578
 9416.8 5614.05 936.91 42.1641 1.53026
 11437 4207.4 1326.39 156.705 7.11101
 12375 5272.52 1238.77 306.257 37.1029
 19314.1 5794.9 1732.91 336.049 91.7349
 25469.7 9024.72 1875.81 459.724 111.696
 31857.3 12297.6 3678.61 697.537 210.935
 51757.5 15290.4 4807.03 1286.49 314.895
 73973 24658.8 5674.05 1557.82 513.378
 34476 35282.9 9223.71 1860.39 671.968
 48354.9 16575.3 13956.4 3282.33 893.548
 62388.8 23283.3 6626.9 5044.83 1497.34
pred_Ctot
 2469.31 3975.66 1655.22 197.955 0.116293
 2729.05 5689.43 1195.12 281.438 32.345
 2257.4 10109.2 2671.13 322.302 81.367
 753.043 1430.52 712.826 93.2778 13.3819
 244.836 447.766 155.846 50.8108 7.38554
 1646.11 6824.2 2356.94 564.126 205.486
 2019.58 3155.18 2108.84 452.216 142.809
 3673.71 10665.9 2782.85 1202.84 329.376
 5427.12 10872.3 4620.67 725.877 385.633
 4647.67 11026.7 3214.91 809.265 187.523
 4698.1 21258.8 7540.06 1359.46 407.643
 2964.39 10507.9 5991.18 1180.85 265.271
 5235.88 10421.3 4562.29 1473.79 341.611
 5167.47 14700.2 2567.34 542.536 204.606
 3286.11 6955.81 877.929 48.2109 12.8265
 1262.34 2493.83 223.153 8.00702 0.504731
 683.149 2207.44 474.793 21.6907 0.787846
 591.877 1269.11 532.963 64.0749 2.9103
 509.099 1312.86 418.363 105.394 12.7812
 823.105 1486.89 601.536 118.843 32.4739
 508.033 1176.14 344.513 86.2891 20.9893
 768.264 1908.5 798.308 154.609 46.8064
 1514.42 2825.99 1230.69 336.158 82.3712
 2106.3 4447.65 1419.69 397.861 131.258
 790.762 5230.24 1916.15 394.804 142.764
 1057.72 2352.34 2781.24 668.293 182.137
 1490.65 3582.9 1426.58 1109.25 329.602
F
 0.0998257 0.701852 1.02822 1.05401 1.05541
 0.090947 0.639428 0.936766 0.960268 0.961537
 0.158164 1.11202 1.62911 1.66998 1.67219
 0.0348992 0.245368 0.359466 0.368484 0.368971
 0.0061778 0.0434347 0.0636321 0.0652285 0.0653147
 0.0590499 0.415167 0.608222 0.623481 0.624305
 0.0375516 0.264017 0.386787 0.39649 0.397015
 0.071771 0.504606 0.739251 0.757797 0.758799
 0.0802521 0.564234 0.826607 0.847345 0.848465
 0.0581384 0.408758 0.598833 0.613856 0.614668
 0.107417 0.755226 1.10641 1.13417 1.13567
 0.0970068 0.682033 0.999183 1.02425 1.0256
 0.162342 1.14139 1.67215 1.7141 1.71636
 0.3208 2.25547 3.30428 3.38718 3.39166
 0.357979 2.51687 3.68723 3.77974 3.78474
 0.143221 1.00695 1.47519 1.5122 1.5142
 0.105651 0.74281 1.08822 1.11552 1.117
 0.0743479 0.522724 0.765793 0.785006 0.786044
 0.0587002 0.412708 0.60462 0.619788 0.620608
 0.0608661 0.427936 0.626929 0.642658 0.643507
 0.0280814 0.197434 0.289242 0.296499 0.296891
 0.03404 0.239328 0.350617 0.359413 0.359888
 0.0414354 0.291323 0.42679 0.437498 0.438076
 0.0403023 0.283356 0.415119 0.425533 0.426096
 0.0323515 0.227456 0.333225 0.341584 0.342036
 0.0308324 0.216776 0.317578 0.325545 0.325976
 0.0337208 0.237083 0.347328 0.356042 0.356513
Np
 25154.3 11959.8 10956.8 2894.45 958.364
YTP_r0W_actual
 15693.8 96953.2 55425.7 54984.7 18130
YTP_p0W_proyectada
 6327.53 124731 76291.2 25343 28633.5
 6327.53 49801.3 91640 31547.3 11604
CTP_r0_actual
 1913.88 4488.57 1765.15 1371.19 407.415
CTP_p0_proyectada
 771.65 5774.58 2429.66 631.994 643.448
 771.65 2305.62 2918.47 786.715 260.765
Wmedp
 8.2 21.6 31.4 40.1 44.5
nmprior
 10.8 10.6 4.6 0
nm_flota  nm_reclas  nm_pelaces    nm_pelaL
inf 22.8709 17.759 56.1288
cv_recla  cv_pelaces  cv_mph
0.697051 0.42663 0.635615
 ------------------------------------------------
Talla a la edad & desviaci?n 
 7.2 14.2025 17.0495 18.207 18.6776
 1.08 2.13037 2.55742 2.73105 2.80164
