years
 1997 1998 1999 2000 2001 2002 2003 2004 2005 2006 2007 2008 2009 2010 2011 2012 2013 2014 2015 2016 2017 2018 2019 2020 2021 2022 2023
reclasobs
 0 0 0 370054 412103 1.49427e+06 250295 1.28982e+06 931140 785840 897777 1.04006e+06 184774 17550 25797 100020 73551 82996 120727 218422 84188 347160 605670 569463 516374 1.08416e+06 1.01767e+06
reclaspred
 503986 129785 328085 215929 344694 437034 955218 665753 755826 789513 678732 465674 278941 112422 67827.8 67793.4 79956 108083 120710 162323 246162 236198 401428 533014 711055 692004 666722
pelacesobs
 0 0 0 0 0 0 0 0 0 2.06254e+06 1.5e+06 0 1.87456e+06 323000 250000 174000 83755 137374 0 501740 490994 745055 786931 1.00524e+06 1.33801e+06 1.41789e+06 0
pelacespred
 2.077e+06 414518 659741 671910 971313 873759 2.56127e+06 2.00254e+06 2.15354e+06 2.23173e+06 1.58653e+06 1.12318e+06 707293 228388 150639 151716 184447 260360 278526 382233 674865 587898 818358 1.26485e+06 1.58075e+06 1.65796e+06 1.59423e+06
mphobs
 0 0 0 0 0 112323 0 153150 637223 0 255016 313432 73983 77613 109348 50772 17779 17303 59886 28197 0 207744 136588 643089 65757 70829 0
mphpred
 154185 84666.3 93324.3 87094.1 98927.4 167211 237216 303224 264399 287774 301924 207021 126590 66756.3 29107.9 24442.2 27049.1 34529.6 43935.2 50509.4 76074.2 93893.5 116091 164902 250498 262205 232416
desembarqueobs
 350755 77701 442110 56441 14545 235359 269955 359681 431902 328805 639364 411747 362871 311530 167758 66681 60226 58785 57116 73181 50977 67692 138656 160484 209506 203330 157117
desembarquepred
 350761 77699.3 442091 56444.8 14545.4 235454 270031 359673 431947 328808 639300 411789 362938 311640 167582 66674.6 60252.5 58778.5 57100 73177.1 50979.5 67681.4 138660 160496 209492 203311 157111
Reclutas
 35926.6 43413.7 21252.4 30460.8 55245.9 39771.5 75997.6 73440.2 97377.8 114025 63756.6 44353.9 48134.9 25704.8 14873.3 13042.5 9412.93 11433 12369.1 19300.1 25448.2 31834.2 51693.2 73761.7 34264.7 47591.7 61925.5
log_desv_Rt
 0.0104421 0.199738 -0.514565 -0.154595 0.440757 0.112113 0.759664 0.725434 1.00756 1.16538 0.584036 0.221164 0.30297 -0.324358 -0.871472 -1.00283 -1.32895 -1.13453 -1.05583 -0.610928 -0.33439 -0.110495 0.37429 0.729803 -0.0369206 0.291622 0.554895
SSB
 432593 237546 261838 244358 277558 469140 665551 850750 741817 807399 847101 580833 355170 187297 81667.4 68576.9 75891 96878.9 123268 141713 213440 263435 325713 462660 702816 735662 652083
BT
 1.5157e+06 365344 624330 441804 567517 670343 1.67834e+06 1.54518e+06 1.64194e+06 1.59291e+06 1.4679e+06 1.00879e+06 757682 417525 223945 141777 154808 197015 205336 278455 428374 391182 559898 852511 1.04036e+06 1.10009e+06 1.02618e+06
Ftot
 1.05487 0.961306 1.67237 0.369128 0.0653347 0.624473 0.397149 0.759105 0.848834 0.614906 1.13607 1.02595 1.71649 3.39144 3.78525 1.51496 1.11766 0.786641 0.621045 0.643991 0.297136 0.360233 0.438531 0.426745 0.343005 0.32774 0.285393
BD_Bspro_t
 0.905667 0.630132 0.547856 0.359431 0.515289 0.696145 0.640362 0.665337 0.598941 0.573741 0.55373 0.39035 0.283958 0.192148 0.105063 0.108022 0.159106 0.255849 0.358993 0.451032 0.581427 0.692176 0.700511 0.709806 0.735766 0.68598 0.667202
BD_Bspro
 0.5891 0.323487 0.356567 0.332763 0.377975 0.638868 0.90634 1.15854 1.0102 1.09951 1.15357 0.790972 0.483666 0.255058 0.111214 0.0933871 0.103347 0.131928 0.167865 0.192983 0.290659 0.358742 0.443552 0.630045 0.957086 1.00181 0.887999
BD_Bo
 0.506711 0.278246 0.3067 0.286225 0.325114 0.549519 0.779583 0.996512 0.868916 0.945735 0.992238 0.68035 0.416023 0.219387 0.0956599 0.0803265 0.0888938 0.113478 0.144388 0.165993 0.250009 0.30857 0.381519 0.54193 0.823232 0.861706 0.763808
BD_Brms
 0.921294 0.505902 0.557636 0.520409 0.591115 0.999126 1.41742 1.81184 1.57985 1.71952 1.80407 1.237 0.756405 0.398885 0.173927 0.146048 0.161625 0.206323 0.262523 0.301806 0.454562 0.561037 0.693671 0.985327 1.49679 1.56674 1.38874
S_f
 0.0946498 0.665143 0.974187 0.998607 0.999927
 0.0946498 0.665143 0.974187 0.998607 0.999927
 0.0946498 0.665143 0.974187 0.998607 0.999927
 0.0946498 0.665143 0.974187 0.998607 0.999927
 0.0946498 0.665143 0.974187 0.998607 0.999927
 0.0946498 0.665143 0.974187 0.998607 0.999927
 0.0946498 0.665143 0.974187 0.998607 0.999927
 0.0946498 0.665143 0.974187 0.998607 0.999927
 0.0946498 0.665143 0.974187 0.998607 0.999927
 0.0946498 0.665143 0.974187 0.998607 0.999927
 0.0946498 0.665143 0.974187 0.998607 0.999927
 0.0946498 0.665143 0.974187 0.998607 0.999927
 0.0946498 0.665143 0.974187 0.998607 0.999927
 0.0946498 0.665143 0.974187 0.998607 0.999927
 0.0946498 0.665143 0.974187 0.998607 0.999927
 0.0946498 0.665143 0.974187 0.998607 0.999927
 0.0946498 0.665143 0.974187 0.998607 0.999927
 0.0946498 0.665143 0.974187 0.998607 0.999927
 0.0946498 0.665143 0.974187 0.998607 0.999927
 0.0946498 0.665143 0.974187 0.998607 0.999927
 0.0946498 0.665143 0.974187 0.998607 0.999927
 0.0946498 0.665143 0.974187 0.998607 0.999927
 0.0946498 0.665143 0.974187 0.998607 0.999927
 0.0946498 0.665143 0.974187 0.998607 0.999927
 0.0946498 0.665143 0.974187 0.998607 0.999927
 0.0946498 0.665143 0.974187 0.998607 0.999927
 0.0946498 0.665143 0.974187 0.998607 0.999927
Scru_reclas
 0.552161 0.861207 0.96897 0.993677 0.998737
 0.552161 0.861207 0.96897 0.993677 0.998737
 0.552161 0.861207 0.96897 0.993677 0.998737
 0.552161 0.861207 0.96897 0.993677 0.998737
 0.552161 0.861207 0.96897 0.993677 0.998737
 0.552161 0.861207 0.96897 0.993677 0.998737
 0.552161 0.861207 0.96897 0.993677 0.998737
 0.552161 0.861207 0.96897 0.993677 0.998737
 0.552161 0.861207 0.96897 0.993677 0.998737
 0.552161 0.861207 0.96897 0.993677 0.998737
 0.552161 0.861207 0.96897 0.993677 0.998737
 0.552161 0.861207 0.96897 0.993677 0.998737
 0.552161 0.861207 0.96897 0.993677 0.998737
 0.552161 0.861207 0.96897 0.993677 0.998737
 0.552161 0.861207 0.96897 0.993677 0.998737
 0.552161 0.861207 0.96897 0.993677 0.998737
 0.552161 0.861207 0.96897 0.993677 0.998737
 0.552161 0.861207 0.96897 0.993677 0.998737
 0.552161 0.861207 0.96897 0.993677 0.998737
 0.552161 0.861207 0.96897 0.993677 0.998737
 0.552161 0.861207 0.96897 0.993677 0.998737
 0.552161 0.861207 0.96897 0.993677 0.998737
 0.552161 0.861207 0.96897 0.993677 0.998737
 0.552161 0.861207 0.96897 0.993677 0.998737
 0.552161 0.861207 0.96897 0.993677 0.998737
 0.552161 0.861207 0.96897 0.993677 0.998737
 0.552161 0.861207 0.96897 0.993677 0.998737
Scru_pelaces
 0.881222 1 1 1 1
 0.881222 1 1 1 1
 0.881222 1 1 1 1
 0.881222 1 1 1 1
 0.881222 1 1 1 1
 0.881222 1 1 1 1
 0.881222 1 1 1 1
 0.881222 1 1 1 1
 0.881222 1 1 1 1
 0.881222 1 1 1 1
 0.881222 1 1 1 1
 0.881222 1 1 1 1
 0.881222 1 1 1 1
 0.881222 1 1 1 1
 0.881222 1 1 1 1
 0.881222 1 1 1 1
 0.881222 1 1 1 1
 0.881222 1 1 1 1
 0.881222 1 1 1 1
 0.881222 1 1 1 1
 0.881222 1 1 1 1
 0.881222 1 1 1 1
 0.881222 1 1 1 1
 0.881222 1 1 1 1
 0.881222 1 1 1 1
 0.881222 1 1 1 1
 0.881222 1 1 1 1
pf_obs 
 0.256992 0.487395 0.22802 0.0275931 0
 0.321318 0.546541 0.124235 0.00734118 0.000564706
 0.182869 0.594174 0.210203 0.0122559 0.00049798
 0.330522 0.361315 0.267642 0.0388342 0.00168674
 0.649043 0.306663 0.0425973 0.00169635 0
 0.582887 0.30429 0.105238 0.00758474 0
 0.465427 0.430635 0.0974691 0.00646863 0
 0.296916 0.608066 0.0921331 0.00288517 0
 0.311714 0.524322 0.152257 0.0117073 0
 0.15457 0.633149 0.183074 0.0267441 0.00246327
 0.131901 0.49318 0.331252 0.0422183 0.00144891
 0.196976 0.569456 0.194076 0.0375587 0.00193317
 0.518974 0.381816 0.0799577 0.0180837 0.00116848
 0.0928022 0.601141 0.25162 0.0475244 0.00691264
 0.122501 0.610282 0.24278 0.0234846 0.000952079
 0.383417 0.481906 0.127806 0.00687128 0
 0.0376549 0.599619 0.316969 0.0457579 0
 0.0361596 0.667082 0.258105 0.0386534 0
 0.158088 0.579412 0.248529 0.0139706 0
 0.0477256 0.309471 0.559284 0.082774 0.000745712
 0.0406174 0.521527 0.379366 0.0568643 0.0016247
 0.151134 0.462217 0.34131 0.0453401 0
 0.294876 0.26143 0.354403 0.0886775 0.000613685
 0.281977 0.475581 0.204845 0.0348837 0.00271318
 0.0841818 0.532909 0.334909 0.0458182 0.00218182
 0.115287 0.27431 0.454777 0.147771 0.00785563
 0 0 0 0 0
pf_pred 
 0.297564 0.479105 0.199462 0.023855 1.39886e-05
 0.274968 0.572982 0.120419 0.0283702 0.00326072
 0.146234 0.654645 0.172958 0.020888 0.0052759
 0.250931 0.476284 0.237268 0.0310572 0.00446019
 0.270199 0.493876 0.171778 0.0560039 0.00814403
 0.142021 0.588478 0.203183 0.0486101 0.0177075
 0.256448 0.400484 0.267579 0.0573767 0.0181124
 0.197079 0.571695 0.149127 0.0644519 0.017647
 0.246488 0.493513 0.209583 0.0329254 0.0174906
 0.233889 0.554462 0.161575 0.0406525 0.00942033
 0.133362 0.602883 0.213691 0.0385188 0.0115449
 0.141929 0.502652 0.286335 0.0564157 0.0126694
 0.237736 0.473039 0.206937 0.0668083 0.0154795
 0.22301 0.63405 0.11073 0.023393 0.00881657
 0.294032 0.622022 0.0784852 0.00431315 0.00114707
 0.316751 0.625215 0.0559014 0.00200648 0.000126573
 0.201787 0.65158 0.140007 0.00639273 0.00023229
 0.24071 0.515707 0.216406 0.0259971 0.00118021
 0.216005 0.556706 0.177252 0.0446285 0.00540796
 0.268871 0.485486 0.196301 0.038758 0.0105841
 0.237968 0.55063 0.161223 0.0403676 0.00981189
 0.209114 0.519096 0.217045 0.0420272 0.0127175
 0.252917 0.471892 0.205368 0.0560848 0.013739
 0.247567 0.523233 0.166994 0.0467775 0.0154288
 0.093078 0.617163 0.226283 0.0466246 0.0168513
 0.148914 0.334084 0.395856 0.0952019 0.0259438
 0.185282 0.448921 0.181841 0.141788 0.0421683
pobs_RECLAS
 0 0 0 0 0
 0 0 0 0 0
 0 0 0 0 0
 0 0 0 0 0
 0.835266 0.146461 0.0176864 0.000547809 3.91292e-05
 0.385257 0.428462 0.181853 0.0044286 0
 0.867414 0.0963971 0.0333333 0.00285562 0
 0.441836 0.489002 0.0689373 0.000224442 0
 0.779404 0.147425 0.0564933 0.0165055 0.000172143
 0.814271 0.122319 0.05973 0.00367925 0
 0.40263 0.566651 0.0304383 0.000280538 0
 0.475488 0.404961 0.113038 0.00651328 0
 0.955842 0.0263864 0.0167828 0.000988607 0
 0.975058 0.0227948 0.00214734 0 0
 0.738997 0.206755 0.0527124 0.00153531 0
 0.850938 0.134255 0.0134407 0.00136685 0
 0.542534 0.407297 0.0501686 0 0
 0.764087 0.199537 0.0359546 0.000420521 0
 0.470689 0.182191 0.310203 0.0369168 0
 0.84361 0.089868 0.0606195 0.00523954 0.000663233
 0.607945 0.314616 0.071237 0.00620181 0
 0.523733 0.453247 0.0230204 0 0
 0.530135 0.295979 0.169645 0.0042399 0
 0.562478 0.366248 0.0663022 0.0049721 0
 0.250443 0.683176 0.0655157 0.000865301 0
 0.195077 0.31981 0.436473 0.0351445 0.0134964
 0.565238 0.351407 0.0832357 0.000118908 0
ppred_RECLAS
 0.687335 0.232699 0.0714429 0.00851754 5.01254e-06
 0.654602 0.288638 0.044973 0.0105672 0.00121891
 0.478674 0.429144 0.0801352 0.0096111 0.00243574
 0.626512 0.260111 0.0986135 0.0129033 0.00185997
 0.64385 0.260612 0.0695463 0.0226811 0.00331067
 0.453798 0.40605 0.10567 0.0252503 0.0092319
 0.639647 0.218212 0.110853 0.0237594 0.00752814
 0.552508 0.34346 0.0671174 0.0289572 0.00795742
 0.627206 0.267646 0.0847731 0.0132894 0.00708516
 0.602558 0.308622 0.0678141 0.0170421 0.00396368
 0.444755 0.420355 0.109343 0.0196393 0.00590721
 0.468226 0.349373 0.147014 0.0288792 0.00650871
 0.637952 0.253211 0.0780176 0.0250059 0.00581325
 0.653111 0.306037 0.0317978 0.0065715 0.00248303
 0.737975 0.24342 0.017424 0.000932904 0.000248679
 0.700628 0.280736 0.017955 0.0006407 4.05552e-05
 0.559366 0.378125 0.0596937 0.00271616 9.90467e-05
 0.617168 0.282886 0.0888108 0.0106491 0.000485208
 0.578722 0.322147 0.077321 0.0194446 0.00236491
 0.650236 0.253268 0.077121 0.0152074 0.00416812
 0.603694 0.306529 0.0684579 0.0171378 0.00418114
 0.568269 0.308683 0.0982529 0.0190186 0.00577651
 0.63016 0.256339 0.0846992 0.0231177 0.00568411
 0.619401 0.285574 0.0692275 0.0193813 0.00641635
 0.33654 0.488678 0.136473 0.0281114 0.010198
 0.482741 0.237337 0.214302 0.0515259 0.0140939
 0.536826 0.285564 0.0882598 0.0688096 0.0205407
pobs_PELACES
 0 0 0 0 0
 0 0 0 0 0
 0 0 0 0 0
 0 0 0 0 0
 0 0 0 0 0
 0 0 0 0 0
 0 0 0 0 0
 0 0 0 0 0
 0 0 0 0 0
 0 0 0 0 0
 0.450072 0.473896 0.0757376 0.000293798 0
 0 0 0 0 0
 0.463077 0.371075 0.160297 0.00555027 0
 0.529543 0.364841 0.0842815 0.0213345 0
 0.631943 0.363953 0.00410389 0 0
 0.735681 0.248677 0.0153453 0.000297389 0
 0.695825 0.281241 0.0229344 0 0
 0.275771 0.60734 0.115278 0.00161068 0
 0 0 0 0 0
 0.896147 0.0623911 0.0374545 0.00400742 0
 0.803859 0.145111 0.0509908 3.86294e-05 0
 0.739449 0.233085 0.0266225 0.000797448 4.60066e-05
 0.878498 0.100942 0.0204185 0.000141795 0
 0.694673 0.275183 0.0284847 0.00165964 0
 0.469039 0.446079 0.0841089 0.000773354 0
 0.822795 0.102175 0.0682046 0.00682512 0
 0 0 0 0 0
ppred_PELACES
 0.795451 0.160644 0.0393645 0.00453767 2.65565e-06
 0.763458 0.204379 0.0256598 0.00583396 0.000669247
 0.644183 0.306697 0.0429195 0.00495242 0.00124782
 0.721224 0.203233 0.0659504 0.00838989 0.00120306
 0.722343 0.210129 0.0495071 0.015736 0.00228522
 0.57335 0.331858 0.0720214 0.0166977 0.00607236
 0.736619 0.169662 0.0735626 0.0153257 0.00483051
 0.67176 0.263366 0.0423344 0.017702 0.00483826
 0.741396 0.196188 0.0506489 0.00768974 0.00407746
 0.708679 0.235221 0.043145 0.0105208 0.00243389
 0.589852 0.32751 0.067434 0.0117032 0.00350057
 0.612244 0.273998 0.092294 0.0175338 0.00392993
 0.784114 0.16391 0.0376778 0.0116143 0.00268436
 0.836835 0.150664 0.00984507 0.00193055 0.000724691
 0.890397 0.104781 0.00453125 0.000229469 6.07583e-05
 0.81284 0.178165 0.00867778 0.000298291 1.87733e-05
 0.689338 0.274703 0.0343914 0.00151228 5.48401e-05
 0.729588 0.209818 0.0540321 0.00627788 0.000284492
 0.688614 0.248117 0.0496808 0.0121222 0.00146648
 0.751801 0.188726 0.0478298 0.00914939 0.0024943
 0.695915 0.243103 0.0468143 0.0114008 0.00276702
 0.669037 0.247075 0.0673758 0.0126806 0.00383137
 0.727644 0.19829 0.0556852 0.0147684 0.00361214
 0.716078 0.221661 0.0457241 0.01244 0.00409675
 0.436206 0.432022 0.103546 0.0207412 0.0074851
 0.597028 0.200781 0.155835 0.0364403 0.0099156
 0.640647 0.234979 0.0626967 0.047555 0.0141222
pobs_pel_tallas
 0 0 0 0 0 0 0 0 0 0 0 0 0 0 0 0 0 0 0 0 0 0 0 0 0 0 0 0 0 0 0 0 0 0 0 0
 0 0 0 0 0 0 0 0 0 0 0 0 0 0 0 0 0 0 0 0 0 0 0 0 0 0 0 0 0 0 0 0 0 0 0 0
 0 0 0 0 0 0 0 0 0 0 0 0 0 0 0 0 0 0 0 0 0 0 0 0 0 0 0 0 0 0 0 0 0 0 0 0
 0 0 0 0 0 0 0 0 0 0 0 0 0 0 0 0 0 0 0 0 0 0 0 0 0 0 0 0 0 0 0 0 0 0 0 0
 0 0 0 0 0 0 0 0 0 0 0 0 0 0 0 0 0 0 0 0 0 0 0 0 0 0 0 0 0 0 0 0 0 0 0 0
 0 0 0 0 0 0 0 0 0 0 0 0 0 0 0 0 0 0 0 0 0 0 0 0 0 0 0 0 0 0 0 0 0 0 0 0
 0 0 0 0 0 0 0 0 0 0 0 0 0 0 0 0 0 0 0 0 0 0 0 0 0 0 0 0 0 0 0 0 0 0 0 0
 0 0 0 0 0 0 0 0 0 0 0 0 0 0 0 0 0 0 0 0 0 0 0 0 0 0 0 0 0 0 0 0 0 0 0 0
 0 0 0 0 0 0 0 0 0 0 0 0 0 0 0 0 0 0 0 0 0 0 0 0 0 0 0 0 0 0 0 0 0 0 0 0
 0 0 0 0 0 0 0 0 0 0 0 0 0 0 0 0 0 0 0 0 0 0 0 0 0 0 0 0 0 0 0 0 0 0 0 0
 0 0 0 0 0 0 0 0 1.78061e-05 0.00172719 0.00360574 0.0105946 0.0120993 0.0124554 0.0147524 0.0171206 0.0266825 0.0428682 0.0675386 0.121331 0.153587 0.119568 0.100827 0.0573624 0.0630603 0.0341343 0.0324427 0.0444173 0.0211091 0.0280891 0.0125444 0.00206551 0 0 0 0
 0 0 0 0 0 0 0 0 0 0 0 0 0 0 0 0 0 0 0 0 0 0 0 0 0 0 0 0 0 0 0 0 0 0 0 0
 0 0 0 0 0 0 0.0133647 0.0140871 0.0187388 0.0205184 0.03894 0.0496705 0.03968 0.0493445 0.0407372 0.0367815 0.0215668 0.0243155 0.0234873 0.0199281 0.019796 0.0243948 0.0301388 0.0376714 0.0412746 0.0863199 0.0771752 0.113111 0.0741005 0.0525337 0.0229764 0.00759418 0.00175318 0 0 0
 0 0 0 0 0 0 0 0 0 0 0.00219441 0.00772107 0.0458388 0.0604681 0.0671733 0.0775358 0.0609151 0.0617685 0.073594 0.0568108 0.0755445 0.0548602 0.0670107 0.0636378 0.0643287 0.046367 0.0373049 0.0286899 0.0247887 0.0153202 0.00654259 0.00121912 0.000365735 0 0 0
 0 0 0 0 0 0 0 0 0 0 0 0 0.000112435 0.00938835 0.0111873 0.0202946 0.0414886 0.0713402 0.111592 0.104902 0.108894 0.110636 0.117776 0.105296 0.107544 0.0401394 0.0192827 0.0124803 0.00416011 0.0028671 0.000618394 0 0 0 0 0
 0 0 0 0 0 0 0 0 0 0 0.00291406 0.0102884 0.027416 0.0768956 0.0749926 0.110853 0.0956884 0.0897413 0.0766577 0.0534642 0.0500743 0.0551293 0.0594112 0.0620874 0.0668451 0.0424026 0.0208742 0.0120726 0.0048766 0.00582813 0.00118941 0.000297354 0 0 0 0
 0 0.00264628 0.0354308 0.0461629 0.0458689 0.0383711 0.0214643 0.0164657 0.0346957 0.0420465 0.0363128 0.0245516 0.0311673 0.0291091 0.0169068 0.0133784 0.00837989 0.0085269 0.0148486 0.0160247 0.0276389 0.0546898 0.0760071 0.122758 0.109233 0.0665981 0.0333725 0.0166128 0.00676272 0.00308733 0.000882094 0 0 0 0 0
 0 0 0 0 0 0 0 0.000805153 0.000690131 0.00759144 0.0133425 0.0154129 0.00931677 0.000345066 0.00356568 0.00563607 0.00851162 0.0253048 0.0502646 0.0516448 0.0657925 0.0565908 0.0611916 0.0827007 0.0866115 0.110766 0.145733 0.0935128 0.0569358 0.0249597 0.0138026 0.00621118 0.00161031 0.00115022 0 0
 0 0 0 0 0 0 0 0 0 0 0 0 0 0 0 0 0 0 0 0 0 0 0 0 0 0 0 0 0 0 0 0 0 0 0 0
 0.00147267 0.00158595 0.00478618 0.00569244 0.00954404 0.0108468 0.00647125 0.017049 0.0510054 0.094081 0.124002 0.0959785 0.0687766 0.0820023 0.061753 0.0591476 0.0492212 0.0479892 0.0443925 0.0268479 0.0217502 0.0140895 0.0121071 0.0120363 0.00920419 0.00665534 0.0049561 0.00860946 0.00930331 0.0156896 0.0114698 0.00855282 0.00243557 0.00046729 0 2.83206e-05
 0 0 0 0 0.000772559 0.00158375 0.000888443 0.00281984 0.00712685 0.0440552 0.0773331 0.111326 0.0921469 0.0852325 0.0710754 0.0886704 0.0786465 0.0553345 0.0373146 0.0185414 0.00753245 0.00457741 0.012979 0.0271748 0.0457355 0.0583668 0.034881 0.0177882 0.00938659 0.00492506 0.0015258 0.00185414 0.000309023 5.79419e-05 3.86279e-05 0
 0 0.00173294 0.00326652 0 0.00397197 0.00683976 0.00946217 0.0152591 0.00757587 0.0136028 0.0228656 0.0392903 0.0559909 0.0764795 0.0681675 0.0726916 0.0566044 0.0477403 0.0527397 0.0444891 0.0609904 0.0582453 0.0661739 0.0445044 0.0529084 0.0360697 0.0280645 0.0235558 0.0158879 0.00826598 0.00280645 0.00217768 0.000904811 0.00058276 9.20147e-05 0
 0 0 0 0 0 0 0 0 0 0 0 0 0 0 0 0 0 0 0 0 0 0 0 0 0 0 0 0 0 0 0 0 0 0 0 0
 0 0 0 0 0 0 0 0 0 0 0 0 0 0 0 0 0 0 0 0 0 0 0 0 0 0 0 0 0 0 0 0 0 0 0 0
 0 0 0 0 0 0 0 0 0 0 0 0 0 0 0 0 0 0 0 0 0 0 0 0 0 0 0 0 0 0 0 0 0 0 0 0
 0 0 0 0 0 0 0 0 0 0 0 0 0 0 0 0 0 0 0 0 0 0 0 0 0 0 0 0 0 0 0 0 0 0 0 0
 0 0 0 0 0 0 0 0 0 0 0 0 0 0 0 0 0 0 0 0 0 0 0 0 0 0 0 0 0 0 0 0 0 0 0 0
ppred_pel_tallas
 1.00768e-16 3.47046e-05 0.000203693 0.000968275 0.00372793 0.0116252 0.0293643 0.0600831 0.0995937 0.133749 0.14554 0.128362 0.091855 0.0535443 0.025868 0.011193 0.00571924 0.00497579 0.00622082 0.00824777 0.0105613 0.0128631 0.0148814 0.0163666 0.0171349 0.0171088 0.0163321 0.0149535 0.0131855 0.0112523 0.00934566 0.00759817 0.00607864 0.00480331 0.00375519 0.00290279
 1.00663e-16 3.33113e-05 0.000195509 0.000929358 0.00357807 0.0111579 0.028184 0.0576684 0.0955925 0.12838 0.139709 0.123247 0.0882545 0.0515661 0.0251375 0.0112608 0.00630845 0.00600107 0.00770395 0.010234 0.0130659 0.0158423 0.0182218 0.0198914 0.0206268 0.0203439 0.0191179 0.0171594 0.0147591 0.0122189 0.00979154 0.00764639 0.00586232 0.00444407 0.00334954 0.00251693
 1.00938e-16 2.81146e-05 0.00016499 0.000784247 0.00301932 0.00941542 0.0237828 0.048664 0.0806707 0.108353 0.117946 0.104126 0.0747302 0.0440029 0.0220831 0.0109654 0.00764791 0.00856137 0.0114854 0.0153668 0.01964 0.0238209 0.0274066 0.0299275 0.0310456 0.0306328 0.0287998 0.0258608 0.0222508 0.0184225 0.0147566 0.0115091 0.00880137 0.00664382 0.00497619 0.00370796
 1.01347e-16 3.14698e-05 0.000184698 0.000877959 0.00338017 0.0105407 0.0266251 0.0544788 0.0903059 0.121282 0.131988 0.116445 0.0834025 0.0487704 0.023849 0.0108129 0.00624532 0.00611496 0.00794257 0.0106167 0.0136417 0.0166731 0.0193741 0.0214276 0.0225951 0.0227681 0.021988 0.0204267 0.0183361 0.015986 0.0136092 0.0113705 0.00936026 0.00760852 0.00610773 0.00483396
 1.01419e-16 3.15188e-05 0.000184985 0.000879323 0.00338543 0.0105571 0.0266665 0.0545635 0.0904464 0.121471 0.132195 0.11663 0.0835416 0.048864 0.0239174 0.0108811 0.00633446 0.00623937 0.00811026 0.0108286 0.0138897 0.0169389 0.0196292 0.0216366 0.0227218 0.0227824 0.0218733 0.0201844 0.0179864 0.0155647 0.0131612 0.0109413 0.00898871 0.00732109 0.00591622 0.00473619
 1.01988e-16 2.5027e-05 0.000146861 0.000698053 0.00268745 0.00838046 0.0211686 0.0433154 0.0718062 0.096452 0.105007 0.092739 0.0666366 0.0393961 0.0200663 0.0104525 0.00791386 0.00929831 0.0126389 0.0169833 0.0217833 0.0265359 0.030703 0.0337749 0.0353764 0.035351 0.0337928 0.0310106 0.027442 0.0235465 0.0197131 0.0162069 0.0131597 0.0105958 0.00847307 0.00672274
 1.01852e-16 3.21397e-05 0.000188634 0.000896679 0.00345226 0.0107656 0.0271929 0.0556404 0.0922302 0.123863 0.134788 0.118895 0.0851126 0.0496804 0.0241267 0.0106571 0.0057681 0.00533395 0.00682607 0.00912975 0.0117782 0.0144756 0.0169408 0.0189075 0.0201697 0.0206237 0.0202856 0.0192758 0.0177806 0.0160027 0.0141197 0.0122597 0.0104986 0.00887058 0.00738596 0.00604608
 1.01522e-16 2.93153e-05 0.000172043 0.000817787 0.00314848 0.00981819 0.0248001 0.0507451 0.0841189 0.112979 0.122969 0.108529 0.077822 0.0456862 0.0226742 0.010842 0.00703682 0.00752222 0.00998562 0.0133564 0.0171013 0.0207968 0.0240121 0.0263451 0.0275033 0.0273709 0.0260324 0.0237438 0.0208618 0.0177576 0.0147424 0.0120242 0.0097007 0.00778113 0.00622045 0.00495293
 1.01238e-16 3.2349e-05 0.00018986 0.000902505 0.00347468 0.0108355 0.0273696 0.056002 0.0928303 0.124671 0.135672 0.119687 0.0857066 0.050081 0.0244209 0.0109544 0.00616185 0.00589232 0.00759387 0.0101258 0.0129872 0.0158394 0.0183564 0.0202344 0.0212484 0.0213015 0.0204434 0.0188506 0.0167763 0.0144877 0.0122132 0.0101099 0.00825936 0.00668106 0.0053564 0.00425103
 1.01165e-16 3.0924e-05 0.000181491 0.000862706 0.00332144 0.0103576 0.0261625 0.0535324 0.0887381 0.119179 0.129707 0.114451 0.0820153 0.0480405 0.0236431 0.0109729 0.00668478 0.0068237 0.00894863 0.0119469 0.0152935 0.0185984 0.0214734 0.0235572 0.0245866 0.0244559 0.0232389 0.0211631 0.0185475 0.0157258 0.0129794 0.0104986 0.00837617 0.0066251 0.00520886 0.00407065
 1.0163e-16 2.57464e-05 0.000151085 0.000718135 0.00276477 0.00862159 0.0217777 0.0445615 0.0738715 0.0992249 0.108023 0.0953934 0.0685252 0.0404749 0.0205461 0.0105886 0.00787836 0.00916632 0.0124265 0.0166822 0.0213795 0.0260172 0.0300623 0.0330114 0.0344954 0.0343632 0.0327127 0.0298559 0.0262327 0.0223047 0.0184631 0.0149747 0.011972 0.00947822 0.00744817 0.00580793
 1.02186e-16 2.67206e-05 0.000156809 0.00074536 0.00286961 0.00894855 0.0226035 0.0462508 0.07667 0.102978 0.112094 0.0989534 0.0710057 0.041786 0.0209282 0.0103266 0.00712967 0.00795171 0.0106968 0.014387 0.0185166 0.0226612 0.0263753 0.0292329 0.0309116 0.0312615 0.0303332 0.0283505 0.0256447 0.0225701 0.0194327 0.0164486 0.0137365 0.0113375 0.00924509 0.00743345
 1.01113e-16 3.42104e-05 0.000200791 0.000954478 0.00367481 0.0114596 0.0289459 0.059227 0.0981748 0.131844 0.143468 0.126539 0.0905574 0.0528029 0.025538 0.0110985 0.00574187 0.00506306 0.00636054 0.00844403 0.0108218 0.013194 0.0152858 0.016844 0.0176824 0.0177216 0.0170054 0.0156826 0.0139652 0.0120763 0.0102048 0.00847945 0.00696498 0.00567431 0.00458908 0.00367874
 1.0029e-16 3.65087e-05 0.000214286 0.00101864 0.00392183 0.0122299 0.0308917 0.0632082 0.104773 0.140703 0.153101 0.135019 0.0965906 0.0562488 0.0270689 0.0115296 0.0056209 0.00462781 0.0056587 0.00744442 0.00947366 0.0114524 0.0131231 0.0142553 0.0146871 0.0143625 0.013345 0.0117992 0.00994864 0.00802386 0.00621668 0.00465353 0.00339046 0.00242536 0.00171914 0.00121705
 1.0011e-16 3.88424e-05 0.000227991 0.0010838 0.00417275 0.0130124 0.0328681 0.0672517 0.111474 0.149697 0.162874 0.143606 0.102664 0.0596459 0.0284418 0.0116647 0.00502343 0.00348445 0.00397022 0.00515338 0.00654066 0.00789464 0.00902984 0.00978538 0.0100494 0.00978454 0.00903733 0.00792511 0.00660651 0.00524459 0.00397493 0.00288663 0.00201864 0.00136836 0.000906491 0.000592263
 1.00193e-16 3.54635e-05 0.000208147 0.000989445 0.00380943 0.0118794 0.0300064 0.0613969 0.101772 0.136675 0.148726 0.131178 0.0938817 0.0547494 0.0264934 0.011535 0.00599206 0.0052932 0.0066287 0.00875085 0.0111322 0.0134424 0.0153796 0.0166721 0.0171295 0.0166877 0.0154251 0.0135405 0.0113028 0.00898883 0.00682884 0.00497442 0.00349222 0.00237847 0.00158418 0.00104082
 1.00633e-16 3.00822e-05 0.000176545 0.000839187 0.00323087 0.0100751 0.0254491 0.0520731 0.0863203 0.115936 0.126188 0.111371 0.0798621 0.0468884 0.0232785 0.0111423 0.00724302 0.00774358 0.0102655 0.0137019 0.0174946 0.021197 0.0243552 0.0265488 0.0274762 0.027026 0.0253017 0.0225906 0.0192885 0.0158068 0.0124912 0.00957396 0.00716441 0.00527002 0.00383302 0.0027671
 1.01065e-16 3.18347e-05 0.000186839 0.000888141 0.00341937 0.010663 0.0269339 0.0551107 0.0913533 0.122689 0.13352 0.117797 0.0843743 0.0493445 0.0241402 0.0109614 0.00635171 0.00623124 0.00808866 0.0107941 0.0138386 0.0168652 0.0195253 0.0214934 0.0225286 0.0225279 0.0215463 0.0197756 0.0174902 0.014981 0.0124966 0.01021 0.00821132 0.00652343 0.00512636 0.0039815
 1.01272e-16 3.00496e-05 0.000176356 0.000838292 0.00322743 0.0100644 0.025422 0.0520175 0.0862275 0.115809 0.126045 0.111231 0.0797328 0.0467546 0.0231053 0.0108835 0.00684797 0.00716275 0.00945753 0.0126445 0.0161969 0.0197101 0.0227758 0.0250125 0.0261408 0.0260466 0.0248042 0.0226498 0.0199164 0.0169527 0.0140542 0.0114217 0.00915455 0.00726947 0.00573174 0.00448545
 1.01172e-16 3.28024e-05 0.000192523 0.000915164 0.00352343 0.0109875 0.0277535 0.0567875 0.0941321 0.126418 0.137572 0.121356 0.0868889 0.0507454 0.0246956 0.0109939 0.0060665 0.00570075 0.00730825 0.00973602 0.0124849 0.015225 0.017642 0.0194438 0.0204139 0.0204595 0.0196289 0.0180921 0.016093 0.0138892 0.0117001 0.00967717 0.0078985 0.00638268 0.00511153 0.00405176
 1.01265e-16 3.03677e-05 0.000178224 0.000847175 0.00326163 0.0101711 0.0256914 0.0525687 0.0871409 0.117035 0.127377 0.112402 0.0805626 0.0472213 0.0232988 0.0109123 0.00678277 0.00703062 0.00925988 0.0123738 0.0158468 0.0192799 0.0222728 0.0244521 0.025545 0.0254406 0.0242133 0.0220958 0.0194154 0.0165147 0.0136831 0.0111167 0.00891164 0.00708265 0.00559389 0.00438897
 1.01652e-16 2.91959e-05 0.000171344 0.000814466 0.0031357 0.00977834 0.0246994 0.050539 0.0837769 0.112519 0.122465 0.108077 0.0774826 0.0454566 0.0225045 0.0106697 0.00680905 0.00720096 0.00954726 0.0127936 0.0164275 0.0200513 0.0232597 0.0256707 0.0269995 0.027121 0.0260946 0.024138 0.0215655 0.01871 0.0158559 0.0132005 0.0108468 0.00882201 0.00710629 0.00566078
 1.01532e-16 3.17495e-05 0.00018634 0.00088577 0.00341025 0.0106345 0.026862 0.0549635 0.0911091 0.12236 0.133159 0.117474 0.0841303 0.0491772 0.0240128 0.0108273 0.00617007 0.00597089 0.00772744 0.0103204 0.0132555 0.0161947 0.0188105 0.0207958 0.0219214 0.0220852 0.0213316 0.0198311 0.0178309 0.0155928 0.0133407 0.011229 0.00933895 0.00769237 0.00627561 0.00506119
 1.01341e-16 3.12461e-05 0.000183383 0.000871705 0.00335609 0.0104656 0.0264354 0.0540908 0.0896632 0.12042 0.131054 0.115631 0.0828417 0.0484863 0.0237913 0.0109226 0.00649398 0.00650543 0.00849168 0.0113368 0.0145267 0.0176904 0.0204623 0.0225015 0.0235582 0.0235291 0.0224783 0.0206136 0.0182284 0.01563 0.0130784 0.0107496 0.0087304 0.00703535 0.00563449 0.0044804
 1.02674e-16 1.9051e-05 0.000111767 0.000531192 0.00204495 0.00637685 0.0161078 0.0329614 0.0546473 0.0734204 0.0799769 0.0707376 0.051056 0.0306437 0.0164558 0.00994899 0.00919727 0.0118628 0.0164589 0.0221943 0.028495 0.0347398 0.040234 0.0443135 0.046486 0.0465422 0.0445972 0.041045 0.0364479 0.0313985 0.0264004 0.0217991 0.0177705 0.0143526 0.0114985 0.00912708
 1.03994e-16 2.60543e-05 0.000152904 0.000726808 0.0027982 0.00872589 0.022041 0.0450994 0.0747595 0.100407 0.109282 0.0964391 0.0691325 0.0405455 0.0200535 0.00948307 0.0060376 0.00641229 0.008583 0.0116469 0.0151937 0.0189178 0.0224983 0.0256126 0.0279911 0.0294657 0.0299927 0.0296414 0.0285573 0.026915 0.0248792 0.0225839 0.020131 0.017601 0.0150666 0.0126007
 1.03261e-16 2.79575e-05 0.000164074 0.000779908 0.00300264 0.00936342 0.0236514 0.0483945 0.0802221 0.107744 0.117269 0.103492 0.0741969 0.043532 0.0215578 0.010233 0.00655045 0.00695109 0.00924087 0.012419 0.0160057 0.019632 0.0229214 0.025516 0.0271459 0.0276861 0.0271782 0.0258059 0.0238373 0.0215537 0.0191896 0.0169013 0.0147644 0.012795 0.0109787 0.00929603
pSPR Fmed_Fpbrs
0.522992   0.6 0.325
Fs Fmed_Fpbrs
0.64   0.459636 1.59405
SSBpbr Bo_Bmed_Bpbrs
853727  403806  469550 234775
Ro
35553.4
SPR SPRFo_SPRFmed_SPRFpbrs
734329 384048 238657
log_Ro
10.2988
likeval ReclasPelacesDesembMPH_pf_preclas_ppelaces_ptallas_desvR_qrecl_qpela
 64.7628 15.1379 0.00945124 0.00056485 329.764 209.009 55.4269 0 16.8009 7.44945e-07 7.18908e-05 3.06916e-14 0 0 0
q_reclas_q_pelaces
0.884878 3.34105
M
0.7
N
 35926.6 10536.1 3384 398.515 0.233499
 43413.7 16145.4 2593.91 601.349 69.0569
 21252.4 19683.6 4230.12 504.935 127.458
 30460.8 9008.62 3213.69 411.899 59.0876
 55245.9 14607 3499.64 1113.85 161.767
 39771.5 27265.2 6945.17 1630.7 593.435
 75997.6 18616.4 8937.41 1877.03 591.878
 73440.2 36347 7098.5 3014.24 824.528
 97377.8 33940.9 10893.8 1682.65 893.052
 114025 44623.3 9583.33 2366.17 547.761
 63756.6 53421.6 14720.7 2614.29 782.941
 44353.9 28432.8 12460.5 2416.95 542.332
 48134.9 19987.3 7135.92 2277.54 527.387
 25704.8 20318.7 3168.91 665.619 250.789
 14873.3 9259.77 1057.33 57.8145 15.3715
 13042.5 5161.83 370.813 13.1438 0.828594
 9412.93 5611.51 935.78 42.0913 1.52824
 11433 4205.1 1325 156.424 7.09471
 12369.1 5270.09 1237.47 305.77 37.0154
 19300.1 5791.68 1731.46 335.563 91.5456
 25448.2 9017.39 1874 459.138 111.471
 31834.2 12286.8 3674.87 696.707 210.588
 51693.2 15278.5 4801.44 1284.77 314.388
 73761.7 24626.4 5667.57 1555.36 512.449
 34264.7 35179 9207.08 1857.13 670.453
 47591.7 16471.8 13905.7 3273.38 891.023
 61925.5 22911.5 6577.51 5017.94 1490.63
pred_Ctot
 2469.26 3975.73 1655.19 197.955 0.116081
 2729.67 5688.13 1195.43 281.638 32.3699
 2258.06 10108.7 2670.72 322.542 81.4676
 753.665 1430.51 712.629 93.2796 13.3961
 245.022 447.856 155.771 50.7854 7.38516
 1647.2 6825.3 2356.57 563.791 205.376
 2020.73 3155.68 2108.44 452.11 142.72
 3676.86 10666 2782.24 1202.47 329.237
 5431.47 10874.8 4618.26 725.527 385.413
 4652 11028.1 3213.69 808.567 187.368
 4703.65 21263.6 7536.84 1358.55 407.187
 2968.42 10512.9 5988.65 1179.93 264.98
 5239.81 10426 4560.99 1472.49 341.175
 5170.28 14699.9 2567.18 542.344 204.404
 3287.76 6955.22 877.592 48.2281 12.8261
 1263.39 2493.73 222.968 8.00304 0.50485
 683.702 2207.71 474.377 21.6601 0.787052
 592.495 1269.39 532.671 63.9906 2.90503
 509.546 1313.25 418.131 105.277 12.7571
 823.659 1487.24 601.349 118.731 32.4233
 508.363 1176.29 344.415 86.2359 20.9608
 768.95 1908.81 798.114 154.542 46.7646
 1515.1 2826.88 1230.26 335.977 82.3036
 2104.84 4448.58 1419.8 397.708 131.177
 788.641 5229.16 1917.28 395.045 142.779
 1047.3 2349.58 2784.02 669.546 182.46
 1188.74 2880.2 1166.66 909.686 270.545
F
 0.0998431 0.701639 1.02764 1.0534 1.05479
 0.0909874 0.639406 0.936492 0.959967 0.961235
 0.15829 1.11237 1.62921 1.67005 1.67225
 0.0349379 0.245523 0.3596 0.368614 0.369101
 0.00618392 0.043457 0.0636483 0.0652437 0.0653299
 0.0591062 0.415364 0.608354 0.623604 0.624427
 0.0375901 0.264161 0.386897 0.396596 0.39712
 0.0718491 0.504914 0.73951 0.758048 0.759049
 0.080342 0.564597 0.826924 0.847652 0.848772
 0.0582007 0.409001 0.599034 0.61405 0.614861
 0.107529 0.755652 1.10675 1.13449 1.13599
 0.0971058 0.682403 0.999466 1.02452 1.02587
 0.162465 1.14171 1.67218 1.71409 1.71636
 0.320999 2.2558 3.3039 3.38672 3.3912
 0.358273 2.51774 3.68755 3.77998 3.78498
 0.143391 1.00767 1.47586 1.51285 1.51485
 0.105786 0.743405 1.08881 1.1161 1.11758
 0.0744554 0.523229 0.766336 0.785546 0.786583
 0.0587818 0.413084 0.605015 0.620181 0.621
 0.0609536 0.428346 0.627367 0.643094 0.643943
 0.0281238 0.197638 0.289466 0.296722 0.297114
 0.0340959 0.239606 0.350934 0.359731 0.360206
 0.0415069 0.291686 0.427211 0.43792 0.438499
 0.0403913 0.283847 0.415729 0.426151 0.426714
 0.0324653 0.228147 0.334151 0.342527 0.34298
 0.0310206 0.217994 0.319281 0.327284 0.327716
 0.0270124 0.189827 0.278026 0.284995 0.285372
Np
 25081.6 11924.9 10948.4 2986.31 1019.6
YTP_r0W_actual
 15585.6 95410.8 55004.1 54682.3 18045.6
YTP_p0W_proyectada
 6312.62 124645 78693.6 26954.5 31154.2
 6312.62 49659.2 91555.6 32542.9 12343.4
CTP_r0_actual
 1900.69 4417.17 1751.72 1363.65 405.52
CTP_p0_proyectada
 769.832 5770.62 2506.16 672.183 700.095
 769.832 2299.04 2915.78 811.544 277.38
Wmedp
 8.2 21.6 31.4 40.1 44.5
nmprior
 10.8 10.6 4.6 0
nm_flota  nm_reclas  nm_pelaces    nm_pelaL
inf 22.8494 17.7191 55.9522
cv_recla  cv_pelaces  cv_mph
0.696937 0.42621 0.635188
 ------------------------------------------------
Talla a la edad & desviaci?n 
 7.2 14.2025 17.0495 18.207 18.6776
 1.08 2.13037 2.55742 2.73105 2.80164
