years
 1997 1998 1999 2000 2001 2002 2003 2004 2005 2006 2007 2008 2009 2010 2011 2012 2013 2014 2015 2016 2017 2018 2019 2020 2021 2022 2023
reclasobs
 0 0 0 370054 412103 1.49427e+06 250295 1.28982e+06 931140 785840 897777 1.04006e+06 184774 17550 25797 100020 73551 82996 120727 218422 84188 347160 605670 569463 516374 1.08416e+06 1.01767e+06
reclaspred
 503810 129753 328070 215927 344661 437040 955198 665742 755804 789470 678717 465647 278884 112395 67818 67795.3 79962 108096 120729 162350 246216 236270 401582 533429 712181 694466 662408
pelacesobs
 0 0 0 0 0 0 0 0 0 2.06254e+06 1.5e+06 0 1.87456e+06 323000 250000 174000 83755 137374 0 501740 490994 745055 786931 1.00524e+06 1.33801e+06 1.41789e+06 0
pelacespred
 2.07584e+06 414175 659469 671547 970750 873163 2.56012e+06 2.00149e+06 2.15256e+06 2.23053e+06 1.58556e+06 1.1224e+06 706848 228260 150588 151662 184384 260268 278415 382123 674684 587709 818229 1.26529e+06 1.58247e+06 1.66347e+06 1.57218e+06
mphobs
 0 0 0 0 0 112323 0 153150 637223 0 255016 313432 73983 77613 109348 50772 17779 17303 59886 28197 0 207744 136588 643089 65757 70829 0
mphpred
 154099 84625.6 93291.5 87075.4 98901 167158 237151 303155 264337 287707 301840 206955 126538 66728.6 29098.9 24438.2 27045.6 34526.5 43930.6 50505.5 76072.8 93895.1 116097 164947 250721 262740 232419
desembarqueobs
 350755 77701 442110 56441 14545 235359 269955 359681 431902 328805 639364 411747 362871 311530 167758 66681 60226 58785 57116 73181 50977 67692 138656 160484 209506 203330 175342
desembarquepred
 350761 77699.4 442091 56444.8 14545.4 235454 270031 359674 431947 328808 639301 411789 362938 311640 167582 66674.7 60252.5 58778.6 57100.1 73177.1 50979.5 67681.4 138660 160496 209492 203311 175334
Reclutas
 35929.8 43417.7 21256.8 30464.1 55251.1 39776 76013.4 73446.5 97390.4 114031 63750.6 44345.7 48133.8 25704.9 14874.7 13044.2 9414.74 11434.9 12371.9 19306.7 25458.5 31845.1 51724.2 73864.9 34368.6 47965.4 62150.9
log_desv_Rt
 0.00981703 0.199117 -0.515073 -0.155201 0.440138 0.111514 0.759159 0.724808 1.00698 1.16472 0.583229 0.220266 0.302236 -0.325068 -0.87209 -1.00341 -1.32947 -1.13508 -1.05632 -0.6113 -0.3347 -0.110865 0.374175 0.730488 -0.0346073 0.298729 0.557816
SSB
 432553 237542 261867 244418 277612 469209 665677 850947 741986 807585 847257 580918 355190 187305 81679.8 68597.3 75916.3 96915 123312 141768 213534 263561 325880 463001 703766 737504 652393
BT
 1.51575e+06 365346 624417 441889 567602 670433 1.67867e+06 1.54545e+06 1.64223e+06 1.59315e+06 1.46804e+06 1.00884e+06 757705 417539 223967 141807 154848 197068 205399 278553 428553 391351 560190 853321 1.04209e+06 1.10401e+06 1.03097e+06
Ftot
 1.05519 0.961471 1.67238 0.369075 0.0653292 0.624433 0.397111 0.759004 0.848708 0.614827 1.13594 1.02584 1.71653 3.39176 3.78522 1.51467 1.1174 0.786397 0.620869 0.643794 0.297034 0.360085 0.438334 0.426451 0.342547 0.326888 0.320748
BD_Bspro_t
 0.905654 0.630128 0.547885 0.359487 0.515336 0.696176 0.640407 0.665392 0.598998 0.5738 0.553781 0.39039 0.283975 0.192162 0.105082 0.108056 0.159156 0.255928 0.359085 0.451137 0.581544 0.692287 0.700625 0.709966 0.736036 0.686526 0.665182
BD_Bspro
 0.588625 0.323251 0.356353 0.332608 0.37778 0.638507 0.905864 1.15798 1.00971 1.09898 1.15296 0.790523 0.483349 0.254888 0.111151 0.0933484 0.103308 0.131884 0.167805 0.19292 0.290581 0.358658 0.443464 0.63006 0.957697 1.00361 0.887788
BD_Bo
 0.506456 0.278127 0.306608 0.286178 0.325044 0.549375 0.77941 0.996334 0.868758 0.945564 0.992014 0.68017 0.415876 0.219307 0.0956351 0.0803174 0.0888869 0.113473 0.14438 0.165989 0.250017 0.308591 0.381558 0.542107 0.824007 0.86351 0.763857
BD_Brms
 0.920829 0.505685 0.557469 0.520323 0.590988 0.998863 1.41711 1.81152 1.57956 1.71921 1.80366 1.23667 0.756137 0.39874 0.173882 0.146032 0.161613 0.206315 0.26251 0.301798 0.454577 0.561075 0.693742 0.985648 1.49819 1.57002 1.38883
S_f
 0.0946126 0.665047 0.974176 0.998607 0.999927
 0.0946126 0.665047 0.974176 0.998607 0.999927
 0.0946126 0.665047 0.974176 0.998607 0.999927
 0.0946126 0.665047 0.974176 0.998607 0.999927
 0.0946126 0.665047 0.974176 0.998607 0.999927
 0.0946126 0.665047 0.974176 0.998607 0.999927
 0.0946126 0.665047 0.974176 0.998607 0.999927
 0.0946126 0.665047 0.974176 0.998607 0.999927
 0.0946126 0.665047 0.974176 0.998607 0.999927
 0.0946126 0.665047 0.974176 0.998607 0.999927
 0.0946126 0.665047 0.974176 0.998607 0.999927
 0.0946126 0.665047 0.974176 0.998607 0.999927
 0.0946126 0.665047 0.974176 0.998607 0.999927
 0.0946126 0.665047 0.974176 0.998607 0.999927
 0.0946126 0.665047 0.974176 0.998607 0.999927
 0.0946126 0.665047 0.974176 0.998607 0.999927
 0.0946126 0.665047 0.974176 0.998607 0.999927
 0.0946126 0.665047 0.974176 0.998607 0.999927
 0.0946126 0.665047 0.974176 0.998607 0.999927
 0.0946126 0.665047 0.974176 0.998607 0.999927
 0.0946126 0.665047 0.974176 0.998607 0.999927
 0.0946126 0.665047 0.974176 0.998607 0.999927
 0.0946126 0.665047 0.974176 0.998607 0.999927
 0.0946126 0.665047 0.974176 0.998607 0.999927
 0.0946126 0.665047 0.974176 0.998607 0.999927
 0.0946126 0.665047 0.974176 0.998607 0.999927
 0.0946126 0.665047 0.974176 0.998607 0.999927
Scru_reclas
 0.551846 0.861055 0.968932 0.993669 0.998736
 0.551846 0.861055 0.968932 0.993669 0.998736
 0.551846 0.861055 0.968932 0.993669 0.998736
 0.551846 0.861055 0.968932 0.993669 0.998736
 0.551846 0.861055 0.968932 0.993669 0.998736
 0.551846 0.861055 0.968932 0.993669 0.998736
 0.551846 0.861055 0.968932 0.993669 0.998736
 0.551846 0.861055 0.968932 0.993669 0.998736
 0.551846 0.861055 0.968932 0.993669 0.998736
 0.551846 0.861055 0.968932 0.993669 0.998736
 0.551846 0.861055 0.968932 0.993669 0.998736
 0.551846 0.861055 0.968932 0.993669 0.998736
 0.551846 0.861055 0.968932 0.993669 0.998736
 0.551846 0.861055 0.968932 0.993669 0.998736
 0.551846 0.861055 0.968932 0.993669 0.998736
 0.551846 0.861055 0.968932 0.993669 0.998736
 0.551846 0.861055 0.968932 0.993669 0.998736
 0.551846 0.861055 0.968932 0.993669 0.998736
 0.551846 0.861055 0.968932 0.993669 0.998736
 0.551846 0.861055 0.968932 0.993669 0.998736
 0.551846 0.861055 0.968932 0.993669 0.998736
 0.551846 0.861055 0.968932 0.993669 0.998736
 0.551846 0.861055 0.968932 0.993669 0.998736
 0.551846 0.861055 0.968932 0.993669 0.998736
 0.551846 0.861055 0.968932 0.993669 0.998736
 0.551846 0.861055 0.968932 0.993669 0.998736
 0.551846 0.861055 0.968932 0.993669 0.998736
Scru_pelaces
 0.881624 1 1 1 1
 0.881624 1 1 1 1
 0.881624 1 1 1 1
 0.881624 1 1 1 1
 0.881624 1 1 1 1
 0.881624 1 1 1 1
 0.881624 1 1 1 1
 0.881624 1 1 1 1
 0.881624 1 1 1 1
 0.881624 1 1 1 1
 0.881624 1 1 1 1
 0.881624 1 1 1 1
 0.881624 1 1 1 1
 0.881624 1 1 1 1
 0.881624 1 1 1 1
 0.881624 1 1 1 1
 0.881624 1 1 1 1
 0.881624 1 1 1 1
 0.881624 1 1 1 1
 0.881624 1 1 1 1
 0.881624 1 1 1 1
 0.881624 1 1 1 1
 0.881624 1 1 1 1
 0.881624 1 1 1 1
 0.881624 1 1 1 1
 0.881624 1 1 1 1
 0.881624 1 1 1 1
pf_obs 
 0.256992 0.487395 0.22802 0.0275931 0
 0.321318 0.546541 0.124235 0.00734118 0.000564706
 0.182869 0.594174 0.210203 0.0122559 0.00049798
 0.330522 0.361315 0.267642 0.0388342 0.00168674
 0.649043 0.306663 0.0425973 0.00169635 0
 0.582887 0.30429 0.105238 0.00758474 0
 0.465427 0.430635 0.0974691 0.00646863 0
 0.296916 0.608066 0.0921331 0.00288517 0
 0.311714 0.524322 0.152257 0.0117073 0
 0.15457 0.633149 0.183074 0.0267441 0.00246327
 0.131901 0.49318 0.331252 0.0422183 0.00144891
 0.196976 0.569456 0.194076 0.0375587 0.00193317
 0.518974 0.381816 0.0799577 0.0180837 0.00116848
 0.0928022 0.601141 0.25162 0.0475244 0.00691264
 0.122501 0.610282 0.24278 0.0234846 0.000952079
 0.383417 0.481906 0.127806 0.00687128 0
 0.0376549 0.599619 0.316969 0.0457579 0
 0.0361596 0.667082 0.258105 0.0386534 0
 0.158088 0.579412 0.248529 0.0139706 0
 0.0477256 0.309471 0.559284 0.082774 0.000745712
 0.0406174 0.521527 0.379366 0.0568643 0.0016247
 0.151134 0.462217 0.34131 0.0453401 0
 0.294876 0.26143 0.354403 0.0886775 0.000613685
 0.281977 0.475581 0.204845 0.0348837 0.00271318
 0.0841818 0.532909 0.334909 0.0458182 0.00218182
 0.115287 0.27431 0.454777 0.147771 0.00785563
 0 0 0 0 0
pf_pred 
 0.297565 0.479101 0.199465 0.0238551 1.40012e-05
 0.274933 0.573045 0.120403 0.0283597 0.00325942
 0.146211 0.654665 0.172972 0.0208801 0.00527255
 0.250843 0.476323 0.237318 0.0310585 0.004458
 0.270122 0.493874 0.171836 0.0560229 0.00814478
 0.141982 0.588466 0.203211 0.0486272 0.017713
 0.256394 0.400479 0.267622 0.0573861 0.0181188
 0.197006 0.571729 0.149151 0.0644638 0.017651
 0.246411 0.493503 0.209654 0.0329351 0.0174961
 0.233804 0.554481 0.161619 0.0406723 0.00942444
 0.133295 0.602868 0.213752 0.0385335 0.0115516
 0.141851 0.5026 0.286429 0.0564429 0.0126771
 0.237678 0.472997 0.206991 0.0668439 0.0154902
 0.222961 0.634085 0.110737 0.0233969 0.00882052
 0.293969 0.622072 0.0784998 0.00431213 0.00114696
 0.316648 0.62529 0.0559281 0.00200694 0.000126548
 0.201717 0.651579 0.140075 0.00639719 0.000232385
 0.24061 0.515707 0.216485 0.026016 0.00118129
 0.215931 0.556682 0.177318 0.0446562 0.00541323
 0.268804 0.485476 0.196349 0.0387787 0.0105927
 0.237908 0.550634 0.161257 0.0403822 0.00981878
 0.20904 0.519105 0.217091 0.0420398 0.0127239
 0.252877 0.471855 0.205419 0.0561034 0.0137453
 0.247641 0.523161 0.166981 0.0467844 0.0154325
 0.0931913 0.617162 0.226194 0.046605 0.0168482
 0.149548 0.334074 0.395419 0.0950546 0.0259046
 0.186516 0.450104 0.180776 0.14076 0.0418438
pobs_RECLAS
 0 0 0 0 0
 0 0 0 0 0
 0 0 0 0 0
 0 0 0 0 0
 0.835266 0.146461 0.0176864 0.000547809 3.91292e-05
 0.385257 0.428462 0.181853 0.0044286 0
 0.867414 0.0963971 0.0333333 0.00285562 0
 0.441836 0.489002 0.0689373 0.000224442 0
 0.779404 0.147425 0.0564933 0.0165055 0.000172143
 0.814271 0.122319 0.05973 0.00367925 0
 0.40263 0.566651 0.0304383 0.000280538 0
 0.475488 0.404961 0.113038 0.00651328 0
 0.955842 0.0263864 0.0167828 0.000988607 0
 0.975058 0.0227948 0.00214734 0 0
 0.738997 0.206755 0.0527124 0.00153531 0
 0.850938 0.134255 0.0134407 0.00136685 0
 0.542534 0.407297 0.0501686 0 0
 0.764087 0.199537 0.0359546 0.000420521 0
 0.470689 0.182191 0.310203 0.0369168 0
 0.84361 0.089868 0.0606195 0.00523954 0.000663233
 0.607945 0.314616 0.071237 0.00620181 0
 0.523733 0.453247 0.0230204 0 0
 0.530135 0.295979 0.169645 0.0042399 0
 0.562478 0.366248 0.0663022 0.0049721 0
 0.250443 0.683176 0.0655157 0.000865301 0
 0.195077 0.31981 0.436473 0.0351445 0.0134964
 0.565238 0.351407 0.0832357 0.000118908 0
ppred_RECLAS
 0.687309 0.232719 0.0714486 0.00851828 5.01749e-06
 0.654528 0.288715 0.0449732 0.010565 0.00121862
 0.478589 0.429217 0.0801514 0.0096088 0.00243455
 0.626369 0.260203 0.0986612 0.0129077 0.00185962
 0.64373 0.260676 0.0695873 0.022695 0.00331189
 0.453683 0.406113 0.105703 0.0252641 0.00923661
 0.63955 0.218255 0.110893 0.0237688 0.00753259
 0.552357 0.343567 0.0671449 0.0289705 0.00796145
 0.627077 0.267712 0.0848245 0.0132971 0.00708949
 0.602409 0.308717 0.0678513 0.0170555 0.00396661
 0.444576 0.420456 0.109403 0.0196524 0.00591234
 0.468036 0.349441 0.147106 0.0289023 0.00651477
 0.63785 0.253251 0.0780554 0.0250252 0.00581872
 0.653012 0.306126 0.031804 0.00657358 0.00248452
 0.737874 0.243513 0.0174313 0.000932914 0.000248719
 0.700491 0.280858 0.0179694 0.000641067 4.0561e-05
 0.55922 0.378223 0.0597386 0.00271885 9.91167e-05
 0.617005 0.282976 0.0888723 0.0106606 0.000485823
 0.578583 0.322217 0.07737 0.0194623 0.00236791
 0.650125 0.253323 0.077159 0.0152196 0.00417266
 0.603581 0.306598 0.0684878 0.0171482 0.00418512
 0.568123 0.308767 0.0982993 0.0190296 0.00578108
 0.630079 0.256366 0.0847366 0.0231302 0.00568795
 0.619457 0.285521 0.0692199 0.0193839 0.00641786
 0.336796 0.488536 0.136382 0.0280925 0.0101937
 0.483918 0.236944 0.213723 0.0513651 0.0140505
 0.539153 0.285257 0.087325 0.0679808 0.0202841
pobs_PELACES
 0 0 0 0 0
 0 0 0 0 0
 0 0 0 0 0
 0 0 0 0 0
 0 0 0 0 0
 0 0 0 0 0
 0 0 0 0 0
 0 0 0 0 0
 0 0 0 0 0
 0 0 0 0 0
 0.450072 0.473896 0.0757376 0.000293798 0
 0 0 0 0 0
 0.463077 0.371075 0.160297 0.00555027 0
 0.529543 0.364841 0.0842815 0.0213345 0
 0.631943 0.363953 0.00410389 0 0
 0.735681 0.248677 0.0153453 0.000297389 0
 0.695825 0.281241 0.0229344 0 0
 0.275771 0.60734 0.115278 0.00161068 0
 0 0 0 0 0
 0.896147 0.0623911 0.0374545 0.00400742 0
 0.803859 0.145111 0.0509908 3.86294e-05 0
 0.739449 0.233085 0.0266225 0.000797448 4.60066e-05
 0.878498 0.100942 0.0204185 0.000141795 0
 0.694673 0.275183 0.0284847 0.00165964 0
 0.469039 0.446079 0.0841089 0.000773354 0
 0.822795 0.102175 0.0682046 0.00682512 0
 0 0 0 0 0
ppred_PELACES
 0.795583 0.160548 0.0393328 0.00453388 2.65581e-06
 0.763557 0.204307 0.0256395 0.00582787 0.000668528
 0.644298 0.306608 0.0429005 0.00494785 0.00124635
 0.721277 0.203196 0.065938 0.00838679 0.00120197
 0.722417 0.210062 0.0495018 0.0157341 0.00228438
 0.573451 0.331776 0.072004 0.016697 0.00607186
 0.736711 0.1696 0.0735379 0.0153205 0.00482978
 0.671813 0.263325 0.0423258 0.0176987 0.00483756
 0.741456 0.196133 0.0506456 0.00768877 0.00407705
 0.708729 0.235174 0.0431405 0.0105218 0.002434
 0.589882 0.327474 0.0674371 0.0117046 0.00350169
 0.612271 0.273954 0.0923047 0.0175382 0.00393142
 0.784191 0.163843 0.0376676 0.0116141 0.00268473
 0.836894 0.150614 0.00983828 0.00192937 0.000724446
 0.890423 0.104758 0.00452933 0.000229268 6.07135e-05
 0.812859 0.178145 0.00867866 0.000298243 1.87621e-05
 0.689385 0.274651 0.0343969 0.00151282 5.48441e-05
 0.729616 0.209782 0.054036 0.0062805 0.000284666
 0.688673 0.248052 0.0496818 0.0121254 0.00146738
 0.751868 0.188665 0.047821 0.00915026 0.00249524
 0.695997 0.243031 0.046804 0.0113999 0.00276774
 0.669096 0.247026 0.0673669 0.0126799 0.00383194
 0.727745 0.198204 0.0556726 0.0147662 0.00361203
 0.716293 0.221492 0.0456873 0.0124327 0.00409471
 0.436677 0.431708 0.103421 0.0207156 0.00747764
 0.598322 0.200258 0.155257 0.0362889 0.00987476
 0.644739 0.233448 0.0614638 0.0465366 0.0138133
pobs_pel_tallas
 0 0 0 0 0 0 0 0 0 0 0 0 0 0 0 0 0 0 0 0 0 0 0 0 0 0 0 0 0 0 0 0 0 0 0 0
 0 0 0 0 0 0 0 0 0 0 0 0 0 0 0 0 0 0 0 0 0 0 0 0 0 0 0 0 0 0 0 0 0 0 0 0
 0 0 0 0 0 0 0 0 0 0 0 0 0 0 0 0 0 0 0 0 0 0 0 0 0 0 0 0 0 0 0 0 0 0 0 0
 0 0 0 0 0 0 0 0 0 0 0 0 0 0 0 0 0 0 0 0 0 0 0 0 0 0 0 0 0 0 0 0 0 0 0 0
 0 0 0 0 0 0 0 0 0 0 0 0 0 0 0 0 0 0 0 0 0 0 0 0 0 0 0 0 0 0 0 0 0 0 0 0
 0 0 0 0 0 0 0 0 0 0 0 0 0 0 0 0 0 0 0 0 0 0 0 0 0 0 0 0 0 0 0 0 0 0 0 0
 0 0 0 0 0 0 0 0 0 0 0 0 0 0 0 0 0 0 0 0 0 0 0 0 0 0 0 0 0 0 0 0 0 0 0 0
 0 0 0 0 0 0 0 0 0 0 0 0 0 0 0 0 0 0 0 0 0 0 0 0 0 0 0 0 0 0 0 0 0 0 0 0
 0 0 0 0 0 0 0 0 0 0 0 0 0 0 0 0 0 0 0 0 0 0 0 0 0 0 0 0 0 0 0 0 0 0 0 0
 0 0 0 0 0 0 0 0 0 0 0 0 0 0 0 0 0 0 0 0 0 0 0 0 0 0 0 0 0 0 0 0 0 0 0 0
 0 0 0 0 0 0 0 0 1.78061e-05 0.00172719 0.00360574 0.0105946 0.0120993 0.0124554 0.0147524 0.0171206 0.0266825 0.0428682 0.0675386 0.121331 0.153587 0.119568 0.100827 0.0573624 0.0630603 0.0341343 0.0324427 0.0444173 0.0211091 0.0280891 0.0125444 0.00206551 0 0 0 0
 0 0 0 0 0 0 0 0 0 0 0 0 0 0 0 0 0 0 0 0 0 0 0 0 0 0 0 0 0 0 0 0 0 0 0 0
 0 0 0 0 0 0 0.0133647 0.0140871 0.0187388 0.0205184 0.03894 0.0496705 0.03968 0.0493445 0.0407372 0.0367815 0.0215668 0.0243155 0.0234873 0.0199281 0.019796 0.0243948 0.0301388 0.0376714 0.0412746 0.0863199 0.0771752 0.113111 0.0741005 0.0525337 0.0229764 0.00759418 0.00175318 0 0 0
 0 0 0 0 0 0 0 0 0 0 0.00219441 0.00772107 0.0458388 0.0604681 0.0671733 0.0775358 0.0609151 0.0617685 0.073594 0.0568108 0.0755445 0.0548602 0.0670107 0.0636378 0.0643287 0.046367 0.0373049 0.0286899 0.0247887 0.0153202 0.00654259 0.00121912 0.000365735 0 0 0
 0 0 0 0 0 0 0 0 0 0 0 0 0.000112435 0.00938835 0.0111873 0.0202946 0.0414886 0.0713402 0.111592 0.104902 0.108894 0.110636 0.117776 0.105296 0.107544 0.0401394 0.0192827 0.0124803 0.00416011 0.0028671 0.000618394 0 0 0 0 0
 0 0 0 0 0 0 0 0 0 0 0.00291406 0.0102884 0.027416 0.0768956 0.0749926 0.110853 0.0956884 0.0897413 0.0766577 0.0534642 0.0500743 0.0551293 0.0594112 0.0620874 0.0668451 0.0424026 0.0208742 0.0120726 0.0048766 0.00582813 0.00118941 0.000297354 0 0 0 0
 0 0.00264628 0.0354308 0.0461629 0.0458689 0.0383711 0.0214643 0.0164657 0.0346957 0.0420465 0.0363128 0.0245516 0.0311673 0.0291091 0.0169068 0.0133784 0.00837989 0.0085269 0.0148486 0.0160247 0.0276389 0.0546898 0.0760071 0.122758 0.109233 0.0665981 0.0333725 0.0166128 0.00676272 0.00308733 0.000882094 0 0 0 0 0
 0 0 0 0 0 0 0 0.000805153 0.000690131 0.00759144 0.0133425 0.0154129 0.00931677 0.000345066 0.00356568 0.00563607 0.00851162 0.0253048 0.0502646 0.0516448 0.0657925 0.0565908 0.0611916 0.0827007 0.0866115 0.110766 0.145733 0.0935128 0.0569358 0.0249597 0.0138026 0.00621118 0.00161031 0.00115022 0 0
 0 0 0 0 0 0 0 0 0 0 0 0 0 0 0 0 0 0 0 0 0 0 0 0 0 0 0 0 0 0 0 0 0 0 0 0
 0.00147267 0.00158595 0.00478618 0.00569244 0.00954404 0.0108468 0.00647125 0.017049 0.0510054 0.094081 0.124002 0.0959785 0.0687766 0.0820023 0.061753 0.0591476 0.0492212 0.0479892 0.0443925 0.0268479 0.0217502 0.0140895 0.0121071 0.0120363 0.00920419 0.00665534 0.0049561 0.00860946 0.00930331 0.0156896 0.0114698 0.00855282 0.00243557 0.00046729 0 2.83206e-05
 0 0 0 0 0.000772559 0.00158375 0.000888443 0.00281984 0.00712685 0.0440552 0.0773331 0.111326 0.0921469 0.0852325 0.0710754 0.0886704 0.0786465 0.0553345 0.0373146 0.0185414 0.00753245 0.00457741 0.012979 0.0271748 0.0457355 0.0583668 0.034881 0.0177882 0.00938659 0.00492506 0.0015258 0.00185414 0.000309023 5.79419e-05 3.86279e-05 0
 0 0.00173294 0.00326652 0 0.00397197 0.00683976 0.00946217 0.0152591 0.00757587 0.0136028 0.0228656 0.0392903 0.0559909 0.0764795 0.0681675 0.0726916 0.0566044 0.0477403 0.0527397 0.0444891 0.0609904 0.0582453 0.0661739 0.0445044 0.0529084 0.0360697 0.0280645 0.0235558 0.0158879 0.00826598 0.00280645 0.00217768 0.000904811 0.00058276 9.20147e-05 0
 0 0 0 0 0 0 0 0 0 0 0 0 0 0 0 0 0 0 0 0 0 0 0 0 0 0 0 0 0 0 0 0 0 0 0 0
 0 0 0 0 0 0 0 0 0 0 0 0 0 0 0 0 0 0 0 0 0 0 0 0 0 0 0 0 0 0 0 0 0 0 0 0
 0 0 0 0 0 0 0 0 0 0 0 0 0 0 0 0 0 0 0 0 0 0 0 0 0 0 0 0 0 0 0 0 0 0 0 0
 0 0 0 0 0 0 0 0 0 0 0 0 0 0 0 0 0 0 0 0 0 0 0 0 0 0 0 0 0 0 0 0 0 0 0 0
 0 0 0 0 0 0 0 0 0 0 0 0 0 0 0 0 0 0 0 0 0 0 0 0 0 0 0 0 0 0 0 0 0 0 0 0
ppred_pel_tallas
 1.00767e-16 3.47104e-05 0.000203727 0.000968435 0.00372855 0.0116271 0.0293692 0.0600931 0.0996102 0.133772 0.145564 0.128384 0.09187 0.0535527 0.0258715 0.0111934 0.00571801 0.00497332 0.00621713 0.00824275 0.0105549 0.0128552 0.0148722 0.0163564 0.0171242 0.017098 0.0163216 0.0149439 0.0131768 0.0112448 0.00933923 0.00759281 0.00607424 0.00479974 0.00375234 0.00290055
 1.00663e-16 3.33156e-05 0.000195534 0.000929479 0.00357854 0.0111593 0.0281876 0.0576759 0.0956049 0.128397 0.139727 0.123263 0.0882657 0.0515724 0.0251401 0.0112612 0.00630753 0.00599922 0.0077012 0.0102302 0.0130611 0.0158364 0.018215 0.0198839 0.0206188 0.0203358 0.0191101 0.0171522 0.0147526 0.0122132 0.00978667 0.00764229 0.0058589 0.00444125 0.00334724 0.00251508
 1.00938e-16 2.81196e-05 0.000165019 0.000784386 0.00301986 0.00941709 0.023787 0.0486726 0.080685 0.108372 0.117967 0.104144 0.0747431 0.0440102 0.0220861 0.0109658 0.00764676 0.00855911 0.0114821 0.0153623 0.0196341 0.0238138 0.0273983 0.0299184 0.0310361 0.0306233 0.0287907 0.0258525 0.0222435 0.0184162 0.0147513 0.0115048 0.00879787 0.006641 0.00497394 0.00370618
 1.01347e-16 3.14721e-05 0.000184711 0.000878024 0.00338042 0.0105415 0.0266271 0.0544829 0.0903125 0.121291 0.131998 0.116453 0.0834085 0.0487738 0.0238505 0.0108131 0.00624486 0.00611402 0.00794115 0.0106148 0.0136392 0.0166701 0.0193705 0.0214236 0.0225909 0.0227638 0.0219839 0.0204228 0.0183326 0.0159828 0.0136065 0.0113682 0.00935827 0.00760686 0.00610636 0.00483284
 1.01419e-16 3.1522e-05 0.000185004 0.000879414 0.00338577 0.0105582 0.0266692 0.0545691 0.0904557 0.121483 0.132209 0.116642 0.08355 0.0488687 0.0239193 0.0108813 0.0063336 0.00623773 0.00810784 0.0108253 0.0138855 0.0169338 0.0196233 0.0216303 0.0227152 0.022776 0.0218673 0.020179 0.0179818 0.015561 0.0131582 0.010939 0.00898698 0.0073198 0.00591525 0.00473547
 1.01988e-16 2.50314e-05 0.000146887 0.000698175 0.00268792 0.00838193 0.0211723 0.043323 0.0718187 0.0964689 0.105026 0.0927552 0.066648 0.0394025 0.0200689 0.0104527 0.00791279 0.00929624 0.0126359 0.0169791 0.0217779 0.0265294 0.0306955 0.0337667 0.0353679 0.0353425 0.0337847 0.0310032 0.0274356 0.0235411 0.0197087 0.0162033 0.0131569 0.0105937 0.00847142 0.00672148
 1.01852e-16 3.21437e-05 0.000188657 0.000896791 0.00345269 0.0107669 0.0271963 0.0556473 0.0922417 0.123878 0.134805 0.118909 0.085123 0.0496863 0.0241291 0.0106575 0.00576732 0.00533236 0.00682369 0.00912649 0.011774 0.0144704 0.0169347 0.0189007 0.0201625 0.0206164 0.0202784 0.019269 0.0177744 0.0159972 0.0141149 0.0122556 0.0104951 0.00886764 0.00738355 0.00604412
 1.01521e-16 2.93176e-05 0.000172057 0.000817851 0.00314872 0.00981896 0.024802 0.0507491 0.0841256 0.112988 0.122979 0.108538 0.077828 0.0456896 0.0226756 0.0108422 0.0070363 0.0075212 0.00998411 0.0133544 0.0170986 0.0207936 0.0240084 0.026341 0.027499 0.0273665 0.0260283 0.02374 0.0208583 0.0177546 0.0147399 0.0120221 0.009699 0.00777974 0.00621931 0.00495202
 1.01238e-16 3.23516e-05 0.000189876 0.000902577 0.00347496 0.0108363 0.0273718 0.0560065 0.0928377 0.124681 0.135683 0.119697 0.0857134 0.0500848 0.0244224 0.0109545 0.00616113 0.00589097 0.00759188 0.0101231 0.0129838 0.0158352 0.0183516 0.0202292 0.0212431 0.0212962 0.0204385 0.0188463 0.0167726 0.0144848 0.0122109 0.0101082 0.00825811 0.00668016 0.00535575 0.00425057
 1.01165e-16 3.09262e-05 0.000181503 0.000862767 0.00332167 0.0103583 0.0261643 0.0535362 0.0887444 0.119188 0.129717 0.114459 0.082021 0.0480437 0.0236444 0.0109729 0.00668417 0.00682255 0.00894693 0.0119446 0.0152906 0.0185949 0.0214693 0.0235528 0.0245821 0.0244514 0.0232347 0.0211594 0.0185445 0.0157234 0.0129775 0.0104972 0.00837519 0.00662443 0.00520842 0.00407037
 1.0163e-16 2.57477e-05 0.000151092 0.000718171 0.00276491 0.00862202 0.0217788 0.0445638 0.0738752 0.0992299 0.108028 0.0953982 0.0685286 0.0404768 0.0205468 0.0105886 0.00787788 0.00916546 0.0124253 0.0166805 0.0213773 0.0260147 0.0300594 0.0330083 0.0344923 0.0343602 0.0327101 0.0298538 0.026231 0.0223036 0.0184624 0.0149743 0.0119719 0.00947836 0.0074484 0.00580821
 1.02186e-16 2.67218e-05 0.000156816 0.000745394 0.00286974 0.00894896 0.0226045 0.0462529 0.0766735 0.102983 0.112099 0.0989579 0.0710088 0.0417877 0.0209288 0.0103265 0.00712906 0.00795067 0.0106953 0.014385 0.018514 0.0226582 0.0263719 0.0292294 0.0309082 0.0312584 0.0303305 0.0283485 0.0256434 0.0225695 0.0194327 0.016449 0.0137373 0.0113384 0.00924605 0.00743436
 1.01113e-16 3.42137e-05 0.000200811 0.000954572 0.00367517 0.0114607 0.0289487 0.0592328 0.0981845 0.131857 0.143482 0.126551 0.0905662 0.0528078 0.0255399 0.0110987 0.00574099 0.00506139 0.00635807 0.00844067 0.0108175 0.0131888 0.0152798 0.0168375 0.0176756 0.017715 0.0169991 0.0156769 0.0139604 0.0120723 0.0102016 0.00847701 0.00696314 0.00567295 0.00458808 0.00367802
 1.00289e-16 3.65112e-05 0.0002143 0.00101871 0.00392211 0.0122308 0.0308939 0.0632126 0.10478 0.140713 0.153112 0.135028 0.0965972 0.0562524 0.0270703 0.0115297 0.00562025 0.00462656 0.00565686 0.00744192 0.00947046 0.0114485 0.0131186 0.0142504 0.0146821 0.0143575 0.0133403 0.0117949 0.009945 0.00802085 0.00621425 0.00465163 0.003389 0.00242425 0.0017183 0.00121642
 1.0011e-16 3.88435e-05 0.000227997 0.00108383 0.00417287 0.0130128 0.0328691 0.0672537 0.111477 0.149701 0.162879 0.14361 0.102667 0.0596475 0.0284425 0.0116647 0.00502312 0.00348388 0.00396938 0.00515223 0.0065392 0.00789286 0.0090278 0.00978317 0.0100471 0.00978231 0.00903525 0.00792328 0.00660496 0.00524333 0.00397395 0.00288589 0.00201811 0.00136798 0.000906218 0.000592069
 1.00193e-16 3.54643e-05 0.000208152 0.000989469 0.00380952 0.0118797 0.0300071 0.0613984 0.101774 0.136678 0.14873 0.131181 0.0938839 0.0547506 0.0264939 0.011535 0.00599179 0.00529271 0.00662798 0.00874989 0.0111309 0.0134409 0.0153779 0.0166703 0.0171276 0.0166859 0.0154235 0.0135391 0.0113017 0.00898799 0.00682824 0.00497402 0.00349197 0.00237833 0.00158411 0.00104079
 1.00633e-16 3.00843e-05 0.000176557 0.000839243 0.00323108 0.0100758 0.0254508 0.0520766 0.0863261 0.115944 0.126197 0.111378 0.0798673 0.0468913 0.0232797 0.0111423 0.00724231 0.00774232 0.0102636 0.0136994 0.0174915 0.0211932 0.0243509 0.0265442 0.0274716 0.0270216 0.0252978 0.0225873 0.0192859 0.0158049 0.0124899 0.00957325 0.00716409 0.00526995 0.00383311 0.00276726
 1.01065e-16 3.1836e-05 0.000186847 0.000888176 0.00341951 0.0106634 0.026935 0.0551128 0.0913569 0.122694 0.133525 0.117802 0.0843775 0.0493463 0.0241409 0.0109614 0.00635123 0.00623039 0.00808743 0.0107924 0.0138365 0.0168627 0.0195225 0.0214904 0.0225256 0.022525 0.0215438 0.0197735 0.0174886 0.0149799 0.012496 0.0102097 0.00821136 0.00652364 0.00512665 0.00398182
 1.01272e-16 3.00522e-05 0.000176371 0.000838365 0.00322771 0.0100653 0.0254242 0.052022 0.0862349 0.115819 0.126055 0.11124 0.0797395 0.0467583 0.0231068 0.0108835 0.0068471 0.00716118 0.00945524 0.0126414 0.016193 0.0197054 0.0227704 0.0250067 0.026135 0.0260409 0.0247991 0.0226455 0.0199129 0.0169502 0.0140525 0.0114206 0.00915403 0.00726931 0.00573181 0.00448564
 1.01172e-16 3.28054e-05 0.00019254 0.000915247 0.00352375 0.0109885 0.027756 0.0567926 0.0941405 0.126429 0.137584 0.121367 0.0868966 0.0507497 0.0246973 0.0109941 0.0060657 0.00569924 0.00730602 0.00973301 0.012481 0.0152203 0.0176367 0.0194379 0.0204079 0.0204536 0.0196233 0.0180872 0.0160888 0.0138858 0.0116974 0.00967517 0.00789704 0.00638164 0.00511081 0.00405128
 1.01265e-16 3.03713e-05 0.000178245 0.000847275 0.00326202 0.0101723 0.0256945 0.0525749 0.0871512 0.117049 0.127392 0.112416 0.080572 0.0472265 0.0233009 0.0109125 0.00678183 0.00702883 0.00925723 0.0123702 0.0158422 0.0192743 0.0222664 0.0244452 0.0255378 0.0254335 0.0242066 0.0220898 0.0194103 0.0165105 0.0136797 0.0111141 0.00890969 0.0070812 0.00559284 0.00438821
 1.01652e-16 2.91985e-05 0.000171359 0.000814537 0.00313597 0.00977919 0.0247016 0.0505434 0.0837842 0.112528 0.122476 0.108086 0.0774893 0.0454603 0.022506 0.0106699 0.00680841 0.00719972 0.00954543 0.0127911 0.0164243 0.0200474 0.0232553 0.0256659 0.0269944 0.027116 0.0260899 0.0241337 0.0215618 0.0187069 0.0158535 0.0131986 0.0108454 0.00882089 0.00710545 0.00566017
 1.01532e-16 3.17539e-05 0.000186366 0.000885892 0.00341072 0.010636 0.0268657 0.0549711 0.0911217 0.122377 0.133178 0.11749 0.0841417 0.0491836 0.0240154 0.0108275 0.00616895 0.00596875 0.00772428 0.0103161 0.01325 0.0161881 0.0188028 0.0207874 0.0219127 0.0220766 0.0213235 0.0198238 0.0178245 0.0155876 0.0133364 0.0112257 0.00933638 0.00769042 0.00627413 0.00506008
 1.0134e-16 3.12554e-05 0.000183438 0.000871966 0.00335709 0.0104688 0.0264433 0.054107 0.0896901 0.120456 0.131094 0.115666 0.0828661 0.0485 0.0237969 0.0109232 0.00649181 0.00650117 0.00848535 0.0113281 0.0145156 0.0176769 0.0204467 0.0224844 0.0235403 0.0235112 0.0224613 0.020598 0.0182146 0.0156182 0.0130685 0.0107415 0.00872391 0.00703016 0.00563037 0.00447716
 1.0267e-16 1.90715e-05 0.000111888 0.000531766 0.00204716 0.00638374 0.0161252 0.032997 0.0547063 0.0734997 0.080063 0.0708133 0.0511096 0.0306739 0.0164683 0.00995101 0.00919331 0.0118546 0.0164467 0.0221776 0.0284734 0.0347133 0.0402031 0.0442791 0.0464494 0.0465049 0.0445607 0.0410105 0.0364163 0.0313703 0.0263757 0.0217778 0.0177524 0.0143374 0.0114859 0.00911685
 1.03978e-16 2.61107e-05 0.000153235 0.000728382 0.00280426 0.00874479 0.0220887 0.045197 0.0749214 0.100624 0.109518 0.0966471 0.0692802 0.0406294 0.0200899 0.00949177 0.00603168 0.00639725 0.0085597 0.0116144 0.0151509 0.0188639 0.0224332 0.0255374 0.0279073 0.0293756 0.0298988 0.0295461 0.0284629 0.0268236 0.0247926 0.0225034 0.0200577 0.0175358 0.0150101 0.0125529
 1.03194e-16 2.81358e-05 0.000165122 0.000784886 0.00302181 0.0094232 0.0238023 0.0487035 0.0807341 0.108432 0.118017 0.10415 0.0746643 0.0437979 0.0216741 0.0102622 0.00653443 0.00690763 0.00917312 0.0123244 0.0158807 0.0194743 0.0227307 0.0252946 0.0268978 0.027417 0.0268944 0.0255138 0.0235429 0.0212623 0.0189063 0.0166306 0.0145107 0.0125621 0.0107697 0.00911315
pSPR Fmed_Fpbrs
0.52302   0.6 0.325
Fs Fmed_Fpbrs
0.64   0.459686 1.59434
SSBpbr Bo_Bmed_Bpbrs
854078  403996  469743 234871
Ro
35578.8
SPR SPRFo_SPRFmed_SPRFpbrs
734853 384343 238827
log_Ro
10.2995
likeval ReclasPelacesDesembMPH_pf_preclas_ppelaces_ptallas_desvR_qrecl_qpela
 64.7735 15.1524 0.00944892 0.000565222 329.767 209.02 55.4224 0 16.8133 7.44172e-07 7.17762e-05 1.53266e-14 0 0 0
q_reclas_q_pelaces
0.884934 3.33783
M
0.7
N
 35929.8 10534.8 3383.42 398.441 0.233664
 43417.7 16147 2593.3 601.065 69.0221
 21256.8 19685.8 4230.45 504.741 127.376
 30464.1 9011.02 3214.55 411.937 59.0616
 55251.1 14608.9 3500.82 1114.21 161.779
 39776 27267.8 6946.12 1631.26 593.613
 76013.4 18619 8939.05 1877.38 592.099
 73446.5 36355.2 7099.95 3014.92 824.748
 97390.4 33945.2 10897.8 1683.18 893.351
 114031 44631 9586.11 2367.35 548.005
 63750.6 53426.1 14724.9 2615.27 783.386
 44345.7 28431.7 12464 2417.99 542.632
 48133.8 19984.5 7136.87 2278.46 527.683
 25704.9 20319.5 3168.91 665.693 250.887
 14874.7 9260.69 1057.5 57.7991 15.3697
 13044.2 5163.06 370.993 13.1469 0.828427
 9414.74 5612.71 936.319 42.1243 1.529
 11434.9 4206.19 1325.66 156.555 7.10204
 12371.9 5271.23 1238.08 305.997 37.0559
 19306.7 5793.19 1732.14 335.79 91.633
 25458.5 9020.85 1874.85 459.41 111.575
 31845.1 12292 3676.63 697.095 210.749
 51724.2 15284.1 4804.12 1285.58 314.624
 73864.9 24642 5670.65 1556.53 512.884
 34368.6 35229.7 9215.09 1858.68 671.171
 47965.4 16522.7 13930.5 3277.7 892.23
 62150.9 23093.5 6601.77 5031.07 1493.88
pred_Ctot
 2469.26 3975.7 1655.21 197.955 0.116185
 2729.34 5688.79 1195.27 281.536 32.3572
 2257.71 10109 2670.93 322.419 81.4157
 753.349 1430.52 712.728 93.2769 13.3886
 244.928 447.812 155.809 50.7978 7.38514
 1646.65 6824.77 2356.75 563.957 205.427
 2020.17 3155.45 2108.64 452.156 142.761
 3675.31 10666.1 2782.53 1202.63 329.293
 5429.33 10873.7 4619.44 725.679 385.503
 4649.88 11027.5 3214.28 808.891 187.433
 4700.92 21261.4 7538.4 1358.96 407.39
 2966.45 10510.5 5989.9 1180.35 265.108
 5237.9 10423.8 4561.63 1473.1 341.371
 5168.95 14700.1 2567.23 542.415 204.488
 3286.95 6955.57 877.728 48.2152 12.8245
 1262.86 2493.79 223.053 8.00413 0.5047
 683.426 2207.58 474.581 21.674 0.787332
 592.189 1269.26 532.813 64.0305 2.9074
 509.323 1313.06 418.244 105.332 12.7684
 823.38 1487.08 601.442 118.784 32.4468
 508.199 1176.22 344.464 86.2611 20.9741
 768.606 1908.67 798.21 154.574 46.7839
 1514.75 2826.45 1230.48 336.064 82.3351
 2105.55 4448.14 1419.75 397.781 131.214
 789.686 5229.71 1916.72 394.922 142.769
 1052.4 2350.96 2782.66 668.922 182.297
 1338.38 3229.79 1297.18 1010.05 300.256
F
 0.0998341 0.70175 1.02794 1.05372 1.05511
 0.0909673 0.639423 0.936643 0.960132 0.961401
 0.158228 1.11221 1.62919 1.67005 1.67226
 0.0349191 0.245452 0.359544 0.368561 0.369048
 0.00618097 0.043447 0.0636422 0.0652382 0.0653244
 0.0590792 0.415277 0.608308 0.623563 0.624387
 0.0375717 0.264097 0.386856 0.396557 0.397081
 0.0718114 0.504773 0.739404 0.757947 0.758948
 0.0802985 0.564431 0.826792 0.847526 0.848646
 0.0581704 0.408889 0.59895 0.61397 0.614782
 0.107474 0.755453 1.10661 1.13436 1.13586
 0.0970572 0.68223 0.999347 1.02441 1.02576
 0.162405 1.14157 1.6722 1.71414 1.7164
 0.320903 2.25568 3.30417 3.38703 3.39151
 0.35813 2.51735 3.68747 3.77995 3.78494
 0.143307 1.00733 1.47556 1.51256 1.51456
 0.10572 0.743125 1.08855 1.11585 1.11732
 0.0744031 0.522991 0.76609 0.785301 0.786339
 0.058742 0.412907 0.604836 0.620004 0.620823
 0.060911 0.428153 0.627169 0.642897 0.643747
 0.0281032 0.197542 0.289364 0.29662 0.297012
 0.0340686 0.239473 0.350786 0.359583 0.360058
 0.0414719 0.291513 0.427015 0.437723 0.438302
 0.0403477 0.28361 0.415439 0.425857 0.42642
 0.0324093 0.22781 0.333702 0.34207 0.342522
 0.0309277 0.217396 0.318447 0.326433 0.326864
 0.0303468 0.213313 0.312466 0.320302 0.320725
Np
 25117 11941.9 10951.8 2940.04 988.658
YTP_r0W_actual
 15638 96165.8 55211.3 54830.3 18086.6
YTP_p0W_proyectada
 6319.79 124679 77483.9 26140.4 29870.1
 6319.79 49728.4 91591.4 32041.5 11969.8
CTP_r0_actual
 1907.08 4452.12 1758.32 1367.34 406.44
CTP_p0_proyectada
 770.707 5772.17 2467.64 651.88 671.239
 770.707 2302.24 2916.92 799.04 268.985
Wmedp
 8.2 21.6 31.4 40.1 44.5
nmprior
 10.8 10.6 4.6 0
nm_flota  nm_reclas  nm_pelaces    nm_pelaL
inf 22.8614 17.7389 56.0397
cv_recla  cv_pelaces  cv_mph
0.696994 0.426414 0.635398
 ------------------------------------------------
Talla a la edad & desviaci?n 
 7.2 14.2025 17.0495 18.207 18.6776
 1.08 2.13037 2.55742 2.73105 2.80164
