years
 1997 1998 1999 2000 2001 2002 2003 2004 2005 2006 2007 2008 2009 2010 2011 2012 2013 2014 2015 2016 2017 2018 2019 2020 2021 2022 2023
reclasobs
 0 0 0 370054 412103 1.49427e+06 250295 1.28982e+06 931140 785840 897777 1.04006e+06 184774 17550 25797 100020 73551 82996 120727 218422 84188 347160 605670 569463 516374 1.08416e+06 1.01767e+06
reclaspred
 556910 141071 373131 234768 356601 448467 966997 674504 761451 785257 669212 447566 269764 110001 66650.5 67107.3 80831.6 109393 121533 164567 247495 234683 399421 533473 721148 683229 619370
pelacesobs
 0 0 0 0 0 0 0 0 0 2.06254e+06 1.5e+06 0 1.87456e+06 323000 250000 174000 83755 137374 0 501740 490994 745055 786931 1.00524e+06 1.33801e+06 1.41789e+06 1.42762e+06
pelacespred
 2.21463e+06 467787 729813 730512 1.00574e+06 900222 2.61682e+06 2.04458e+06 2.17434e+06 2.21927e+06 1.56242e+06 1.08036e+06 687882 220748 147693 149744 187259 263499 281300 391639 678404 583127 822129 1.27401e+06 1.61669e+06 1.64232e+06 1.48925e+06
mphobs
 0 0 0 0 0 112323 0 153150 637223 0 255016 313432 73983 77613 109348 50772 17779 17303 59886 28197 0 207744 136588 643089 65757 70829 0
mphpred
 168643 93374.1 102533 98835 104567 172805 244995 308865 268442 287744 300523 203787 122845 64591.9 27838.8 23462.7 26926.9 34962.8 44354.2 51367.6 77000.7 94337.5 116844 166027 252550 273412 243759
desembarqueobs
 350755 77701 442110 56441 14545 235359 269955 359681 431902 328805 639364 411747 362871 311530 167758 66681 60226 58785 57116 73181 50977 67692 138656 160484 209506 203330 187013
desembarquepred
 350758 77698.7 442085 56443.7 14545.2 235433 270009 359656 431924 328801 639288 411795 362960 311655 167596 66676.8 60250.5 58776.3 57100.9 73176.3 50978 67679.7 138656 160488 209486 203305 187003
Reclutas
 38410.6 47284.2 22658.3 32038.3 60405.8 42479.4 80564.9 77668.2 101143 118845 63440.7 43286.2 49079.9 26063.2 15318.3 13784.5 9973.28 11989.3 13210 20685.4 27096.2 33919.2 55178 78731.4 41069.1 43364.9 51881.2
log_desv_Rt
 0.0360898 0.243932 -0.491719 -0.145312 0.48884 0.136775 0.776819 0.740201 1.00429 1.16557 0.53786 0.155589 0.281205 -0.35172 -0.883199 -0.988701 -1.31234 -1.12823 -1.03127 -0.582816 -0.312852 -0.0882649 0.398319 0.753798 0.103012 0.157406 0.336712
SSB
 511860 283406 311204 299980 317378 524490 743599 937456 814765 873351 912136 618528 372853 196047 84495.5 71213.2 81727.6 106118 134622 155909 233710 286330 354640 503921 766530 829852 739849
BT
 1.66894e+06 420996 693201 511825 635785 737666 1.81775e+06 1.66664e+06 1.74774e+06 1.69079e+06 1.533e+06 1.04163e+06 777670 424471 227761 147289 164194 210706 221463 301243 462456 421700 602892 917620 1.15401e+06 1.18277e+06 1.07738e+06
Ftot
 0.636099 0.580786 0.988787 0.230878 0.0441095 0.42352 0.281836 0.515093 0.582457 0.422548 0.795339 0.768713 1.28479 2.3556 2.52005 0.989378 0.727373 0.531529 0.421857 0.440936 0.201106 0.255758 0.31065 0.294679 0.239922 0.243354 0.2541
BD_Bspro_t
 0.923957 0.670925 0.593261 0.405789 0.547257 0.71967 0.664837 0.68597 0.619597 0.590053 0.570371 0.402637 0.291941 0.197957 0.107273 0.110477 0.167564 0.271269 0.376895 0.472542 0.600368 0.707011 0.716156 0.725073 0.74928 0.707368 0.674751
BD_Bspro
 0.666902 0.369249 0.405468 0.390844 0.413512 0.683359 0.968835 1.22141 1.06156 1.13789 1.18842 0.80588 0.485791 0.25543 0.110089 0.0927836 0.106483 0.138261 0.1754 0.203134 0.304501 0.373059 0.462061 0.656558 0.998712 1.08121 0.96395
BD_Bo
 0.455994 0.252474 0.277239 0.26724 0.282739 0.467246 0.662441 0.83514 0.72584 0.778032 0.812583 0.551021 0.332159 0.17465 0.0752734 0.0634408 0.0728076 0.0945358 0.119929 0.138893 0.208202 0.255079 0.315934 0.448921 0.682869 0.73928 0.6591
BD_Brms
 0.82908 0.459044 0.50407 0.485891 0.51407 0.849539 1.20444 1.51844 1.31971 1.4146 1.47742 1.00186 0.603926 0.317545 0.136861 0.115347 0.132377 0.171883 0.218053 0.252533 0.378549 0.46378 0.574426 0.816221 1.24158 1.34415 1.19836
S_f
 0.147151 1 1 1 1
 0.147151 1 1 1 1
 0.147151 1 1 1 1
 0.147151 1 1 1 1
 0.147151 1 1 1 1
 0.147151 1 1 1 1
 0.147151 1 1 1 1
 0.147151 1 1 1 1
 0.147151 1 1 1 1
 0.147151 1 1 1 1
 0.147151 1 1 1 1
 0.147151 1 1 1 1
 0.147151 1 1 1 1
 0.147151 1 1 1 1
 0.147151 1 1 1 1
 0.147151 1 1 1 1
 0.147151 1 1 1 1
 0.147151 1 1 1 1
 0.147151 1 1 1 1
 0.147151 1 1 1 1
 0.147151 1 1 1 1
 0.147151 1 1 1 1
 0.147151 1 1 1 1
 0.147151 1 1 1 1
 0.147151 1 1 1 1
 0.147151 1 1 1 1
 0.147151 1 1 1 1
Scru_reclas
 0.627648 0.954101 0.996114 0.999684 0.999974
 0.627648 0.954101 0.996114 0.999684 0.999974
 0.627648 0.954101 0.996114 0.999684 0.999974
 0.627648 0.954101 0.996114 0.999684 0.999974
 0.627648 0.954101 0.996114 0.999684 0.999974
 0.627648 0.954101 0.996114 0.999684 0.999974
 0.627648 0.954101 0.996114 0.999684 0.999974
 0.627648 0.954101 0.996114 0.999684 0.999974
 0.627648 0.954101 0.996114 0.999684 0.999974
 0.627648 0.954101 0.996114 0.999684 0.999974
 0.627648 0.954101 0.996114 0.999684 0.999974
 0.627648 0.954101 0.996114 0.999684 0.999974
 0.627648 0.954101 0.996114 0.999684 0.999974
 0.627648 0.954101 0.996114 0.999684 0.999974
 0.627648 0.954101 0.996114 0.999684 0.999974
 0.627648 0.954101 0.996114 0.999684 0.999974
 0.627648 0.954101 0.996114 0.999684 0.999974
 0.627648 0.954101 0.996114 0.999684 0.999974
 0.627648 0.954101 0.996114 0.999684 0.999974
 0.627648 0.954101 0.996114 0.999684 0.999974
 0.627648 0.954101 0.996114 0.999684 0.999974
 0.627648 0.954101 0.996114 0.999684 0.999974
 0.627648 0.954101 0.996114 0.999684 0.999974
 0.627648 0.954101 0.996114 0.999684 0.999974
 0.627648 0.954101 0.996114 0.999684 0.999974
 0.627648 0.954101 0.996114 0.999684 0.999974
 0.627648 0.954101 0.996114 0.999684 0.999974
Scru_pelaces
 0.957292 1 1 1 1
 0.957292 1 1 1 1
 0.957292 1 1 1 1
 0.957292 1 1 1 1
 0.957292 1 1 1 1
 0.957292 1 1 1 1
 0.957292 1 1 1 1
 0.957292 1 1 1 1
 0.957292 1 1 1 1
 0.957292 1 1 1 1
 0.957292 1 1 1 1
 0.957292 1 1 1 1
 0.957292 1 1 1 1
 0.957292 1 1 1 1
 0.957292 1 1 1 1
 0.957292 1 1 1 1
 0.957292 1 1 1 1
 0.957292 1 1 1 1
 0.957292 1 1 1 1
 0.957292 1 1 1 1
 0.957292 1 1 1 1
 0.957292 1 1 1 1
 0.957292 1 1 1 1
 0.957292 1 1 1 1
 0.957292 1 1 1 1
 0.957292 1 1 1 1
 0.957292 1 1 1 1
pf_obs 
 0.256992 0.487395 0.22802 0.0275931 0
 0.321318 0.546541 0.124235 0.00734118 0.000564706
 0.182869 0.594174 0.210203 0.0122559 0.00049798
 0.330522 0.361315 0.267642 0.0388342 0.00168674
 0.649043 0.306663 0.0425973 0.00169635 0
 0.582887 0.30429 0.105238 0.00758474 0
 0.465427 0.430635 0.0974691 0.00646863 0
 0.296916 0.608066 0.0921331 0.00288517 0
 0.311714 0.524322 0.152257 0.0117073 0
 0.15457 0.633149 0.183074 0.0267441 0.00246327
 0.131901 0.49318 0.331252 0.0422183 0.00144891
 0.196976 0.569456 0.194076 0.0375587 0.00193317
 0.518974 0.381816 0.0799577 0.0180837 0.00116848
 0.0928022 0.601141 0.25162 0.0475244 0.00691264
 0.122501 0.610282 0.24278 0.0234846 0.000952079
 0.383417 0.481906 0.127806 0.00687128 0
 0.0376549 0.599619 0.316969 0.0457579 0
 0.0361596 0.667082 0.258105 0.0386534 0
 0.158088 0.579412 0.248529 0.0139706 0
 0.0477256 0.309471 0.559284 0.082774 0.000745712
 0.0406174 0.521527 0.379366 0.0568643 0.0016247
 0.151134 0.462217 0.34131 0.0453401 0
 0.294876 0.26143 0.354403 0.0886775 0.000613685
 0.281977 0.475581 0.204845 0.0348837 0.00271318
 0.0841818 0.532909 0.334909 0.0458182 0.00218182
 0.115287 0.27431 0.454777 0.147771 0.00785563
 0.0989387 0.350907 0.424855 0.114687 0.0106128
pf_pred 
 0.296988 0.493965 0.186727 0.0223091 1.02196e-05
 0.281941 0.572921 0.10198 0.0385504 0.00460788
 0.144469 0.66809 0.149554 0.0266207 0.0112659
 0.257131 0.487369 0.199522 0.0446635 0.0113146
 0.298643 0.508192 0.126728 0.0518808 0.0145558
 0.154376 0.631827 0.154914 0.0386311 0.0202521
 0.286145 0.431511 0.21096 0.051724 0.0196604
 0.213279 0.595987 0.115295 0.056366 0.0190731
 0.264831 0.517571 0.164843 0.0318892 0.0208656
 0.252824 0.572313 0.123107 0.0392087 0.012548
 0.140763 0.634971 0.171781 0.0369507 0.0155349
 0.156454 0.527113 0.233842 0.063262 0.0193289
 0.271617 0.473635 0.159186 0.0706195 0.0249422
 0.239351 0.633307 0.0828054 0.0278305 0.016707
 0.31076 0.612824 0.0636229 0.00831875 0.00447431
 0.333794 0.617814 0.0430264 0.00446697 0.000898201
 0.213606 0.668345 0.109474 0.00762409 0.000950684
 0.258346 0.53921 0.172054 0.0281823 0.00220743
 0.236849 0.57621 0.135913 0.0433681 0.00766005
 0.294633 0.509213 0.148104 0.034934 0.0131159
 0.257929 0.578187 0.11831 0.0344104 0.0111639
 0.232666 0.554386 0.165919 0.0339509 0.0130782
 0.281823 0.502715 0.155667 0.0465888 0.0132054
 0.271557 0.550917 0.124266 0.0384795 0.0147805
 0.116128 0.658663 0.170324 0.0384188 0.0164661
 0.150744 0.425285 0.315944 0.0817002 0.0263269
 0.188487 0.467287 0.17238 0.128061 0.0437864
pobs_RECLAS
 0 0 0 0 0
 0 0 0 0 0
 0 0 0 0 0
 0 0 0 0 0
 0.835266 0.146461 0.0176864 0.000547809 3.91292e-05
 0.385257 0.428462 0.181853 0.0044286 0
 0.867414 0.0963971 0.0333333 0.00285562 0
 0.441836 0.489002 0.0689373 0.000224442 0
 0.779404 0.147425 0.0564933 0.0165055 0.000172143
 0.814271 0.122319 0.05973 0.00367925 0
 0.40263 0.566651 0.0304383 0.000280538 0
 0.475488 0.404961 0.113038 0.00651328 0
 0.955842 0.0263864 0.0167828 0.000988607 0
 0.975058 0.0227948 0.00214734 0 0
 0.738997 0.206755 0.0527124 0.00153531 0
 0.850938 0.134255 0.0134407 0.00136685 0
 0.542534 0.407297 0.0501686 0 0
 0.764087 0.199537 0.0359546 0.000420521 0
 0.470689 0.182191 0.310203 0.0369168 0
 0.84361 0.089868 0.0606195 0.00523954 0.000663233
 0.607945 0.314616 0.071237 0.00620181 0
 0.523733 0.453247 0.0230204 0 0
 0.530135 0.295979 0.169645 0.0042399 0
 0.562478 0.366248 0.0663022 0.0049721 0
 0.250443 0.683176 0.0655157 0.000865301 0
 0.195077 0.31981 0.436473 0.0351445 0.0134964
 0.565238 0.351407 0.0832357 0.000118908 0
ppred_RECLAS
 0.66148 0.234757 0.0926498 0.0111089 5.09037e-06
 0.644609 0.280992 0.0522193 0.0198105 0.00236862
 0.449077 0.426038 0.0995692 0.0177869 0.00752963
 0.60701 0.253908 0.108524 0.0243803 0.00617809
 0.6533 0.248115 0.0645971 0.0265399 0.00744824
 0.453495 0.403731 0.103347 0.0258642 0.0135631
 0.641695 0.212801 0.108616 0.0267265 0.0101618
 0.554057 0.334138 0.0674859 0.0331112 0.0112074
 0.623703 0.261439 0.0869335 0.0168777 0.0110465
 0.606173 0.298503 0.0670365 0.0214273 0.00685936
 0.435537 0.4123 0.116453 0.0251391 0.0105721
 0.464267 0.329207 0.152476 0.0413978 0.0126523
 0.650592 0.223648 0.0784771 0.0349393 0.0123439
 0.657245 0.283221 0.0386621 0.0130407 0.00783078
 0.740491 0.2296 0.0248866 0.0032656 0.00175694
 0.708849 0.269134 0.0195686 0.00203888 0.000410089
 0.560712 0.370878 0.0634243 0.00443288 0.000552918
 0.614941 0.276585 0.0921408 0.0151466 0.00118673
 0.585237 0.309743 0.0762779 0.0244265 0.00431566
 0.65509 0.245919 0.0746748 0.017677 0.00663871
 0.608821 0.301783 0.0644709 0.0188185 0.00610712
 0.576156 0.302453 0.0945054 0.0194073 0.00747805
 0.638248 0.249842 0.080771 0.0242601 0.00687843
 0.626629 0.279302 0.0657744 0.0204402 0.00785368
 0.370658 0.463674 0.125182 0.0283375 0.0121489
 0.440498 0.274027 0.212538 0.0551575 0.017779
 0.508355 0.277688 0.106949 0.0797368 0.0272714
pobs_PELACES
 0 0 0 0 0
 0 0 0 0 0
 0 0 0 0 0
 0 0 0 0 0
 0 0 0 0 0
 0 0 0 0 0
 0 0 0 0 0
 0 0 0 0 0
 0 0 0 0 0
 0 0 0 0 0
 0.450072 0.473896 0.0757376 0.000293798 0
 0 0 0 0 0
 0.463077 0.371075 0.160297 0.00555027 0
 0.529543 0.364841 0.0842815 0.0213345 0
 0.631943 0.363953 0.00410389 0 0
 0.735681 0.248677 0.0153453 0.000297389 0
 0.695825 0.281241 0.0229344 0 0
 0.275771 0.60734 0.115278 0.00161068 0
 0 0 0 0 0
 0.896147 0.0623911 0.0374545 0.00400742 0
 0.803859 0.145111 0.0509908 3.86294e-05 0
 0.739449 0.233085 0.0266225 0.000797448 4.60066e-05
 0.878498 0.100942 0.0204185 0.000141795 0
 0.694673 0.275183 0.0284847 0.00165964 0
 0.469039 0.446079 0.0841089 0.000773354 0
 0.822795 0.102175 0.0682046 0.00682512 0
 0.69333 0.244118 0.0624202 0.000131731 0
ppred_PELACES
 0.775074 0.158042 0.0597427 0.00713771 3.26972e-06
 0.75825 0.192886 0.0343338 0.0129788 0.00155134
 0.612728 0.302424 0.0676983 0.0120504 0.00509973
 0.70893 0.19096 0.0781763 0.0175 0.00443329
 0.737603 0.190129 0.0474127 0.0194101 0.00544572
 0.579109 0.314478 0.0771052 0.0192278 0.0100801
 0.741702 0.156136 0.0763328 0.0187156 0.00711385
 0.67878 0.243343 0.0470751 0.0230144 0.0077876
 0.742229 0.181475 0.0577987 0.0111812 0.00731606
 0.718257 0.215806 0.0464206 0.0147847 0.00473154
 0.586944 0.305246 0.0825793 0.0177631 0.00746799
 0.614215 0.241069 0.106945 0.0289321 0.00883986
 0.79805 0.131319 0.0441357 0.0195798 0.00691544
 0.845105 0.128963 0.0168621 0.00566727 0.00340213
 0.894528 0.0937785 0.00973602 0.00127299 0.000684689
 0.824424 0.162822 0.0113394 0.00117725 0.000236717
 0.696468 0.257967 0.0422547 0.00294274 0.000366944
 0.732034 0.194821 0.0621649 0.0101825 0.000797566
 0.70039 0.226217 0.053359 0.0170261 0.0030073
 0.760087 0.173196 0.0503738 0.0118819 0.00446102
 0.707652 0.227783 0.0466097 0.0135564 0.00439814
 0.682766 0.229196 0.0685948 0.0140361 0.00540683
 0.739579 0.182292 0.0564473 0.0168938 0.00478847
 0.728458 0.205366 0.0463228 0.014344 0.00550975
 0.481174 0.38663 0.0999789 0.0225515 0.00966548
 0.556437 0.222125 0.165016 0.0426717 0.0137505
 0.622313 0.21748 0.0802273 0.0596008 0.0203786
pobs_pel_tallas
 0 0 0 0 0 0 0 0 0 0 0 0 0 0 0 0 0 0 0 0 0 0 0 0 0 0 0 0 0 0 0 0 0 0 0 0
 0 0 0 0 0 0 0 0 0 0 0 0 0 0 0 0 0 0 0 0 0 0 0 0 0 0 0 0 0 0 0 0 0 0 0 0
 0 0 0 0 0 0 0 0 0 0 0 0 0 0 0 0 0 0 0 0 0 0 0 0 0 0 0 0 0 0 0 0 0 0 0 0
 0 0 0 0 0 0 0 0 0 0 0 0 0 0 0 0 0 0 0 0 0 0 0 0 0 0 0 0 0 0 0 0 0 0 0 0
 0 0 0 0 0 0 0 0 0 0 0 0 0 0 0 0 0 0 0 0 0 0 0 0 0 0 0 0 0 0 0 0 0 0 0 0
 0 0 0 0 0 0 0 0 0 0 0 0 0 0 0 0 0 0 0 0 0 0 0 0 0 0 0 0 0 0 0 0 0 0 0 0
 0 0 0 0 0 0 0 0 0 0 0 0 0 0 0 0 0 0 0 0 0 0 0 0 0 0 0 0 0 0 0 0 0 0 0 0
 0 0 0 0 0 0 0 0 0 0 0 0 0 0 0 0 0 0 0 0 0 0 0 0 0 0 0 0 0 0 0 0 0 0 0 0
 0 0 0 0 0 0 0 0 0 0 0 0 0 0 0 0 0 0 0 0 0 0 0 0 0 0 0 0 0 0 0 0 0 0 0 0
 0 0 0 0 0 0 0 0 0 0 0 0 0 0 0 0 0 0 0 0 0 0 0 0 0 0 0 0 0 0 0 0 0 0 0 0
 0 0 0 0 0 0 0 0 1.78061e-05 0.00172719 0.00360574 0.0105946 0.0120993 0.0124554 0.0147524 0.0171206 0.0266825 0.0428682 0.0675386 0.121331 0.153587 0.119568 0.100827 0.0573624 0.0630603 0.0341343 0.0324427 0.0444173 0.0211091 0.0280891 0.0125444 0.00206551 0 0 0 0
 0 0 0 0 0 0 0 0 0 0 0 0 0 0 0 0 0 0 0 0 0 0 0 0 0 0 0 0 0 0 0 0 0 0 0 0
 0 0 0 0 0 0 0.0133647 0.0140871 0.0187388 0.0205184 0.03894 0.0496705 0.03968 0.0493445 0.0407372 0.0367815 0.0215668 0.0243155 0.0234873 0.0199281 0.019796 0.0243948 0.0301388 0.0376714 0.0412746 0.0863199 0.0771752 0.113111 0.0741005 0.0525337 0.0229764 0.00759418 0.00175318 0 0 0
 0 0 0 0 0 0 0 0 0 0 0.00219441 0.00772107 0.0458388 0.0604681 0.0671733 0.0775358 0.0609151 0.0617685 0.073594 0.0568108 0.0755445 0.0548602 0.0670107 0.0636378 0.0643287 0.046367 0.0373049 0.0286899 0.0247887 0.0153202 0.00654259 0.00121912 0.000365735 0 0 0
 0 0 0 0 0 0 0 0 0 0 0 0 0.000112435 0.00938835 0.0111873 0.0202946 0.0414886 0.0713402 0.111592 0.104902 0.108894 0.110636 0.117776 0.105296 0.107544 0.0401394 0.0192827 0.0124803 0.00416011 0.0028671 0.000618394 0 0 0 0 0
 0 0 0 0 0 0 0 0 0 0 0.00291406 0.0102884 0.027416 0.0768956 0.0749926 0.110853 0.0956884 0.0897413 0.0766577 0.0534642 0.0500743 0.0551293 0.0594112 0.0620874 0.0668451 0.0424026 0.0208742 0.0120726 0.0048766 0.00582813 0.00118941 0.000297354 0 0 0 0
 0 0.00264628 0.0354308 0.0461629 0.0458689 0.0383711 0.0214643 0.0164657 0.0346957 0.0420465 0.0363128 0.0245516 0.0311673 0.0291091 0.0169068 0.0133784 0.00837989 0.0085269 0.0148486 0.0160247 0.0276389 0.0546898 0.0760071 0.122758 0.109233 0.0665981 0.0333725 0.0166128 0.00676272 0.00308733 0.000882094 0 0 0 0 0
 0 0 0 0 0 0 0 0.000805153 0.000690131 0.00759144 0.0133425 0.0154129 0.00931677 0.000345066 0.00356568 0.00563607 0.00851162 0.0253048 0.0502646 0.0516448 0.0657925 0.0565908 0.0611916 0.0827007 0.0866115 0.110766 0.145733 0.0935128 0.0569358 0.0249597 0.0138026 0.00621118 0.00161031 0.00115022 0 0
 0 0 0 0 0 0 0 0 0 0 0 0 0 0 0 0 0 0 0 0 0 0 0 0 0 0 0 0 0 0 0 0 0 0 0 0
 0.00147267 0.00158595 0.00478618 0.00569244 0.00954404 0.0108468 0.00647125 0.017049 0.0510054 0.094081 0.124002 0.0959785 0.0687766 0.0820023 0.061753 0.0591476 0.0492212 0.0479892 0.0443925 0.0268479 0.0217502 0.0140895 0.0121071 0.0120363 0.00920419 0.00665534 0.0049561 0.00860946 0.00930331 0.0156896 0.0114698 0.00855282 0.00243557 0.00046729 0 2.83206e-05
 0 0 0 0 0.000772559 0.00158375 0.000888443 0.00281984 0.00712685 0.0440552 0.0773331 0.111326 0.0921469 0.0852325 0.0710754 0.0886704 0.0786465 0.0553345 0.0373146 0.0185414 0.00753245 0.00457741 0.012979 0.0271748 0.0457355 0.0583668 0.034881 0.0177882 0.00938659 0.00492506 0.0015258 0.00185414 0.000309023 5.79419e-05 3.86279e-05 0
 0 0.00173294 0.00326652 0 0.00397197 0.00683976 0.00946217 0.0152591 0.00757587 0.0136028 0.0228656 0.0392903 0.0559909 0.0764795 0.0681675 0.0726916 0.0566044 0.0477403 0.0527397 0.0444891 0.0609904 0.0582453 0.0661739 0.0445044 0.0529084 0.0360697 0.0280645 0.0235558 0.0158879 0.00826598 0.00280645 0.00217768 0.000904811 0.00058276 9.20147e-05 0
 0 0 0 0 0 0 0 0 0 0 0 0 0 0 0 0 0 0 0 0 0 0 0 0 0 0 0 0 0 0 0 0 0 0 0 0
 0 0 0 0 0 0 0 0 0 0 0 0 0 0 0 0 0 0 0 0 0 0 0 0 0 0 0 0 0 0 0 0 0 0 0 0
 0 0 0 0 0 0 0 0 0 0 0 0 0 0 0 0 0 0 0 0 0 0 0 0 0 0 0 0 0 0 0 0 0 0 0 0
 0 0 0 0 0 0 0 0 0 0 0 0 0 0 0 0 0 0 0 0 0 0 0 0 0 0 0 0 0 0 0 0 0 0 0 0
 0 0 0 0 0 0 0 0 0 0 0 0 0 0 0 0 0 0 0 0 0 0 0 0 0 0 0 0 0 0 0 0 0 0 0 0
ppred_pel_tallas
 1.01146e-16 3.3816e-05 0.000198476 0.000943474 0.00363244 0.0113274 0.0286122 0.0585442 0.0970429 0.130324 0.141814 0.125078 0.0895104 0.0521888 0.0252347 0.0109574 0.00565829 0.00498561 0.00627303 0.00834995 0.0107377 0.0131474 0.0153131 0.0169862 0.0179779 0.0181986 0.0176738 0.0165296 0.0149549 0.0131536 0.011304 0.00953382 0.00791672 0.00648173 0.00523024 0.00415136
 1.01069e-16 3.30838e-05 0.000194174 0.000923015 0.00355366 0.0110817 0.0279916 0.0572747 0.0949397 0.127503 0.138752 0.122398 0.0876362 0.0511842 0.024913 0.0110964 0.00612922 0.00576107 0.00737863 0.00981508 0.012562 0.0152817 0.017653 0.0193799 0.0202467 0.0201665 0.0191994 0.0175303 0.015419 0.0131365 0.010911 0.00889607 0.00716583 0.00572985 0.00455817 0.00360525
 1.01712e-16 2.67429e-05 0.000156937 0.000745963 0.00287192 0.00895575 0.0226217 0.0462883 0.0767329 0.103065 0.112194 0.0990559 0.0711096 0.0419079 0.0211009 0.0105938 0.00754074 0.0085559 0.011535 0.0154799 0.019851 0.02418 0.0279739 0.0307674 0.0322177 0.0321817 0.0307446 0.028188 0.0249115 0.0213354 0.0178161 0.0145974 0.011802 0.0094538 0.00751562 0.00592506
 1.01981e-16 3.09332e-05 0.000181549 0.000862991 0.00332255 0.010361 0.0261712 0.05355 0.088766 0.119213 0.129735 0.114453 0.0819686 0.0479166 0.0234034 0.0105649 0.00604195 0.00587334 0.00762717 0.0102205 0.01318 0.0161844 0.0189193 0.0210859 0.022454 0.0229098 0.0224751 0.0212899 0.0195682 0.0175421 0.0154136 0.013328 0.0113694 0.00957387 0.0079493 0.00649294
 1.01657e-16 3.21834e-05 0.000188888 0.000897885 0.0034569 0.01078 0.0272295 0.0557153 0.0923549 0.124032 0.134976 0.11907 0.0852593 0.0498084 0.0242671 0.0108505 0.00605542 0.00575178 0.00740217 0.00987578 0.0126811 0.0154907 0.0179907 0.0198885 0.0209667 0.0211298 0.0204229 0.0190109 0.0171309 0.0150326 0.012927 0.0109577 0.00919685 0.00766026 0.0063305 0.00517878
 1.02329e-16 2.52774e-05 0.000148332 0.000705053 0.0027144 0.00846453 0.0213809 0.0437497 0.0725255 0.0974165 0.106053 0.0936512 0.0672678 0.0397206 0.0201423 0.0103479 0.00766267 0.00889848 0.0120709 0.0162295 0.0208425 0.0254327 0.0294911 0.0325345 0.0342041 0.0343454 0.0330383 0.0305636 0.0273235 0.0237414 0.0201761 0.016873 0.0139558 0.0114509 0.00932606 0.00752645
 1.02111e-16 3.23608e-05 0.000189933 0.000902858 0.00347606 0.0108398 0.0273804 0.0560238 0.0928653 0.124715 0.135712 0.119701 0.0856728 0.0499726 0.0242039 0.0105816 0.00557275 0.00501998 0.00637887 0.00853518 0.0110346 0.0136009 0.0159761 0.0179144 0.0192231 0.0198005 0.0196522 0.0188776 0.0176357 0.0161016 0.0144292 0.0127313 0.0110767 0.00950081 0.00802095 0.00664877
 1.01903e-16 2.96205e-05 0.000173837 0.000826321 0.00318134 0.00992068 0.0250589 0.0512746 0.084996 0.114155 0.124244 0.109642 0.0785934 0.0460856 0.0227733 0.0107253 0.00674742 0.00705963 0.0093277 0.0124826 0.0160096 0.019515 0.0226017 0.0248979 0.0261306 0.0261864 0.0251341 0.0231976 0.020693 0.01795 0.0152451 0.0127629 0.0105919 0.00874309 0.00718258 0.00586057
 1.01606e-16 3.23848e-05 0.000190072 0.000903512 0.00347857 0.0108476 0.0274001 0.0560644 0.0929334 0.124808 0.135819 0.119808 0.0857768 0.0500884 0.0243622 0.0108235 0.00594371 0.0055654 0.00713651 0.00952475 0.0122457 0.0149837 0.0174378 0.0193263 0.0204371 0.0206728 0.0200684 0.0187738 0.0170084 0.0150062 0.0129677 0.0110328 0.00927641 0.0077216 0.00636073 0.00517446
 1.01459e-16 3.13409e-05 0.00018394 0.000874354 0.00336629 0.0104974 0.0265158 0.0542552 0.0899355 0.120785 0.13145 0.115977 0.0830817 0.0486113 0.0238239 0.0108894 0.00640887 0.00636874 0.00829692 0.0110777 0.0142024 0.0173086 0.0200407 0.022067 0.0231434 0.0231677 0.0221997 0.020438 0.0181643 0.0156739 0.0132163 0.0109605 0.00899008 0.00731971 0.00592226 0.00475467
 1.02232e-16 2.56187e-05 0.000150337 0.000714584 0.0027511 0.00857899 0.02167 0.0443411 0.0735056 0.0987318 0.107481 0.0949054 0.0681525 0.0402106 0.020331 0.0103477 0.00754447 0.00868659 0.0117634 0.0158178 0.0203239 0.0248163 0.0288001 0.0318045 0.0334781 0.0336666 0.0324422 0.0300722 0.0269423 0.0234604 0.0199745 0.0167247 0.0138355 0.0113387 0.00920933 0.00740036
 1.03004e-16 2.68053e-05 0.000157309 0.000747743 0.00287879 0.0089772 0.0226758 0.0463986 0.076914 0.103303 0.11244 0.0992418 0.0711747 0.0418094 0.0207998 0.0100341 0.00664071 0.00721831 0.00967036 0.0130377 0.0168513 0.0207384 0.0243099 0.0271891 0.0290827 0.0298406 0.0294802 0.0281659 0.0261538 0.0237231 0.0211178 0.0185138 0.0160152 0.0136705 0.0114975 0.00950401
 1.01666e-16 3.48167e-05 0.000204354 0.000971423 0.00374006 0.0116631 0.0294599 0.0602784 0.0999166 0.13418 0.146002 0.128755 0.0921014 0.0536192 0.025776 0.0109354 0.00527502 0.00430421 0.00527704 0.00700166 0.00901511 0.0110648 0.0129307 0.0144092 0.0153458 0.0156666 0.0153903 0.014616 0.0134913 0.0121735 0.0107963 0.00945204 0.00818973 0.00702543 0.00595747 0.00497972
 1.00636e-16 3.68684e-05 0.0002164 0.00102869 0.00396055 0.0123506 0.0311967 0.063832 0.105807 0.142089 0.154604 0.136332 0.0975029 0.0567259 0.0271974 0.0114118 0.00531111 0.00412934 0.0049492 0.00650224 0.00829701 0.0100712 0.0116033 0.0126956 0.0132061 0.0130811 0.0123658 0.0111904 0.0097343 0.00818374 0.00669413 0.0053686 0.00425446 0.00335366 0.00264025 0.00207736
 1.00245e-16 3.90221e-05 0.000229046 0.00108882 0.00419209 0.0130727 0.0330205 0.0675633 0.11199 0.150389 0.163625 0.144261 0.10312 0.0598841 0.0285059 0.0116056 0.0048684 0.00323535 0.00361619 0.00468414 0.00595608 0.00721053 0.00828015 0.00902001 0.00932781 0.00916647 0.00857254 0.00764513 0.00652015 0.00533831 0.00421734 0.00323557 0.0024289 0.00179825 0.00132227 0.000970208
 1.00266e-16 3.5968e-05 0.00021111 0.00100354 0.0038637 0.0120486 0.0304338 0.0622713 0.103221 0.138619 0.150837 0.133031 0.095186 0.0554668 0.0267599 0.0115136 0.00578345 0.00492861 0.0061003 0.00804189 0.0102361 0.0123735 0.0141767 0.015397 0.0158589 0.0155017 0.0143938 0.0127134 0.0107026 0.00861084 0.0066465 0.00494717 0.00357438 0.00252666 0.00176222 0.00122198
 1.00803e-16 3.03925e-05 0.000178368 0.000847856 0.00326425 0.0101792 0.025712 0.052611 0.0872115 0.117131 0.127485 0.112505 0.0806525 0.0473069 0.023402 0.0110618 0.00700921 0.00736362 0.00972417 0.0129835 0.0165984 0.020146 0.0232001 0.0253642 0.0263516 0.0260509 0.024551 0.0221118 0.0190951 0.0158788 0.0127823 0.0100221 0.00770313 0.00583859 0.00438279 0.00326437
 1.01334e-16 3.19408e-05 0.000187463 0.00089111 0.00343081 0.0106987 0.027024 0.0552949 0.0916583 0.123097 0.13396 0.118178 0.0846294 0.0494582 0.0241301 0.0108466 0.00613469 0.00589858 0.00762118 0.0101786 0.0130779 0.0159848 0.0185759 0.0205474 0.0216713 0.0218434 0.0211039 0.0196172 0.0176246 0.0153837 0.013117 0.0109811 0.00906172 0.0073868 0.00594866 0.00472438
 1.01557e-16 3.05622e-05 0.000179367 0.000852614 0.00328258 0.0102364 0.0258564 0.0529062 0.0876998 0.117784 0.128188 0.113108 0.0810475 0.0474629 0.0233393 0.0108002 0.00653919 0.00664859 0.00871957 0.0116593 0.0149588 0.0182444 0.0211443 0.02331 0.0244839 0.0245556 0.0235841 0.0217733 0.0194145 0.0168142 0.0142323 0.0118466 0.00974659 0.00795126 0.00643664 0.00516213
 1.01389e-16 3.31631e-05 0.000194642 0.000925242 0.00356224 0.0111085 0.0280592 0.0574128 0.0951681 0.127808 0.13908 0.122677 0.0878138 0.0512434 0.0248594 0.0109339 0.00584706 0.00533571 0.00678435 0.00903653 0.0116057 0.014184 0.0164831 0.0182341 0.0192364 0.0193997 0.0187617 0.0174696 0.0157379 0.0137939 0.0118322 0.00998732 0.00833036 0.00688115 0.00562887 0.00455084
 1.01408e-16 3.08789e-05 0.000181227 0.000861453 0.00331661 0.0103425 0.0261245 0.0534546 0.0886089 0.119005 0.129517 0.114279 0.0818842 0.0479482 0.0235688 0.0108905 0.00657103 0.00666014 0.00872206 0.0116507 0.0149305 0.0181833 0.021034 0.0231327 0.0242227 0.024198 0.0231245 0.0212155 0.018772 0.0161097 0.0134946 0.0111074 0.00903662 0.00729664 0.00585657 0.00466774
 1.01784e-16 2.97939e-05 0.000174856 0.000831167 0.0032 0.00997888 0.0252059 0.0515753 0.085494 0.114823 0.124968 0.110273 0.0790287 0.0463074 0.0228212 0.0106458 0.00656385 0.00677151 0.00892409 0.0119563 0.0153675 0.018784 0.0218298 0.0241499 0.0254778 0.0256934 0.0248456 0.0231288 0.0208265 0.0182403 0.0156282 0.01317 0.0109613 0.00903004 0.00736322 0.00593169
 1.01665e-16 3.22692e-05 0.000189393 0.000900286 0.00346615 0.0108089 0.0273023 0.0558643 0.0926016 0.124363 0.135334 0.119382 0.0854734 0.0499152 0.0242853 0.0108017 0.00594956 0.00558662 0.00717031 0.00957212 0.0123085 0.0150633 0.0175349 0.0194408 0.0205682 0.0208194 0.0202295 0.018948 0.0171943 0.0152019 0.0131705 0.0112387 0.00948054 0.00791841 0.00654462 0.00534047
 1.01475e-16 3.17852e-05 0.000186549 0.000886763 0.00341407 0.0106464 0.0268921 0.0550252 0.0912114 0.122498 0.133311 0.117611 0.0842354 0.0492527 0.0240756 0.0108989 0.0062696 0.00611325 0.00792269 0.0105722 0.0135586 0.016533 0.0191562 0.0211124 0.0221686 0.0222261 0.0213398 0.0196961 0.0175606 0.0152117 0.0128849 0.0107403 0.00885707 0.00725026 0.00589575 0.00475484
 1.02772e-16 2.101e-05 0.000123272 0.000585898 0.0022556 0.00703377 0.017767 0.036356 0.0602725 0.0809699 0.0881789 0.0779407 0.0561429 0.0334729 0.017568 0.00999503 0.00858965 0.0107455 0.014821 0.0199803 0.0256727 0.0313353 0.0363463 0.040111 0.042186 0.0423787 0.0407841 0.0377449 0.0337532 0.029329 0.0249145 0.0208137 0.0171829 0.014059 0.0114067 0.00916228
 1.04524e-16 2.42852e-05 0.000142516 0.000677417 0.00260803 0.00813283 0.020543 0.0420345 0.0696802 0.0935887 0.10187 0.0899196 0.0645059 0.037927 0.0189354 0.00925174 0.00628786 0.00697868 0.00944358 0.0128326 0.0167375 0.020831 0.0247607 0.0281721 0.0307699 0.0323719 0.0329343 0.0325377 0.031346 0.0295536 0.0273415 0.0248546 0.0222004 0.0194618 0.0167132 0.0140302
 1.0421e-16 2.71573e-05 0.000159378 0.000757586 0.0029167 0.00909543 0.0229744 0.0470093 0.0779256 0.104659 0.11391 0.100523 0.0720599 0.0422611 0.0208976 0.00987038 0.00625833 0.0066072 0.00879322 0.0118575 0.0153528 0.0189431 0.0222844 0.0250449 0.0269666 0.027917 0.0279096 0.0270826 0.0256493 0.0238369 0.0218354 0.0197726 0.0177147 0.0156858 0.0136931 0.0117477
pSPR Fmed_Fpbrs
0.448113   0.6 0.325
Fs Fmed_Fpbrs
0.66   0.358496 1.12889
SSBpbr Bo_Bmed_Bpbrs
1.12251e+06  446888  617383 308691
Ro
37049.1
SPR SPRFo_SPRFmed_SPRFpbrs
767519 343935 249444
log_Ro
10.34
likeval ReclasPelacesDesembMPH_pf_preclas_ppelaces_ptallas_desvR_qrecl_qpela
 64.2445 15.9517 0.00828812 0.000581457 351.336 209.564 60.1427 0 16.3241 4.40918e-06 5.789e-05 1.03246e-15 0 0 0
q_reclas_q_pelaces
0.742635 2.95195
M
0.7
N
 38410.6 11761.9 4446.19 531.205 0.24334
 47284.2 17369.8 3091.83 1168.77 139.701
 22658.3 21557.3 4825.65 858.97 363.517
 32038.3 9728.15 3982.57 891.508 225.847
 60405.8 15378.3 3834.91 1569.96 440.469
 42479.4 29802.5 7307.12 1822.18 955.268
 80564.9 19820.1 9689.8 2375.79 903.043
 77668.2 38382.1 7425.07 3630.02 1228.32
 101143 35753.5 11387.3 2202.89 1441.38
 118845 46100.7 9916.41 3158.32 1010.76
 63440.7 55458.7 15003.4 3227.29 1356.83
 43286.2 28024.2 12432.3 3363.36 1027.63
 49079.9 19196.3 6451.78 2862.19 1010.9
 26063.2 20173.9 2637.76 886.539 532.201
 15318.3 9151.29 950.08 124.224 66.8147
 13784.5 5249.94 365.621 37.9585 7.63255
 9973.28 5917.74 969.318 67.5061 8.41766
 11989.3 4449.87 1419.89 232.577 18.217
 13210 5505.79 1298.68 414.39 73.1931
 20685.4 6165.04 1793.09 422.946 158.794
 27096.2 9626.73 1969.85 572.929 185.877
 33919.2 13063.2 3909.61 799.997 308.167
 55178 16221.6 5023.08 1503.33 426.112
 78731.4 26176.2 5904.38 1828.31 702.282
 41069.1 37437.8 9681.07 2183.69 935.919
 43364.9 19686.9 14625.4 3781.99 1218.7
 51881.2 20776.9 7664.49 5693.95 1946.87
pred_Ctot
 2481.7 4127.69 1560.34 186.42 0.0853974
 2799.26 5688.26 1012.52 382.749 45.7495
 2225.13 10290 2303.45 410.016 173.519
 771.156 1461.65 598.38 133.949 33.9334
 281.162 478.447 119.311 48.8441 13.7038
 1852.45 7581.66 1858.91 463.557 243.017
 2359.4 3558 1739.46 426.488 162.109
 4095.13 11443.4 2213.75 1082.27 366.219
 6004.33 11734.5 3737.37 723.001 473.071
 5171.02 11705.6 2517.91 801.939 256.645
 5073.19 22884.8 6191.11 1331.73 559.889
 3351.28 11290.9 5008.93 1355.08 414.029
 6146.85 10718.6 3602.48 1598.16 564.457
 5601 14819.9 1937.72 651.257 390.958
 3486.67 6875.77 713.838 93.3349 50.2009
 1354.45 2506.93 174.59 18.1258 3.64466
 732.549 2292.05 375.435 26.1464 3.26032
 651.632 1360.06 433.977 71.0847 5.56785
 573.861 1396.1 329.305 105.077 18.5595
 938.097 1621.31 471.556 111.228 41.7602
 569.19 1275.93 261.084 75.936 24.6362
 902.951 2151.51 643.914 131.76 50.7551
 1777.83 3171.28 981.997 293.896 83.3036
 2408.78 4886.78 1102.28 341.323 131.107
 1026.65 5823.04 1505.79 339.649 145.572
 1099.3 3101.37 2304.01 595.796 191.988
 1372.31 3402.16 1255.04 932.368 318.794
F
 0.0936028 0.636099 0.636099 0.636099 0.636099
 0.0854634 0.580786 0.580786 0.580786 0.580786
 0.145501 0.988787 0.988787 0.988787 0.988787
 0.0339741 0.230878 0.230878 0.230878 0.230878
 0.00649078 0.0441095 0.0441095 0.0441095 0.0441095
 0.0623216 0.42352 0.42352 0.42352 0.42352
 0.0414726 0.281836 0.281836 0.281836 0.281836
 0.0757967 0.515093 0.515093 0.515093 0.515093
 0.0857094 0.582457 0.582457 0.582457 0.582457
 0.0621785 0.422548 0.422548 0.422548 0.422548
 0.117035 0.795339 0.795339 0.795339 0.795339
 0.113117 0.768713 0.768713 0.768713 0.768713
 0.189058 1.28479 1.28479 1.28479 1.28479
 0.34663 2.3556 2.3556 2.3556 2.3556
 0.370829 2.52005 2.52005 2.52005 2.52005
 0.145588 0.989378 0.989378 0.989378 0.989378
 0.107034 0.727373 0.727373 0.727373 0.727373
 0.0782153 0.531529 0.531529 0.531529 0.531529
 0.0620768 0.421857 0.421857 0.421857 0.421857
 0.0648844 0.440936 0.440936 0.440936 0.440936
 0.029593 0.201106 0.201106 0.201106 0.201106
 0.0376351 0.255758 0.255758 0.255758 0.255758
 0.0457127 0.31065 0.31065 0.31065 0.31065
 0.0433625 0.294679 0.294679 0.294679 0.294679
 0.0353049 0.239922 0.239922 0.239922 0.239922
 0.0358099 0.243354 0.243354 0.243354 0.243354
 0.0373912 0.2541 0.2541 0.2541 0.2541
Np
 26051.1 12271.8 8611.25 2776.65 1379.7
YTP_r0W_actual
 11115.7 82672.4 41165.3 37481.2 14568.9
YTP_p0W_proyectada
 8304.62 126246 57344 26442.4 31241.3
 8304.62 62425.2 61707 24871.4 14189.3
CTP_r0_actual
 1372.31 3402.16 1255.04 932.368 318.794
CTP_p0_proyectada
 965.653 5488.94 1769.88 652.899 671.855
 965.653 2714.14 1904.54 614.108 305.146
Wmedp
 8.6 23 32.4 40.5 46.5
nmprior
 10.8 10.6 4.6 0
nm_flota  nm_reclas  nm_pelaces    nm_pelaL
inf 21.6208 15.5457 61.2937
cv_recla  cv_pelaces  cv_mph
0.694143 0.423623 0.644458
 ------------------------------------------------
Talla a la edad & desviaci?n 
 7.2 14.2025 17.0495 18.207 18.6776
 1.08 2.13037 2.55742 2.73105 2.80164
