years
 1997 1998 1999 2000 2001 2002 2003 2004 2005 2006 2007 2008 2009 2010 2011 2012 2013 2014 2015 2016 2017 2018 2019 2020 2021 2022 2023
reclasobs
 0 0 0 370054 412103 1.49427e+06 250295 1.28982e+06 931140 785840 897777 1.04006e+06 184774 17550 25797 100020 73551 82996 120727 218422 84188 347160 605670 569463 516374 1.08416e+06 1.01767e+06
reclaspred
 938346 195731 403764 177722 293056 370083 781692 634081 711157 878969 870331 624367 352547 142089 82666.1 77965.7 83194.8 109486 128602 146846 225781 230909 376209 490826 723610 661041 468486
pelacesobs
 0 0 0 0 0 0 0 0 0 2.06254e+06 1.5e+06 0 1.87456e+06 323000 250000 174000 83755 137374 0 501740 490994 745055 786931 1.00524e+06 1.33801e+06 1.41789e+06 1.42762e+06
pelacespred
 2.70459e+06 706314 568452 523815 858891 681674 2.23582e+06 1.83158e+06 1.96477e+06 2.51572e+06 1.99841e+06 1.47969e+06 880246 287511 170761 165307 181227 256750 287131 320488 612954 573453 727505 1.12397e+06 1.58027e+06 1.50031e+06 1.01016e+06
mphobs
 0 0 0 0 0 112323 0 153150 637223 0 255016 313432 73983 77613 109348 50772 17779 17303 59886 28197 0 207744 136588 643089 65757 70829 0
mphpred
 263534 121693 118699 69461.5 69704.5 138697 172619 270847 246650 285002 353488 247221 151751 84657.7 40738.4 29863.2 28364.2 33738 43836.8 45295.2 62876 81629.4 97251.1 136944 218763 215596 163087
desembarqueobs
 350755 77701 442110 56441 14545 235359 269955 359681 431902 328805 639364 411747 362871 311530 167758 66681 60226 58785 57116 73181 50977 67692 138656 160484 209506 203330 187013
desembarquepred
 350736 77673.5 441742 56433.7 14544.8 235353 269990 359349 431653 328640 638607 411339 362445 311181 167320 66637.5 60219.3 58735.1 57061 73133.9 50971 67650.5 138602 160439 209405 203203 186924
Reclutas
 26124.7 42009.2 9646.14 14095.5 38705.4 21216.5 64031.7 60917.4 78061.6 113893 66397.2 46601 52128.9 28955.5 12966.6 10329.6 7514.1 9511.24 8860.35 11906.6 17864.8 21037.9 34495.4 51453.9 24363.9 23381.9 17943
log_desv_Rt
 0.0106366 0.485645 -0.985686 -0.606392 0.403734 -0.197467 0.907133 0.857275 1.10525 1.48301 0.94341 0.589377 0.701475 0.113515 -0.689869 -0.917228 -1.23546 -0.999771 -1.07066 -0.775153 -0.369414 -0.205918 0.288582 0.688442 -0.0591415 -0.100284 -0.365045
SSB
 477852 220659 215231 125951 126391 251492 313000 491112 447237 516778 640960 448273 275162 153505 73868.7 54149.3 51431.2 61175.3 79486.8 82131.2 114010 148014 176340 248313 396671 390928 295716
BT
 1.29933e+06 347441 430142 227241 322113 385021 1.1443e+06 1.06197e+06 1.17745e+06 1.26873e+06 1.26174e+06 880376 698599 401788 207420 116335 116834 144881 140845 172225 263355 234732 335995 520831 635726 595476 445510
Ftot
 0.930744 1.11871 2.28662 0.801083 0.159756 1.4512 1.09274 1.63138 1.78612 1.1621 1.80891 1.58287 2.67484 4.95303 4.95303 2.30139 1.98529 1.53515 1.13971 1.32448 0.647845 0.744119 0.937455 0.919328 0.700307 0.699567 0.906596
BD_Bspro_t
 0.912625 0.610216 0.4971 0.229252 0.336263 0.552475 0.461603 0.531708 0.465444 0.456387 0.473517 0.322968 0.227703 0.156432 0.0920178 0.0835271 0.109088 0.173516 0.260977 0.317405 0.423537 0.553731 0.554357 0.564544 0.606833 0.531285 0.45196
BD_Bspro
 0.892381 0.412077 0.401941 0.235211 0.236034 0.469658 0.584523 0.917145 0.835209 0.965076 1.19698 0.837143 0.51386 0.286668 0.137949 0.101123 0.0960471 0.114244 0.14844 0.153379 0.212911 0.276414 0.329312 0.463722 0.740777 0.730052 0.552245
BD_Bo
 0.908109 0.41934 0.409024 0.239356 0.240194 0.477935 0.594825 0.933309 0.849929 0.982084 1.21808 0.851897 0.522916 0.291721 0.14038 0.102905 0.0977398 0.116257 0.151057 0.156082 0.216664 0.281285 0.335116 0.471894 0.753832 0.742919 0.561977
BD_Brms
 1.65111 0.762436 0.743681 0.435193 0.436716 0.868973 1.0815 1.69693 1.54532 1.78561 2.21469 1.5489 0.950757 0.530401 0.255236 0.1871 0.177709 0.211377 0.274648 0.283785 0.393934 0.511428 0.609302 0.85799 1.3706 1.35076 1.02178
S_f
 0.0741531 0.60345 0.96657 0.998183 0.999904
 0.0741531 0.60345 0.96657 0.998183 0.999904
 0.0741531 0.60345 0.96657 0.998183 0.999904
 0.0741531 0.60345 0.96657 0.998183 0.999904
 0.0741531 0.60345 0.96657 0.998183 0.999904
 0.0741531 0.60345 0.96657 0.998183 0.999904
 0.0741531 0.60345 0.96657 0.998183 0.999904
 0.0741531 0.60345 0.96657 0.998183 0.999904
 0.0741531 0.60345 0.96657 0.998183 0.999904
 0.0741531 0.60345 0.96657 0.998183 0.999904
 0.0741531 0.60345 0.96657 0.998183 0.999904
 0.0741531 0.60345 0.96657 0.998183 0.999904
 0.0741531 0.60345 0.96657 0.998183 0.999904
 0.0741531 0.60345 0.96657 0.998183 0.999904
 0.0741531 0.60345 0.96657 0.998183 0.999904
 0.0741531 0.60345 0.96657 0.998183 0.999904
 0.0741531 0.60345 0.96657 0.998183 0.999904
 0.0741531 0.60345 0.96657 0.998183 0.999904
 0.0741531 0.60345 0.96657 0.998183 0.999904
 0.0741531 0.60345 0.96657 0.998183 0.999904
 0.0741531 0.60345 0.96657 0.998183 0.999904
 0.0741531 0.60345 0.96657 0.998183 0.999904
 0.0741531 0.60345 0.96657 0.998183 0.999904
 0.0741531 0.60345 0.96657 0.998183 0.999904
 0.0741531 0.60345 0.96657 0.998183 0.999904
 0.0741531 0.60345 0.96657 0.998183 0.999904
 0.0741531 0.60345 0.96657 0.998183 0.999904
Scru_reclas
 0.264842 0.644509 0.901227 0.978687 0.995691
 0.264842 0.644509 0.901227 0.978687 0.995691
 0.264842 0.644509 0.901227 0.978687 0.995691
 0.264842 0.644509 0.901227 0.978687 0.995691
 0.264842 0.644509 0.901227 0.978687 0.995691
 0.264842 0.644509 0.901227 0.978687 0.995691
 0.264842 0.644509 0.901227 0.978687 0.995691
 0.264842 0.644509 0.901227 0.978687 0.995691
 0.264842 0.644509 0.901227 0.978687 0.995691
 0.264842 0.644509 0.901227 0.978687 0.995691
 0.264842 0.644509 0.901227 0.978687 0.995691
 0.264842 0.644509 0.901227 0.978687 0.995691
 0.264842 0.644509 0.901227 0.978687 0.995691
 0.264842 0.644509 0.901227 0.978687 0.995691
 0.264842 0.644509 0.901227 0.978687 0.995691
 0.264842 0.644509 0.901227 0.978687 0.995691
 0.264842 0.644509 0.901227 0.978687 0.995691
 0.264842 0.644509 0.901227 0.978687 0.995691
 0.264842 0.644509 0.901227 0.978687 0.995691
 0.264842 0.644509 0.901227 0.978687 0.995691
 0.264842 0.644509 0.901227 0.978687 0.995691
 0.264842 0.644509 0.901227 0.978687 0.995691
 0.264842 0.644509 0.901227 0.978687 0.995691
 0.264842 0.644509 0.901227 0.978687 0.995691
 0.264842 0.644509 0.901227 0.978687 0.995691
 0.264842 0.644509 0.901227 0.978687 0.995691
 0.264842 0.644509 0.901227 0.978687 0.995691
Scru_pelaces
 0.416921 0.782538 0.947671 0.989147 0.997825
 0.416921 0.782538 0.947671 0.989147 0.997825
 0.416921 0.782538 0.947671 0.989147 0.997825
 0.416921 0.782538 0.947671 0.989147 0.997825
 0.416921 0.782538 0.947671 0.989147 0.997825
 0.416921 0.782538 0.947671 0.989147 0.997825
 0.416921 0.782538 0.947671 0.989147 0.997825
 0.416921 0.782538 0.947671 0.989147 0.997825
 0.416921 0.782538 0.947671 0.989147 0.997825
 0.416921 0.782538 0.947671 0.989147 0.997825
 0.416921 0.782538 0.947671 0.989147 0.997825
 0.416921 0.782538 0.947671 0.989147 0.997825
 0.416921 0.782538 0.947671 0.989147 0.997825
 0.416921 0.782538 0.947671 0.989147 0.997825
 0.416921 0.782538 0.947671 0.989147 0.997825
 0.416921 0.782538 0.947671 0.989147 0.997825
 0.416921 0.782538 0.947671 0.989147 0.997825
 0.416921 0.782538 0.947671 0.989147 0.997825
 0.416921 0.782538 0.947671 0.989147 0.997825
 0.416921 0.782538 0.947671 0.989147 0.997825
 0.416921 0.782538 0.947671 0.989147 0.997825
 0.416921 0.782538 0.947671 0.989147 0.997825
 0.416921 0.782538 0.947671 0.989147 0.997825
 0.416921 0.782538 0.947671 0.989147 0.997825
 0.416921 0.782538 0.947671 0.989147 0.997825
 0.416921 0.782538 0.947671 0.989147 0.997825
 0.416921 0.782538 0.947671 0.989147 0.997825
pf_obs 
 0.256992 0.487395 0.22802 0.0275931 0
 0.321318 0.546541 0.124235 0.00734118 0.000564706
 0.182869 0.594174 0.210203 0.0122559 0.00049798
 0.330522 0.361315 0.267642 0.0388342 0.00168674
 0.649043 0.306663 0.0425973 0.00169635 0
 0.582887 0.30429 0.105238 0.00758474 0
 0.465427 0.430635 0.0974691 0.00646863 0
 0.296916 0.608066 0.0921331 0.00288517 0
 0.311714 0.524322 0.152257 0.0117073 0
 0.15457 0.633149 0.183074 0.0267441 0.00246327
 0.131901 0.49318 0.331252 0.0422183 0.00144891
 0.196976 0.569456 0.194076 0.0375587 0.00193317
 0.518974 0.381816 0.0799577 0.0180837 0.00116848
 0.0928022 0.601141 0.25162 0.0475244 0.00691264
 0.122501 0.610282 0.24278 0.0234846 0.000952079
 0.383417 0.481906 0.127806 0.00687128 0
 0.0376549 0.599619 0.316969 0.0457579 0
 0.0361596 0.667082 0.258105 0.0386534 0
 0.158088 0.579412 0.248529 0.0139706 0
 0.0477256 0.309471 0.559284 0.082774 0.000745712
 0.0406174 0.521527 0.379366 0.0568643 0.0016247
 0.151134 0.462217 0.34131 0.0453401 0
 0.294876 0.26143 0.354403 0.0886775 0.000613685
 0.281977 0.475581 0.204845 0.0348837 0.00271318
 0.0841818 0.532909 0.334909 0.0458182 0.00218182
 0.115287 0.27431 0.454777 0.147771 0.00785563
 0.0989387 0.350907 0.424855 0.114687 0.0106128
pf_pred 
 0.167148 0.561112 0.241285 0.0304442 1.03549e-05
 0.262079 0.481666 0.205157 0.0456192 0.00547903
 0.0728183 0.742908 0.146505 0.0305613 0.00720736
 0.210311 0.410769 0.348292 0.0247572 0.00587044
 0.342181 0.457294 0.134087 0.0612945 0.00514378
 0.128975 0.689394 0.143425 0.0258357 0.0123693
 0.39154 0.370842 0.212559 0.0200443 0.0050146
 0.239707 0.665579 0.0720083 0.0204247 0.00228113
 0.289228 0.556566 0.14545 0.00676211 0.00199469
 0.305983 0.57663 0.105352 0.0113957 0.000639179
 0.157402 0.686459 0.14216 0.0126161 0.00136366
 0.162584 0.58563 0.23043 0.0195632 0.00179185
 0.276174 0.523606 0.168915 0.0288042 0.00249976
 0.258536 0.66325 0.0698968 0.00711687 0.00119982
 0.259891 0.698455 0.0409349 0.000652354 6.59954e-05
 0.297537 0.65675 0.0453021 0.000404291 6.03713e-06
 0.216173 0.672429 0.108709 0.00266644 2.22122e-05
 0.281621 0.56023 0.148557 0.00937668 0.000215107
 0.211807 0.639775 0.131972 0.0155066 0.000939343
 0.257173 0.53448 0.187187 0.0189272 0.00223331
 0.268572 0.566879 0.139168 0.0229358 0.00244489
 0.21032 0.582579 0.178527 0.0243265 0.0042471
 0.266142 0.504776 0.192286 0.0319167 0.00487913
 0.271147 0.559372 0.137467 0.0270843 0.00492975
 0.100076 0.682017 0.188451 0.0241126 0.00534375
 0.119807 0.409514 0.400841 0.0607581 0.00907978
 0.120855 0.494553 0.236645 0.126821 0.0211258
pobs_RECLAS
 0 0 0 0 0
 0 0 0 0 0
 0 0 0 0 0
 0 0 0 0 0
 0.835266 0.146461 0.0176864 0.000547809 3.91292e-05
 0.385257 0.428462 0.181853 0.0044286 0
 0.867414 0.0963971 0.0333333 0.00285562 0
 0.441836 0.489002 0.0689373 0.000224442 0
 0.779404 0.147425 0.0564933 0.0165055 0.000172143
 0.814271 0.122319 0.05973 0.00367925 0
 0.40263 0.566651 0.0304383 0.000280538 0
 0.475488 0.404961 0.113038 0.00651328 0
 0.955842 0.0263864 0.0167828 0.000988607 0
 0.975058 0.0227948 0.00214734 0 0
 0.738997 0.206755 0.0527124 0.00153531 0
 0.850938 0.134255 0.0134407 0.00136685 0
 0.542534 0.407297 0.0501686 0 0
 0.764087 0.199537 0.0359546 0.000420521 0
 0.470689 0.182191 0.310203 0.0369168 0
 0.84361 0.089868 0.0606195 0.00523954 0.000663233
 0.607945 0.314616 0.071237 0.00620181 0
 0.523733 0.453247 0.0230204 0 0
 0.530135 0.295979 0.169645 0.0042399 0
 0.562478 0.366248 0.0663022 0.0049721 0
 0.250443 0.683176 0.0655157 0.000865301 0
 0.195077 0.31981 0.436473 0.0351445 0.0134964
 0.565238 0.351407 0.0832357 0.000118908 0
ppred_RECLAS
 0.424176 0.408736 0.147575 0.0195062 6.7368e-06
 0.570114 0.297407 0.105057 0.0244417 0.00298057
 0.24165 0.639105 0.0940684 0.0203149 0.00486159
 0.498197 0.28132 0.201822 0.0150399 0.00362138
 0.644428 0.256188 0.0653206 0.0313879 0.00267515
 0.356725 0.529334 0.0890608 0.0167427 0.00813771
 0.707531 0.190516 0.0907262 0.00895294 0.0022742
 0.541191 0.411667 0.0354703 0.0104836 0.00118856
 0.611823 0.318669 0.0653971 0.00316363 0.000947238
 0.61589 0.328544 0.0496307 0.00561512 0.000319776
 0.418571 0.493196 0.0800337 0.00738898 0.000810668
 0.428777 0.424657 0.133639 0.0118275 0.00109971
 0.623766 0.295233 0.0679977 0.0119515 0.00105225
 0.66209 0.318479 0.0173622 0.00176695 0.000301701
 0.65813 0.331639 0.0100546 0.000160156 1.64095e-05
 0.624583 0.3569 0.018345 0.000169463 2.56783e-06
 0.517059 0.428243 0.0533281 0.00135843 1.14851e-05
 0.597489 0.327965 0.0698414 0.00459732 0.000107064
 0.494662 0.423545 0.0723519 0.00889341 0.000546996
 0.56552 0.329165 0.0941756 0.00994797 0.00119172
 0.565439 0.347774 0.0728304 0.0125938 0.00136328
 0.488448 0.392337 0.102047 0.0145824 0.00258529
 0.570402 0.310419 0.0992448 0.0172561 0.0026786
 0.573122 0.339604 0.070124 0.0144744 0.00267517
 0.283863 0.562238 0.132168 0.0177389 0.00399211
 0.336444 0.33424 0.278344 0.0442558 0.00671606
 0.337817 0.397349 0.159879 0.0897704 0.0151845
pobs_PELACES
 0 0 0 0 0
 0 0 0 0 0
 0 0 0 0 0
 0 0 0 0 0
 0 0 0 0 0
 0 0 0 0 0
 0 0 0 0 0
 0 0 0 0 0
 0 0 0 0 0
 0 0 0 0 0
 0.450072 0.473896 0.0757376 0.000293798 0
 0 0 0 0 0
 0.463077 0.371075 0.160297 0.00555027 0
 0.529543 0.364841 0.0842815 0.0213345 0
 0.631943 0.363953 0.00410389 0 0
 0.735681 0.248677 0.0153453 0.000297389 0
 0.695825 0.281241 0.0229344 0 0
 0.275771 0.60734 0.115278 0.00161068 0
 0 0 0 0 0
 0.896147 0.0623911 0.0374545 0.00400742 0
 0.803859 0.145111 0.0509908 3.86294e-05 0
 0.739449 0.233085 0.0266225 0.000797448 4.60066e-05
 0.878498 0.100942 0.0204185 0.000141795 0
 0.694673 0.275183 0.0284847 0.00165964 0
 0.469039 0.446079 0.0841089 0.000773354 0
 0.822795 0.102175 0.0682046 0.00682512 0
 0.69333 0.244118 0.0624202 0.000131731 0
ppred_PELACES
 0.546268 0.345071 0.096514 0.012143 4.15613e-06
 0.693768 0.229589 0.061426 0.0135764 0.00164055
 0.394631 0.53992 0.0523299 0.010606 0.00251343
 0.62066 0.235014 0.132654 0.00942241 0.00224857
 0.716808 0.213736 0.0463024 0.0213494 0.00180403
 0.493664 0.438483 0.0536952 0.00955634 0.00460176
 0.805824 0.138275 0.0500293 0.00469138 0.00118088
 0.677182 0.298785 0.0183369 0.00512121 0.000575166
 0.746966 0.219652 0.0315172 0.00143839 0.000426601
 0.72547 0.24365 0.0277328 0.00297941 0.000168129
 0.573133 0.379749 0.0429695 0.00374171 0.000406625
 0.58075 0.33646 0.075858 0.00634721 0.000584641
 0.788747 0.180461 0.0261252 0.00429201 0.000374119
 0.861546 0.134564 0.00350943 0.000325994 5.50367e-05
 0.857609 0.140323 0.00203523 2.95899e-05 2.9977e-06
 0.766348 0.225951 0.00763424 6.61742e-05 9.92947e-07
 0.670723 0.302903 0.0257514 0.000617564 5.1713e-06
 0.726412 0.2352 0.0360893 0.00224703 5.18421e-05
 0.617406 0.33413 0.0431223 0.00503443 0.000306829
 0.694467 0.247375 0.0522997 0.00523708 0.000621603
 0.663258 0.28097 0.0471529 0.00778418 0.000835201
 0.597351 0.324963 0.066957 0.00912532 0.00160346
 0.684294 0.243841 0.060343 0.00998639 0.00153623
 0.6821 0.265488 0.0425249 0.00835616 0.00153053
 0.378152 0.511168 0.0956913 0.0122545 0.00273344
 0.453245 0.307342 0.203838 0.0309241 0.00465139
 0.461364 0.35725 0.111676 0.0597017 0.0100079
pobs_pel_tallas
 0 0 0 0 0 0 0 0 0 0 0 0 0 0 0 0 0 0 0 0 0 0 0 0 0 0 0 0 0 0 0 0 0 0 0 0
 0 0 0 0 0 0 0 0 0 0 0 0 0 0 0 0 0 0 0 0 0 0 0 0 0 0 0 0 0 0 0 0 0 0 0 0
 0 0 0 0 0 0 0 0 0 0 0 0 0 0 0 0 0 0 0 0 0 0 0 0 0 0 0 0 0 0 0 0 0 0 0 0
 0 0 0 0 0 0 0 0 0 0 0 0 0 0 0 0 0 0 0 0 0 0 0 0 0 0 0 0 0 0 0 0 0 0 0 0
 0 0 0 0 0 0 0 0 0 0 0 0 0 0 0 0 0 0 0 0 0 0 0 0 0 0 0 0 0 0 0 0 0 0 0 0
 0 0 0 0 0 0 0 0 0 0 0 0 0 0 0 0 0 0 0 0 0 0 0 0 0 0 0 0 0 0 0 0 0 0 0 0
 0 0 0 0 0 0 0 0 0 0 0 0 0 0 0 0 0 0 0 0 0 0 0 0 0 0 0 0 0 0 0 0 0 0 0 0
 0 0 0 0 0 0 0 0 0 0 0 0 0 0 0 0 0 0 0 0 0 0 0 0 0 0 0 0 0 0 0 0 0 0 0 0
 0 0 0 0 0 0 0 0 0 0 0 0 0 0 0 0 0 0 0 0 0 0 0 0 0 0 0 0 0 0 0 0 0 0 0 0
 0 0 0 0 0 0 0 0 0 0 0 0 0 0 0 0 0 0 0 0 0 0 0 0 0 0 0 0 0 0 0 0 0 0 0 0
 0 0 0 0 0 0 0 0 1.78061e-05 0.00172719 0.00360574 0.0105946 0.0120993 0.0124554 0.0147524 0.0171206 0.0266825 0.0428682 0.0675386 0.121331 0.153587 0.119568 0.100827 0.0573624 0.0630603 0.0341343 0.0324427 0.0444173 0.0211091 0.0280891 0.0125444 0.00206551 0 0 0 0
 0 0 0 0 0 0 0 0 0 0 0 0 0 0 0 0 0 0 0 0 0 0 0 0 0 0 0 0 0 0 0 0 0 0 0 0
 0 0 0 0 0 0 0.0133647 0.0140871 0.0187388 0.0205184 0.03894 0.0496705 0.03968 0.0493445 0.0407372 0.0367815 0.0215668 0.0243155 0.0234873 0.0199281 0.019796 0.0243948 0.0301388 0.0376714 0.0412746 0.0863199 0.0771752 0.113111 0.0741005 0.0525337 0.0229764 0.00759418 0.00175318 0 0 0
 0 0 0 0 0 0 0 0 0 0 0.00219441 0.00772107 0.0458388 0.0604681 0.0671733 0.0775358 0.0609151 0.0617685 0.073594 0.0568108 0.0755445 0.0548602 0.0670107 0.0636378 0.0643287 0.046367 0.0373049 0.0286899 0.0247887 0.0153202 0.00654259 0.00121912 0.000365735 0 0 0
 0 0 0 0 0 0 0 0 0 0 0 0 0.000112435 0.00938835 0.0111873 0.0202946 0.0414886 0.0713402 0.111592 0.104902 0.108894 0.110636 0.117776 0.105296 0.107544 0.0401394 0.0192827 0.0124803 0.00416011 0.0028671 0.000618394 0 0 0 0 0
 0 0 0 0 0 0 0 0 0 0 0.00291406 0.0102884 0.027416 0.0768956 0.0749926 0.110853 0.0956884 0.0897413 0.0766577 0.0534642 0.0500743 0.0551293 0.0594112 0.0620874 0.0668451 0.0424026 0.0208742 0.0120726 0.0048766 0.00582813 0.00118941 0.000297354 0 0 0 0
 0 0.00264628 0.0354308 0.0461629 0.0458689 0.0383711 0.0214643 0.0164657 0.0346957 0.0420465 0.0363128 0.0245516 0.0311673 0.0291091 0.0169068 0.0133784 0.00837989 0.0085269 0.0148486 0.0160247 0.0276389 0.0546898 0.0760071 0.122758 0.109233 0.0665981 0.0333725 0.0166128 0.00676272 0.00308733 0.000882094 0 0 0 0 0
 0 0 0 0 0 0 0 0.000805153 0.000690131 0.00759144 0.0133425 0.0154129 0.00931677 0.000345066 0.00356568 0.00563607 0.00851162 0.0253048 0.0502646 0.0516448 0.0657925 0.0565908 0.0611916 0.0827007 0.0866115 0.110766 0.145733 0.0935128 0.0569358 0.0249597 0.0138026 0.00621118 0.00161031 0.00115022 0 0
 0 0 0 0 0 0 0 0 0 0 0 0 0 0 0 0 0 0 0 0 0 0 0 0 0 0 0 0 0 0 0 0 0 0 0 0
 0.00147267 0.00158595 0.00478618 0.00569244 0.00954404 0.0108468 0.00647125 0.017049 0.0510054 0.094081 0.124002 0.0959785 0.0687766 0.0820023 0.061753 0.0591476 0.0492212 0.0479892 0.0443925 0.0268479 0.0217502 0.0140895 0.0121071 0.0120363 0.00920419 0.00665534 0.0049561 0.00860946 0.00930331 0.0156896 0.0114698 0.00855282 0.00243557 0.00046729 0 2.83206e-05
 0 0 0 0 0.000772559 0.00158375 0.000888443 0.00281984 0.00712685 0.0440552 0.0773331 0.111326 0.0921469 0.0852325 0.0710754 0.0886704 0.0786465 0.0553345 0.0373146 0.0185414 0.00753245 0.00457741 0.012979 0.0271748 0.0457355 0.0583668 0.034881 0.0177882 0.00938659 0.00492506 0.0015258 0.00185414 0.000309023 5.79419e-05 3.86279e-05 0
 0 0.00173294 0.00326652 0 0.00397197 0.00683976 0.00946217 0.0152591 0.00757587 0.0136028 0.0228656 0.0392903 0.0559909 0.0764795 0.0681675 0.0726916 0.0566044 0.0477403 0.0527397 0.0444891 0.0609904 0.0582453 0.0661739 0.0445044 0.0529084 0.0360697 0.0280645 0.0235558 0.0158879 0.00826598 0.00280645 0.00217768 0.000904811 0.00058276 9.20147e-05 0
 0 0 0 0 0 0 0 0 0 0 0 0 0 0 0 0 0 0 0 0 0 0 0 0 0 0 0 0 0 0 0 0 0 0 0 0
 0 0 0 0 0 0 0 0 0 0 0 0 0 0 0 0 0 0 0 0 0 0 0 0 0 0 0 0 0 0 0 0 0 0 0 0
 0 0 0 0 0 0 0 0 0 0 0 0 0 0 0 0 0 0 0 0 0 0 0 0 0 0 0 0 0 0 0 0 0 0 0 0
 0 0 0 0 0 0 0 0 0 0 0 0 0 0 0 0 0 0 0 0 0 0 0 0 0 0 0 0 0 0 0 0 0 0 0 0
 0 0 0 0 0 0 0 0 0 0 0 0 0 0 0 0 0 0 0 0 0 0 0 0 0 0 0 0 0 0 0 0 0 0 0 0
ppred_pel_tallas
 1.019e-16 2.38467e-05 0.00013993 0.0006651 0.00256056 0.00798478 0.0201692 0.0412706 0.0684173 0.0919029 0.100062 0.0883895 0.0635503 0.03765 0.0193225 0.0103025 0.00808938 0.00969217 0.0132413 0.0178214 0.0228873 0.027922 0.0323652 0.0356822 0.0374742 0.0375666 0.0360436 0.0332126 0.0295175 0.0254302 0.0213557 0.0175769 0.0142445 0.0114008 0.00901969 0.00704538
 1.0149e-16 3.02736e-05 0.000177673 0.000844557 0.00325156 0.0101397 0.025612 0.0524062 0.0868712 0.116672 0.126979 0.112045 0.0802933 0.0470369 0.0231591 0.0107663 0.00658675 0.00675212 0.00887755 0.0118793 0.0152489 0.018609 0.0215818 0.0238119 0.0250349 0.0251352 0.0241687 0.0223385 0.0199375 0.0172758 0.0146184 0.0121487 0.0099628 0.00808547 0.00649797 0.0051636
 1.01401e-16 1.72424e-05 0.000101139 0.000480645 0.0018503 0.0057698 0.0145746 0.0298251 0.0494518 0.066453 0.0724211 0.0641351 0.0464651 0.028237 0.015795 0.0105166 0.0107146 0.0143063 0.0199333 0.0268003 0.0342346 0.0414588 0.0476009 0.0518405 0.0535915 0.0526422 0.0492051 0.0438529 0.0373697 0.0305668 0.0241218 0.018485 0.0138612 0.0102534 0.00753649 0.00553123
 1.02389e-16 2.70862e-05 0.000158959 0.000755586 0.00290899 0.00907137 0.0229137 0.0468852 0.0777205 0.104386 0.113617 0.100276 0.0719078 0.0422226 0.0209731 0.0100649 0.00659402 0.00712258 0.00953372 0.012863 0.0166448 0.0205122 0.0240814 0.0269778 0.0289045 0.0297014 0.0293718 0.0280638 0.0260201 0.0235133 0.0207896 0.0180369 0.0153781 0.0128838 0.0105922 0.00852631
 1.01545e-16 3.12776e-05 0.000183568 0.000872589 0.00335949 0.0104763 0.0264622 0.0541456 0.0897539 0.120541 0.131184 0.115742 0.0829115 0.0485084 0.0237674 0.0108534 0.0063743 0.00632443 0.0082374 0.0110012 0.0141107 0.0172073 0.0199391 0.0219779 0.0230817 0.0231477 0.0222333 0.0205321 0.0183198 0.0158853 0.0134725 0.0112468 0.00928985 0.00761665 0.0062022 0.00500677
 1.01449e-16 2.15566e-05 0.000126477 0.000601123 0.0023142 0.0072165 0.0182287 0.0373009 0.0618401 0.0830789 0.0904838 0.0799974 0.0576665 0.0344648 0.0182398 0.0106105 0.00936555 0.0118311 0.0163084 0.0219058 0.0280036 0.0339545 0.0390483 0.0426169 0.0441803 0.0435593 0.0409168 0.0367062 0.0315525 0.0261041 0.0209042 0.0163153 0.0125056 0.00948347 0.00715657 0.00539034
 1.00972e-16 3.5156e-05 0.000206345 0.000980888 0.0037765 0.0117767 0.0297469 0.0608658 0.10089 0.135489 0.147427 0.130014 0.0930083 0.0541595 0.0260589 0.0110946 0.00540857 0.00446663 0.0054941 0.00728238 0.00935544 0.0114467 0.0133209 0.0147606 0.0156015 0.0157668 0.0152809 0.0142565 0.0128612 0.0112754 0.00965619 0.00811562 0.00671722 0.00548473 0.00441707 0.0035022
 1.00561e-16 2.95531e-05 0.000173436 0.000824403 0.00317394 0.00989759 0.0250007 0.0511558 0.0848006 0.113897 0.123976 0.109434 0.0785062 0.0461593 0.0230406 0.0112337 0.00756929 0.00828348 0.0110365 0.0147249 0.0187705 0.0226929 0.0260001 0.0282382 0.0290868 0.0284352 0.0264102 0.0233387 0.019665 0.0158463 0.0122633 0.00916658 0.00666686 0.00475939 0.00336599 0.00237744
 1.00589e-16 3.25928e-05 0.00019129 0.000909295 0.00350082 0.010917 0.0275755 0.0564234 0.0935294 0.125611 0.136701 0.120605 0.0863869 0.0505249 0.0247232 0.0112336 0.00651532 0.00638781 0.00827365 0.0110071 0.0140561 0.0170438 0.0196038 0.0213987 0.0221859 0.0218738 0.0205418 0.0184157 0.0158082 0.0130449 0.0104003 0.00805946 0.00611071 0.00456247 0.00337191 0.0024738
 1.00584e-16 3.16565e-05 0.00018579 0.000883145 0.00340013 0.010603 0.0267823 0.0548008 0.0908406 0.122003 0.132781 0.117163 0.0839587 0.049179 0.0242028 0.0112301 0.00683455 0.00696374 0.00911359 0.0121379 0.0154907 0.0187639 0.021553 0.0234853 0.0242946 0.0238831 0.0223444 0.0199347 0.0170062 0.0139243 0.0109954 0.00842443 0.00630657 0.00464645 0.00339083 0.00246144
 1.00882e-16 2.50194e-05 0.000146812 0.000697812 0.0026865 0.00837751 0.0211612 0.0433006 0.0717829 0.0964247 0.104988 0.0927461 0.0666945 0.039536 0.0203312 0.0109014 0.00862113 0.0103453 0.0140976 0.0188939 0.0241303 0.0292289 0.0335698 0.0365738 0.037826 0.0371746 0.0347659 0.0309998 0.0264261 0.021615 0.0170449 0.0130355 0.00973559 0.00715216 0.00520183 0.00376202
 1.01432e-16 2.53499e-05 0.000148756 0.000707061 0.00272213 0.00848862 0.0214418 0.0438744 0.0727329 0.0976968 0.106362 0.0939356 0.067496 0.0399033 0.0203229 0.0105829 0.00800761 0.00940309 0.0127753 0.017157 0.0219901 0.0267616 0.0309226 0.0339542 0.0354745 0.0353253 0.033605 0.0306326 0.0268603 0.0227647 0.0187519 0.0151017 0.0119568 0.00934729 0.00723144 0.00553594
 1.00595e-16 3.44131e-05 0.00020198 0.000960125 0.00369654 0.0115273 0.0291171 0.0595775 0.0987562 0.132626 0.144323 0.1273 0.0911185 0.0531632 0.0257736 0.0113045 0.00599504 0.0054152 0.00684311 0.00906978 0.0115811 0.0140498 0.0161723 0.017671 0.0183466 0.0181228 0.0170639 0.0153531 0.013245 0.0110043 0.00885407 0.00694421 0.00534606 0.00406624 0.00307035 0.00230647
 1.00108e-16 3.75855e-05 0.000220609 0.0010487 0.0040376 0.0125909 0.0318036 0.0650738 0.107865 0.144853 0.157612 0.138985 0.0994013 0.0578321 0.0277307 0.0116391 0.00541911 0.00420939 0.00503139 0.00658564 0.00836324 0.0100884 0.0115283 0.0124774 0.0127931 0.0124288 0.0114461 0.00999777 0.0082894 0.00653205 0.00490075 0.00351 0.00240907 0.00159313 0.00102263 0.000643164
 1.00076e-16 3.74141e-05 0.000219602 0.00104391 0.00401916 0.0125334 0.0316584 0.0647767 0.107373 0.144193 0.156895 0.138356 0.098959 0.0575901 0.0276431 0.0116513 0.00549775 0.00434471 0.00522678 0.00684715 0.00869281 0.0104801 0.0119668 0.0129392 0.0132489 0.0128484 0.0118035 0.010275 0.00847915 0.00663728 0.00493289 0.00348571 0.00234673 0.00150994 0.000932684 0.000556613
 1.00185e-16 3.34382e-05 0.000196252 0.000932886 0.00359165 0.0112002 0.0282909 0.0578873 0.095956 0.12887 0.140246 0.123731 0.0886233 0.0518261 0.0253464 0.0114921 0.0066272 0.00645781 0.00833385 0.0110528 0.014062 0.0169699 0.0193985 0.0210043 0.0215473 0.0209484 0.0193098 0.0168868 0.0140235 0.0110736 0.00833068 0.00598742 0.00412734 0.00274354 0.00177102 0.00111971
 1.00486e-16 2.92716e-05 0.000171784 0.000816545 0.00314368 0.00980322 0.0247623 0.0506682 0.0839924 0.112813 0.122797 0.108397 0.077772 0.0457465 0.0228695 0.0112084 0.00762776 0.00840229 0.0112153 0.0149719 0.0190931 0.0230937 0.0264744 0.0287735 0.0296634 0.0290286 0.0269934 0.023886 0.0201542 0.0162607 0.0125926 0.00940729 0.00682158 0.00483612 0.00337686 0.00233719
 1.00669e-16 3.16972e-05 0.00018603 0.000884287 0.00340453 0.0106167 0.026817 0.0548716 0.0909578 0.12216 0.132949 0.117308 0.0840527 0.049215 0.0241853 0.0111634 0.00671596 0.00678446 0.0088634 0.0118109 0.0150902 0.0183061 0.0210677 0.0230136 0.0238831 0.0235766 0.0221772 0.0199241 0.0171501 0.0142019 0.0113721 0.00885881 0.0067573 0.00507812 0.00377757 0.00278814
 1.00909e-16 2.69481e-05 0.000158139 0.000751671 0.00289389 0.00902425 0.0227948 0.0466426 0.077321 0.103857 0.113063 0.099837 0.0717015 0.0423192 0.0214224 0.0109405 0.00801357 0.00923208 0.0124678 0.0166934 0.0213292 0.025856 0.0297267 0.0324305 0.0336006 0.0330996 0.0310514 0.0278023 0.0238302 0.0196318 0.0156244 0.0120882 0.00915499 0.00683422 0.00505728 0.00372188
 1.01033e-16 3.03048e-05 0.000177854 0.000845415 0.00325486 0.0101499 0.025638 0.0524595 0.0869601 0.116793 0.127114 0.112173 0.0804045 0.0471408 0.023282 0.0109426 0.00685285 0.00714254 0.00942063 0.0125903 0.0161221 0.0196102 0.0226463 0.0248485 0.0259372 0.0257983 0.0245067 0.0222993 0.0195113 0.0164948 0.0135492 0.0108797 0.00858991 0.00669943 0.00517478 0.00395928
 1.01068e-16 2.89453e-05 0.000169869 0.000807449 0.00310867 0.00969404 0.0244865 0.0501037 0.0830562 0.111554 0.121423 0.107176 0.076877 0.0451826 0.0225192 0.0109256 0.00729729 0.00795046 0.0106006 0.01418 0.0181405 0.0220331 0.0253961 0.0277984 0.0289272 0.0286599 0.0270904 0.0244979 0.0212721 0.0178198 0.0144843 0.0114981 0.00897367 0.00692525 0.00530487 0.00403807
 1.01445e-16 2.60733e-05 0.000153004 0.00072726 0.0027999 0.00873116 0.0220544 0.0451278 0.07481 0.100485 0.109392 0.0965991 0.0693826 0.0409637 0.0207615 0.0106462 0.00785552 0.00909667 0.012317 0.016529 0.0211771 0.0257617 0.0297527 0.0326502 0.0340878 0.0339159 0.0322333 0.0293515 0.0257099 0.0217699 0.0179231 0.0144372 0.0114461 0.00897394 0.00697549 0.00537601
 1.01352e-16 2.98611e-05 0.000175249 0.000833033 0.00320718 0.0100013 0.0252625 0.0516911 0.0856864 0.115082 0.125253 0.110532 0.0792297 0.0464561 0.0229516 0.0108014 0.00678501 0.00709153 0.00936774 0.0125361 0.0160779 0.0195961 0.0226892 0.0249804 0.0261906 0.0262011 0.0250765 0.0230397 0.0204094 0.0175219 0.0146643 0.0120347 0.00973553 0.00779067 0.0061753 0.00484389
 1.01049e-16 2.97662e-05 0.000174691 0.000830373 0.00319693 0.0099693 0.0251818 0.0515261 0.0854135 0.114718 0.124861 0.110197 0.0790144 0.0463792 0.0230048 0.0109775 0.00709374 0.00755763 0.0100189 0.0133888 0.0171248 0.0207967 0.0239676 0.0262305 0.0272907 0.0270332 0.025548 0.0230997 0.0200572 0.0168048 0.0136665 0.0108606 0.00849201 0.00657235 0.00505472 0.00386757
 1.02074e-16 1.65228e-05 9.69171e-05 0.000460577 0.00177304 0.00552889 0.013966 0.0285797 0.0473869 0.0636781 0.0693969 0.0614567 0.0445244 0.0270575 0.0151363 0.0100831 0.0102852 0.013754 0.0191986 0.0258711 0.0331438 0.0402879 0.0464796 0.0509355 0.0530829 0.0526931 0.0499297 0.0452922 0.0394818 0.0332323 0.027165 0.0217027 0.0170534 0.0132491 0.0102105 0.0078101
 1.04274e-16 1.97892e-05 0.000116112 0.000551871 0.00212461 0.0066253 0.0167352 0.0342442 0.0567702 0.0762611 0.0830407 0.0733751 0.0528023 0.0313782 0.0162839 0.00898219 0.00742694 0.00916858 0.0126874 0.0172494 0.0224155 0.0277529 0.0327713 0.0369794 0.0399772 0.0415336 0.0416212 0.0403955 0.0381333 0.0351537 0.0317507 0.0281552 0.0245289 0.0209804 0.0175886 0.0144196
 1.04221e-16 2.0145e-05 0.000118197 0.000561774 0.00216273 0.00674415 0.0170355 0.0348589 0.0577903 0.0776346 0.0845444 0.0747232 0.0538145 0.0320633 0.0167905 0.00949609 0.00810506 0.0101221 0.0139833 0.0189043 0.0243819 0.029906 0.0349097 0.0388448 0.0412941 0.0420605 0.0412017 0.0389944 0.0358482 0.0321979 0.0284129 0.0247471 0.0213336 0.0182136 0.0153777 0.0128029
pSPR Fmed_Fpbrs
0.533957   0.6 0.325
Fs Fmed_Fpbrs
0.66   0.493269 1.78542
SSBpbr Bo_Bmed_Bpbrs
526206  254661  289413 144707
Ro
25848.3
SPR SPRFo_SPRFmed_SPRFpbrs
535480 285923 174031
log_Ro
9.98
likeval ReclasPelacesDesembMPH_pf_preclas_ppelaces_ptallas_desvR_qrecl_qpela
 75.342 12.9409 0.0905401 0.000513191 351.672 208.809 61.1231 0 20.7938 3.19554e-05 0.000233151 1.51597e-13 0 0 0
q_reclas_q_pelaces
2.22786 8.77896
M
0.7
N
 26124.7 13233.7 4046.11 499.775 0.169795
 42009.2 12108 3747.58 817.198 98.0468
 9646.14 19200.4 3061.11 631.155 148.756
 14095.5 4043.05 2399.05 166.726 39.4868
 38705.4 6595.91 1238.11 549.234 46.0174
 21216.5 18994.2 2974.41 526.854 252.017
 64031.7 9460.89 3929.09 363.259 90.7835
 60917.4 29322.3 2429.67 678.549 75.7217
 78061.6 26803.9 5440.61 249.303 73.483
 113893 33955.5 4529.95 480.696 26.9346
 66397.2 51887.8 8362.72 731.589 79.017
 46601 28832.9 8649.46 722.778 66.1455
 52128.9 20578.5 5508.72 930.101 80.6761
 28955.5 21229.1 2034.22 206.163 34.7482
 12966.6 9959 530.711 8.41837 0.851437
 10329.6 4459.75 248.968 2.19628 0.0327763
 7514.1 4324.78 552.289 13.368 0.111282
 9511.24 3220.6 648.132 40.2517 0.922608
 8860.35 4214.95 633.293 72.9855 4.4167
 11906.6 4043.35 1052.2 104.514 12.3205
 17864.8 5359.53 902.861 145.246 15.4629
 21037.9 8455.28 1800.27 239.698 41.7968
 34495.4 9886.28 2679.83 435.479 66.4971
 51453.9 15979.6 2788.32 537.749 97.767
 24363.9 23867.4 4556.45 569.41 126.032
 23381.9 11486.5 7767.24 1149.87 171.622
 17943 11024.1 3739.75 1961.55 326.38
pred_Ctot
 1257.97 4222.99 1815.94 229.126 0.0779317
 2416.64 4441.48 1891.77 420.657 50.5225
 1092.58 11146.7 2198.18 458.546 108.14
 586.638 1145.79 971.521 69.0574 16.3749
 328.031 438.384 128.543 58.7598 4.93108
 1566.38 8372.57 1741.88 313.77 150.223
 3601.01 3410.65 1954.92 184.348 46.1195
 5026.7 13957.3 1510.03 428.309 47.8358
 7017.5 13503.9 3529.02 164.068 48.3968
 6796.41 12808 2340.06 253.118 14.1973
 6040.65 26344.5 5455.7 484.171 52.3336
 3736.83 13460.1 5296.2 449.641 41.1837
 6822.43 12934.8 4172.78 711.561 61.7524
 6537.24 16770.7 1767.38 179.954 30.3382
 2927.45 7867.48 461.096 7.34819 0.743379
 1177 2597.97 179.206 1.5993 0.0238817
 746.056 2320.68 375.177 9.20239 0.0766587
 740.825 1473.73 390.791 24.6661 0.565854
 518.92 1567.43 323.326 37.9907 2.30136
 805.567 1674.2 586.344 59.2876 6.99563
 604.285 1275.47 313.126 51.6054 5.50099
 814.819 2257.02 691.646 94.2453 16.454
 1672.65 3172.43 1208.49 200.591 30.6645
 2448.15 5050.49 1241.17 244.541 44.51
 889.342 6060.88 1674.71 214.282 47.4883
 852.614 2914.33 2852.6 432.388 64.6167
 842.243 3446.55 1649.18 883.819 147.226
F
 0.0690176 0.561658 0.89963 0.929053 0.930655
 0.0829559 0.675087 1.08131 1.11668 1.1186
 0.16956 1.37986 2.21018 2.28247 2.2864
 0.0594028 0.483414 0.774303 0.799628 0.801007
 0.0118464 0.0964051 0.154416 0.159466 0.159741
 0.107611 0.875725 1.40268 1.44856 1.45106
 0.0810298 0.659412 1.05621 1.09075 1.09263
 0.120972 0.984457 1.57684 1.62842 1.63122
 0.132447 1.07784 1.72641 1.78288 1.78595
 0.0861732 0.701268 1.12325 1.15999 1.16199
 0.134136 1.09159 1.74844 1.80562 1.80873
 0.117375 0.955186 1.52996 1.58 1.58272
 0.198348 1.61413 2.58542 2.66998 2.67458
 0.367283 2.98891 4.78745 4.94403 4.95256
 0.367283 2.98891 4.78745 4.94403 4.95256
 0.170655 1.38878 2.22446 2.29721 2.30117
 0.147215 1.19802 1.91892 1.98168 1.9851
 0.113836 0.926389 1.48383 1.53236 1.53501
 0.0845131 0.687758 1.10161 1.13764 1.1396
 0.0982145 0.79926 1.28021 1.32208 1.32436
 0.0480397 0.390942 0.626188 0.646668 0.647783
 0.0551788 0.449039 0.719243 0.742767 0.744048
 0.0695152 0.565707 0.906116 0.935751 0.937365
 0.0681711 0.554769 0.888595 0.917658 0.91924
 0.0519299 0.4226 0.676895 0.699034 0.700239
 0.0518751 0.422154 0.676181 0.698296 0.6995
 0.067227 0.547086 0.876289 0.904949 0.906509
Np
 16531.2 7914.32 3071.94 976.502 305.812
YTP_r0W_actual
 6822.17 83751.2 54093.3 35529.5 6728.23
YTP_p0W_proyectada
 3679.97 36088.6 28763.7 9005.9 6336.18
 3679.97 34283.9 27894.4 11374.5 4095.52
CTP_r0_actual
 842.243 3446.55 1649.18 883.819 147.226
CTP_p0_proyectada
 427.904 1569.07 887.769 222.368 136.262
 427.904 1490.61 860.938 280.851 88.0757
Wmedp
 8.6 23 32.4 40.5 46.5
nmprior
 10.8 10.6 4.6 0
nm_flota  nm_reclas  nm_pelaces    nm_pelaL
inf 22.614 14.3976 54.6305
cv_recla  cv_pelaces  cv_mph
0.751708 0.381556 0.605446
 ------------------------------------------------
Talla a la edad & desviaci?n 
 7.2 14.2025 17.0495 18.207 18.6776
 1.08 2.13037 2.55742 2.73105 2.80164
