years
 1997 1998 1999 2000 2001 2002 2003 2004 2005 2006 2007 2008 2009 2010 2011 2012 2013 2014 2015 2016 2017 2018 2019 2020 2021 2022 2023
reclasobs
 0 0 0 370054 412103 1.49427e+06 250295 1.28982e+06 931140 785840 897777 1.04006e+06 184774 17550 25797 100020 73551 82996 120727 218422 84188 347160 605670 569463 516374 1.08416e+06 1.01767e+06
reclaspred
 455888 129478 413754 291859 408655 494577 1.06732e+06 700331 754943 672755 528695 350414 212624 93200.2 62966.4 65340.8 82800.1 116936 128421 181165 260135 237918 409829 555362 726038 715217 697582
pelacesobs
 0 0 0 0 0 0 0 0 0 2.06254e+06 1.5e+06 0 1.87456e+06 323000 250000 174000 83755 137374 0 501740 490994 745055 786931 1.00524e+06 1.33801e+06 1.41789e+06 1.42762e+06
pelacespred
 1.83828e+06 436589 862007 926565 1.11957e+06 1.09432e+06 2.73519e+06 2.22501e+06 2.12509e+06 1.90243e+06 1.31114e+06 893141 540743 190002 132214 147521 196283 283745 314605 440516 708181 622150 878362 1.34674e+06 1.72772e+06 1.85678e+06 1.79811e+06
mphobs
 0 0 0 0 0 112323 0 153150 637223 0 255016 313432 73983 77613 109348 50772 17779 17303 59886 28197 0 207744 136588 643089 65757 70829 0
mphpred
 125890 80434.4 101988 127295 128766 194101 289859 339899 283853 278155 253749 173557 105167 54356.8 24561.9 21572.2 26936.4 37585.8 48608.1 57176 84749.2 99527 124210 177138 266343 300621 284740
desembarqueobs
 350755 77701 442110 56441 14545 235359 269955 359681 431902 328805 639364 411747 362871 311530 167758 66681 60226 58785 57116 73181 50977 67692 138656 160484 209506 203330 187013
desembarquepred
 350767 77705.2 442162 56443.7 14545.2 235411 269994 359714 431982 328860 639656 412030 363256 311993 167779 66694.8 60251.9 58788.4 57112.8 73183.9 50978.7 67687.9 138663 160494 209505 203326 187013
Reclutas
 55024.5 67892.1 41252.5 59918.9 101564 76128.6 119790 109133 128437 125857 64913.3 40978.1 43805.5 23750.2 17270.4 19204.2 15031.2 18256.6 20712.9 34256.8 42803.9 54774 89168.4 126549 68804.8 77995.9 98928.9
log_desv_Rt
 0.0355339 0.245675 -0.252534 0.120747 0.648441 0.36018 0.813498 0.720326 0.88319 0.862901 0.200808 -0.259207 -0.192485 -0.804654 -1.12325 -1.01711 -1.26212 -1.06772 -0.941486 -0.43836 -0.215615 0.0309709 0.518282 0.868388 0.259029 0.384412 0.622156
SSB
 658594 420794 533552 665947 673645 1.01544e+06 1.5164e+06 1.77819e+06 1.48498e+06 1.45517e+06 1.32749e+06 907965 550185 284369 128496 112855 140918 196631 254294 299117 443367 520678 649807 926700 1.39338e+06 1.57271e+06 1.48963e+06
BT
 2.28338e+06 604502 1.17412e+06 1.06386e+06 1.22409e+06 1.37221e+06 3.14587e+06 2.81997e+06 2.6982e+06 2.37971e+06 2.00088e+06 1.34754e+06 940971 501825 283084 214325 261370 354401 389525 536512 808953 737893 1.04783e+06 1.5896e+06 2.03288e+06 2.18722e+06 2.11127e+06
Ftot
 0.474679 0.364994 0.520458 0.100189 0.0206298 0.208669 0.131684 0.261264 0.301534 0.247255 0.526842 0.502181 0.815984 1.49277 1.50364 0.574154 0.397662 0.268868 0.215952 0.221131 0.103842 0.137348 0.165141 0.156335 0.12917 0.125007 0.122533
BD_Bspro_t
 0.944144 0.752058 0.717304 0.597228 0.715479 0.832573 0.801225 0.80749 0.750867 0.70909 0.666587 0.505448 0.388024 0.275947 0.162513 0.174007 0.27193 0.424172 0.546053 0.641036 0.744749 0.817987 0.824331 0.830269 0.845565 0.821941 0.807763
BD_Bspro
 0.598663 0.382503 0.485001 0.605347 0.612345 0.923039 1.37841 1.61638 1.34986 1.32276 1.2067 0.825343 0.50012 0.258492 0.116803 0.102586 0.128095 0.178738 0.231154 0.271898 0.403022 0.473297 0.590676 0.842372 1.26659 1.42959 1.35407
BD_Bo
 0.324806 0.207528 0.263138 0.328433 0.332229 0.500797 0.747862 0.876971 0.732368 0.717665 0.654696 0.447792 0.271341 0.140245 0.063372 0.0556582 0.0694984 0.0969747 0.125413 0.147519 0.218661 0.256789 0.320473 0.457031 0.68719 0.77563 0.734656
BD_Brms
 0.590557 0.377324 0.478433 0.597151 0.604053 0.910541 1.35975 1.59449 1.33158 1.30484 1.19036 0.814167 0.493348 0.254992 0.115222 0.101197 0.126361 0.176318 0.228024 0.268217 0.397565 0.466889 0.582678 0.830966 1.24944 1.41024 1.33574
S_f
 0.173737 1 1 1 1
 0.173737 1 1 1 1
 0.173737 1 1 1 1
 0.173737 1 1 1 1
 0.173737 1 1 1 1
 0.173737 1 1 1 1
 0.173737 1 1 1 1
 0.173737 1 1 1 1
 0.173737 1 1 1 1
 0.173737 1 1 1 1
 0.173737 1 1 1 1
 0.173737 1 1 1 1
 0.173737 1 1 1 1
 0.173737 1 1 1 1
 0.173737 1 1 1 1
 0.173737 1 1 1 1
 0.173737 1 1 1 1
 0.173737 1 1 1 1
 0.173737 1 1 1 1
 0.173737 1 1 1 1
 0.173737 1 1 1 1
 0.173737 1 1 1 1
 0.173737 1 1 1 1
 0.173737 1 1 1 1
 0.173737 1 1 1 1
 0.173737 1 1 1 1
 0.173737 1 1 1 1
Scru_reclas
 0.888203 1 1 1 1
 0.888203 1 1 1 1
 0.888203 1 1 1 1
 0.888203 1 1 1 1
 0.888203 1 1 1 1
 0.888203 1 1 1 1
 0.888203 1 1 1 1
 0.888203 1 1 1 1
 0.888203 1 1 1 1
 0.888203 1 1 1 1
 0.888203 1 1 1 1
 0.888203 1 1 1 1
 0.888203 1 1 1 1
 0.888203 1 1 1 1
 0.888203 1 1 1 1
 0.888203 1 1 1 1
 0.888203 1 1 1 1
 0.888203 1 1 1 1
 0.888203 1 1 1 1
 0.888203 1 1 1 1
 0.888203 1 1 1 1
 0.888203 1 1 1 1
 0.888203 1 1 1 1
 0.888203 1 1 1 1
 0.888203 1 1 1 1
 0.888203 1 1 1 1
 0.888203 1 1 1 1
Scru_pelaces
 1 1 1 1 1
 1 1 1 1 1
 1 1 1 1 1
 1 1 1 1 1
 1 1 1 1 1
 1 1 1 1 1
 1 1 1 1 1
 1 1 1 1 1
 1 1 1 1 1
 1 1 1 1 1
 1 1 1 1 1
 1 1 1 1 1
 1 1 1 1 1
 1 1 1 1 1
 1 1 1 1 1
 1 1 1 1 1
 1 1 1 1 1
 1 1 1 1 1
 1 1 1 1 1
 1 1 1 1 1
 1 1 1 1 1
 1 1 1 1 1
 1 1 1 1 1
 1 1 1 1 1
 1 1 1 1 1
 1 1 1 1 1
 1 1 1 1 1
pf_obs 
 0.256992 0.487395 0.22802 0.0275931 0
 0.321318 0.546541 0.124235 0.00734118 0.000564706
 0.182869 0.594174 0.210203 0.0122559 0.00049798
 0.330522 0.361315 0.267642 0.0388342 0.00168674
 0.649043 0.306663 0.0425973 0.00169635 0
 0.582887 0.30429 0.105238 0.00758474 0
 0.465427 0.430635 0.0974691 0.00646863 0
 0.296916 0.608066 0.0921331 0.00288517 0
 0.311714 0.524322 0.152257 0.0117073 0
 0.15457 0.633149 0.183074 0.0267441 0.00246327
 0.131901 0.49318 0.331252 0.0422183 0.00144891
 0.196976 0.569456 0.194076 0.0375587 0.00193317
 0.518974 0.381816 0.0799577 0.0180837 0.00116848
 0.0928022 0.601141 0.25162 0.0475244 0.00691264
 0.122501 0.610282 0.24278 0.0234846 0.000952079
 0.383417 0.481906 0.127806 0.00687128 0
 0.0376549 0.599619 0.316969 0.0457579 0
 0.0361596 0.667082 0.258105 0.0386534 0
 0.158088 0.579412 0.248529 0.0139706 0
 0.0477256 0.309471 0.559284 0.082774 0.000745712
 0.0406174 0.521527 0.379366 0.0568643 0.0016247
 0.151134 0.462217 0.34131 0.0453401 0
 0.294876 0.26143 0.354403 0.0886775 0.000613685
 0.281977 0.475581 0.204845 0.0348837 0.00271318
 0.0841818 0.532909 0.334909 0.0458182 0.00218182
 0.115287 0.27431 0.454777 0.147771 0.00785563
 0.0989387 0.350907 0.424855 0.114687 0.0106128
pf_pred 
 0.358726 0.453059 0.168377 0.0198271 1.11006e-05
 0.299328 0.561722 0.0981682 0.0364837 0.00429852
 0.16805 0.619967 0.169945 0.0297001 0.0123384
 0.256762 0.44517 0.22212 0.0608873 0.0150614
 0.291182 0.478924 0.137697 0.0687047 0.023492
 0.166552 0.587384 0.166257 0.047801 0.0320057
 0.250772 0.418955 0.232764 0.065883 0.0316252
 0.193835 0.541717 0.147875 0.0821567 0.0344166
 0.226291 0.472095 0.202675 0.055325 0.043614
 0.206579 0.523674 0.164592 0.0706606 0.0344942
 0.124128 0.549488 0.21542 0.0677069 0.0432568
 0.128584 0.446586 0.266522 0.104487 0.0538215
 0.217772 0.406353 0.19263 0.114961 0.0682846
 0.1966 0.566738 0.122942 0.05828 0.0554409
 0.283204 0.539665 0.124952 0.0271057 0.0250727
 0.33852 0.5503 0.0837057 0.0193809 0.00809323
 0.216653 0.623071 0.133337 0.0202818 0.00665697
 0.247893 0.494888 0.20459 0.0437824 0.00884558
 0.23476 0.522577 0.159673 0.06601 0.0169801
 0.300702 0.462582 0.161652 0.0493927 0.0256719
 0.256909 0.544715 0.131224 0.0458571 0.0212941
 0.24464 0.510782 0.179285 0.0431905 0.0221019
 0.291658 0.471238 0.160333 0.056277 0.020495
 0.279891 0.517839 0.134564 0.0457837 0.0219226
 0.126378 0.617176 0.184414 0.0479212 0.0241117
 0.166054 0.391369 0.312661 0.0934241 0.0364919
 0.206336 0.435321 0.168169 0.134349 0.0558243
pobs_RECLAS
 0 0 0 0 0
 0 0 0 0 0
 0 0 0 0 0
 0 0 0 0 0
 0.835266 0.146461 0.0176864 0.000547809 3.91292e-05
 0.385257 0.428462 0.181853 0.0044286 0
 0.867414 0.0963971 0.0333333 0.00285562 0
 0.441836 0.489002 0.0689373 0.000224442 0
 0.779404 0.147425 0.0564933 0.0165055 0.000172143
 0.814271 0.122319 0.05973 0.00367925 0
 0.40263 0.566651 0.0304383 0.000280538 0
 0.475488 0.404961 0.113038 0.00651328 0
 0.955842 0.0263864 0.0167828 0.000988607 0
 0.975058 0.0227948 0.00214734 0 0
 0.738997 0.206755 0.0527124 0.00153531 0
 0.850938 0.134255 0.0134407 0.00136685 0
 0.542534 0.407297 0.0501686 0 0
 0.764087 0.199537 0.0359546 0.000420521 0
 0.470689 0.182191 0.310203 0.0369168 0
 0.84361 0.089868 0.0606195 0.00523954 0.000663233
 0.607945 0.314616 0.071237 0.00620181 0
 0.523733 0.453247 0.0230204 0 0
 0.530135 0.295979 0.169645 0.0042399 0
 0.562478 0.366248 0.0663022 0.0049721 0
 0.250443 0.683176 0.0655157 0.000865301 0
 0.195077 0.31981 0.436473 0.0351445 0.0134964
 0.565238 0.351407 0.0832357 0.000118908 0
ppred_RECLAS
 0.746916 0.178804 0.0664513 0.00782495 4.38094e-06
 0.690789 0.247891 0.0433222 0.0161004 0.00189696
 0.516884 0.360017 0.0986876 0.0172469 0.00716493
 0.639681 0.215817 0.107683 0.0295179 0.00730171
 0.677654 0.217798 0.0626199 0.0312445 0.0106833
 0.50827 0.346554 0.0980906 0.0282024 0.0188832
 0.632775 0.205346 0.114087 0.0322917 0.0155007
 0.55516 0.298918 0.081597 0.0453339 0.018991
 0.603545 0.241905 0.103852 0.028349 0.0223482
 0.574493 0.280843 0.0882695 0.0378949 0.018499
 0.428918 0.358275 0.140457 0.044146 0.0282041
 0.438301 0.287861 0.171795 0.0673503 0.0346924
 0.602908 0.206281 0.097787 0.0583592 0.0346641
 0.593583 0.286697 0.0621927 0.0294822 0.028046
 0.702568 0.223932 0.0518485 0.0112474 0.0104039
 0.731453 0.22341 0.0339828 0.00786825 0.00328568
 0.591837 0.324651 0.0694754 0.0105679 0.00346861
 0.631223 0.242657 0.100316 0.0214676 0.00433722
 0.613533 0.263916 0.0806392 0.0333369 0.00857543
 0.690015 0.205053 0.0716571 0.0218948 0.0113798
 0.639906 0.263964 0.0635899 0.0222219 0.0103189
 0.625173 0.253462 0.0889655 0.0214321 0.0109675
 0.679893 0.212957 0.0724559 0.0254321 0.00926192
 0.667098 0.239393 0.0622081 0.0211655 0.0101347
 0.426809 0.404934 0.120996 0.0314415 0.0158199
 0.506099 0.231787 0.185172 0.0553301 0.0216122
 0.57223 0.23463 0.0906402 0.0724117 0.0300883
pobs_PELACES
 0 0 0 0 0
 0 0 0 0 0
 0 0 0 0 0
 0 0 0 0 0
 0 0 0 0 0
 0 0 0 0 0
 0 0 0 0 0
 0 0 0 0 0
 0 0 0 0 0
 0 0 0 0 0
 0.450072 0.473896 0.0757376 0.000293798 0
 0 0 0 0 0
 0.463077 0.371075 0.160297 0.00555027 0
 0.529543 0.364841 0.0842815 0.0213345 0
 0.631943 0.363953 0.00410389 0 0
 0.735681 0.248677 0.0153453 0.000297389 0
 0.695825 0.281241 0.0229344 0 0
 0.275771 0.60734 0.115278 0.00161068 0
 0 0 0 0 0
 0.896147 0.0623911 0.0374545 0.00400742 0
 0.803859 0.145111 0.0509908 3.86294e-05 0
 0.739449 0.233085 0.0266225 0.000797448 4.60066e-05
 0.878498 0.100942 0.0204185 0.000141795 0
 0.694673 0.275183 0.0284847 0.00165964 0
 0.469039 0.446079 0.0841089 0.000773354 0
 0.822795 0.102175 0.0682046 0.00682512 0
 0.69333 0.244118 0.0624202 0.000131731 0
ppred_PELACES
 0.790876 0.147746 0.0549088 0.00646577 3.61998e-06
 0.73534 0.212175 0.0370803 0.0137807 0.00162365
 0.581279 0.31203 0.0855333 0.0149481 0.0062099
 0.672575 0.196115 0.0978524 0.0268232 0.00663513
 0.704161 0.199888 0.0574706 0.0286752 0.00980483
 0.551946 0.315773 0.0893782 0.0256974 0.017206
 0.667878 0.185717 0.103181 0.029205 0.014019
 0.601408 0.267841 0.0731137 0.0406207 0.0170166
 0.650453 0.213283 0.0915644 0.0249948 0.019704
 0.619206 0.251332 0.0789939 0.0339128 0.0165551
 0.493985 0.317454 0.124454 0.0391161 0.0249906
 0.501856 0.25529 0.152357 0.0597298 0.030767
 0.681059 0.165683 0.0785417 0.0468736 0.0278419
 0.711849 0.203269 0.0440948 0.020903 0.0198847
 0.80029 0.150359 0.0348136 0.00755206 0.00698566
 0.781958 0.181394 0.0275917 0.00638848 0.00266775
 0.645324 0.282108 0.0603711 0.009183 0.00301407
 0.674659 0.214075 0.0885004 0.0189391 0.00382636
 0.654669 0.235824 0.0720559 0.0297885 0.00766265
 0.726918 0.180642 0.0631266 0.0192883 0.0100251
 0.673008 0.239698 0.0577442 0.0201791 0.00937033
 0.660959 0.229263 0.0804718 0.019386 0.00992038
 0.714402 0.189999 0.0646447 0.0226904 0.00826342
 0.701881 0.214381 0.0557083 0.018954 0.00907575
 0.464781 0.378108 0.11298 0.0293586 0.0147719
 0.544144 0.213932 0.170909 0.051068 0.0199474
 0.608955 0.214487 0.0828586 0.066195 0.0275051
pobs_pel_tallas
 0 0 0 0 0 0 0 0 0 0 0 0 0 0 0 0 0 0 0 0 0 0 0 0 0 0 0 0 0 0 0 0 0 0 0 0
 0 0 0 0 0 0 0 0 0 0 0 0 0 0 0 0 0 0 0 0 0 0 0 0 0 0 0 0 0 0 0 0 0 0 0 0
 0 0 0 0 0 0 0 0 0 0 0 0 0 0 0 0 0 0 0 0 0 0 0 0 0 0 0 0 0 0 0 0 0 0 0 0
 0 0 0 0 0 0 0 0 0 0 0 0 0 0 0 0 0 0 0 0 0 0 0 0 0 0 0 0 0 0 0 0 0 0 0 0
 0 0 0 0 0 0 0 0 0 0 0 0 0 0 0 0 0 0 0 0 0 0 0 0 0 0 0 0 0 0 0 0 0 0 0 0
 0 0 0 0 0 0 0 0 0 0 0 0 0 0 0 0 0 0 0 0 0 0 0 0 0 0 0 0 0 0 0 0 0 0 0 0
 0 0 0 0 0 0 0 0 0 0 0 0 0 0 0 0 0 0 0 0 0 0 0 0 0 0 0 0 0 0 0 0 0 0 0 0
 0 0 0 0 0 0 0 0 0 0 0 0 0 0 0 0 0 0 0 0 0 0 0 0 0 0 0 0 0 0 0 0 0 0 0 0
 0 0 0 0 0 0 0 0 0 0 0 0 0 0 0 0 0 0 0 0 0 0 0 0 0 0 0 0 0 0 0 0 0 0 0 0
 0 0 0 0 0 0 0 0 0 0 0 0 0 0 0 0 0 0 0 0 0 0 0 0 0 0 0 0 0 0 0 0 0 0 0 0
 0 0 0 0 0 0 0 0 1.78061e-05 0.00172719 0.00360574 0.0105946 0.0120993 0.0124554 0.0147524 0.0171206 0.0266825 0.0428682 0.0675386 0.121331 0.153587 0.119568 0.100827 0.0573624 0.0630603 0.0341343 0.0324427 0.0444173 0.0211091 0.0280891 0.0125444 0.00206551 0 0 0 0
 0 0 0 0 0 0 0 0 0 0 0 0 0 0 0 0 0 0 0 0 0 0 0 0 0 0 0 0 0 0 0 0 0 0 0 0
 0 0 0 0 0 0 0.0133647 0.0140871 0.0187388 0.0205184 0.03894 0.0496705 0.03968 0.0493445 0.0407372 0.0367815 0.0215668 0.0243155 0.0234873 0.0199281 0.019796 0.0243948 0.0301388 0.0376714 0.0412746 0.0863199 0.0771752 0.113111 0.0741005 0.0525337 0.0229764 0.00759418 0.00175318 0 0 0
 0 0 0 0 0 0 0 0 0 0 0.00219441 0.00772107 0.0458388 0.0604681 0.0671733 0.0775358 0.0609151 0.0617685 0.073594 0.0568108 0.0755445 0.0548602 0.0670107 0.0636378 0.0643287 0.046367 0.0373049 0.0286899 0.0247887 0.0153202 0.00654259 0.00121912 0.000365735 0 0 0
 0 0 0 0 0 0 0 0 0 0 0 0 0.000112435 0.00938835 0.0111873 0.0202946 0.0414886 0.0713402 0.111592 0.104902 0.108894 0.110636 0.117776 0.105296 0.107544 0.0401394 0.0192827 0.0124803 0.00416011 0.0028671 0.000618394 0 0 0 0 0
 0 0 0 0 0 0 0 0 0 0 0.00291406 0.0102884 0.027416 0.0768956 0.0749926 0.110853 0.0956884 0.0897413 0.0766577 0.0534642 0.0500743 0.0551293 0.0594112 0.0620874 0.0668451 0.0424026 0.0208742 0.0120726 0.0048766 0.00582813 0.00118941 0.000297354 0 0 0 0
 0 0.00264628 0.0354308 0.0461629 0.0458689 0.0383711 0.0214643 0.0164657 0.0346957 0.0420465 0.0363128 0.0245516 0.0311673 0.0291091 0.0169068 0.0133784 0.00837989 0.0085269 0.0148486 0.0160247 0.0276389 0.0546898 0.0760071 0.122758 0.109233 0.0665981 0.0333725 0.0166128 0.00676272 0.00308733 0.000882094 0 0 0 0 0
 0 0 0 0 0 0 0 0.000805153 0.000690131 0.00759144 0.0133425 0.0154129 0.00931677 0.000345066 0.00356568 0.00563607 0.00851162 0.0253048 0.0502646 0.0516448 0.0657925 0.0565908 0.0611916 0.0827007 0.0866115 0.110766 0.145733 0.0935128 0.0569358 0.0249597 0.0138026 0.00621118 0.00161031 0.00115022 0 0
 0 0 0 0 0 0 0 0 0 0 0 0 0 0 0 0 0 0 0 0 0 0 0 0 0 0 0 0 0 0 0 0 0 0 0 0
 0.00147267 0.00158595 0.00478618 0.00569244 0.00954404 0.0108468 0.00647125 0.017049 0.0510054 0.094081 0.124002 0.0959785 0.0687766 0.0820023 0.061753 0.0591476 0.0492212 0.0479892 0.0443925 0.0268479 0.0217502 0.0140895 0.0121071 0.0120363 0.00920419 0.00665534 0.0049561 0.00860946 0.00930331 0.0156896 0.0114698 0.00855282 0.00243557 0.00046729 0 2.83206e-05
 0 0 0 0 0.000772559 0.00158375 0.000888443 0.00281984 0.00712685 0.0440552 0.0773331 0.111326 0.0921469 0.0852325 0.0710754 0.0886704 0.0786465 0.0553345 0.0373146 0.0185414 0.00753245 0.00457741 0.012979 0.0271748 0.0457355 0.0583668 0.034881 0.0177882 0.00938659 0.00492506 0.0015258 0.00185414 0.000309023 5.79419e-05 3.86279e-05 0
 0 0.00173294 0.00326652 0 0.00397197 0.00683976 0.00946217 0.0152591 0.00757587 0.0136028 0.0228656 0.0392903 0.0559909 0.0764795 0.0681675 0.0726916 0.0566044 0.0477403 0.0527397 0.0444891 0.0609904 0.0582453 0.0661739 0.0445044 0.0529084 0.0360697 0.0280645 0.0235558 0.0158879 0.00826598 0.00280645 0.00217768 0.000904811 0.00058276 9.20147e-05 0
 0 0 0 0 0 0 0 0 0 0 0 0 0 0 0 0 0 0 0 0 0 0 0 0 0 0 0 0 0 0 0 0 0 0 0 0
 0 0 0 0 0 0 0 0 0 0 0 0 0 0 0 0 0 0 0 0 0 0 0 0 0 0 0 0 0 0 0 0 0 0 0 0
 0 0 0 0 0 0 0 0 0 0 0 0 0 0 0 0 0 0 0 0 0 0 0 0 0 0 0 0 0 0 0 0 0 0 0 0
 0 0 0 0 0 0 0 0 0 0 0 0 0 0 0 0 0 0 0 0 0 0 0 0 0 0 0 0 0 0 0 0 0 0 0 0
 0 0 0 0 0 0 0 0 0 0 0 0 0 0 0 0 0 0 0 0 0 0 0 0 0 0 0 0 0 0 0 0 0 0 0 0
ppred_pel_tallas
 1.01051e-16 3.45047e-05 0.00020252 0.000962701 0.00370647 0.0115583 0.0291953 0.0597372 0.09902 0.132978 0.144698 0.127615 0.0913077 0.0532011 0.0256575 0.0110268 0.00552818 0.00471632 0.00586921 0.00779683 0.0100221 0.0122677 0.0142837 0.0158377 0.0167535 0.0169479 0.0164457 0.0153656 0.0138851 0.012196 0.010465 0.00881209 0.0073057 0.00597244 0.0048128 0.00381562
 1.01145e-16 3.20856e-05 0.000188312 0.000895143 0.00344633 0.0107471 0.0271463 0.0555452 0.0920735 0.123656 0.134572 0.118725 0.0850378 0.0497301 0.024324 0.0110357 0.0063802 0.0062434 0.00809159 0.0107831 0.0138022 0.0167873 0.0193873 0.0212765 0.0222182 0.0221173 0.0210404 0.0191922 0.0168591 0.0143405 0.0118879 0.00967074 0.00777056 0.00619755 0.0049181 0.00388125
 1.0212e-16 2.5372e-05 0.000148888 0.000707694 0.00272457 0.00849624 0.021461 0.0439136 0.0727971 0.097781 0.106449 0.0939992 0.067514 0.0398584 0.0201983 0.0103544 0.00764079 0.00885713 0.0120122 0.016154 0.0207526 0.0253332 0.0293895 0.0324396 0.0341237 0.0342841 0.0329952 0.0305317 0.0272901 0.0236903 0.0200912 0.0167414 0.0137708 0.0112136 0.00904479 0.00721553
 1.02685e-16 2.93482e-05 0.000172242 0.000818747 0.0031522 0.0098298 0.0248293 0.0508045 0.0842156 0.113104 0.123091 0.108602 0.0778012 0.0455271 0.0223244 0.0102287 0.00606414 0.0060826 0.00798394 0.0107422 0.0139022 0.0171449 0.0201511 0.0226128 0.0242868 0.0250439 0.0248887 0.0239434 0.0224051 0.0204912 0.0183937 0.0162535 0.0141579 0.012153 0.0102632 0.00850596
 1.02325e-16 3.07255e-05 0.000180329 0.00085719 0.00330021 0.0102914 0.0259952 0.05319 0.0881696 0.118413 0.128866 0.113692 0.081434 0.0476254 0.0233007 0.0105846 0.00614317 0.0060429 0.00786601 0.0105304 0.0135554 0.0166079 0.0193621 0.0215109 0.022823 0.0231918 0.0226544 0.021371 0.019576 0.0175168 0.0154026 0.0133753 0.0115073 0.00981735 0.00829457 0.00692025
 1.03059e-16 2.4093e-05 0.000141379 0.000671995 0.00258712 0.00806761 0.0203784 0.0416984 0.0691255 0.0928513 0.101087 0.089277 0.0641491 0.037926 0.0193195 0.010069 0.00763524 0.00898885 0.012244 0.0164941 0.0212239 0.0259621 0.0302013 0.0334562 0.0353626 0.0357564 0.0347044 0.0324713 0.0294417 0.0260221 0.0225575 0.0192839 0.0163226 0.0137038 0.0114057 0.00938845
 1.03184e-16 2.9143e-05 0.000171039 0.000813026 0.00313017 0.00976112 0.0246558 0.0504494 0.0836268 0.112312 0.122227 0.107836 0.0772431 0.0451816 0.0221201 0.0100773 0.00589717 0.00585757 0.0076773 0.0103448 0.0134202 0.016602 0.0195904 0.0220932 0.023877 0.0248118 0.0248902 0.0242135 0.0229516 0.0212945 0.0194105 0.0174244 0.0154157 0.0134312 0.0115028 0.00965958
 1.03317e-16 2.62478e-05 0.000154034 0.000732169 0.00281882 0.00879017 0.0222034 0.0454322 0.075313 0.101155 0.110109 0.0972009 0.0697467 0.041042 0.02055 0.0101309 0.00698369 0.007783 0.0104715 0.0140918 0.0181517 0.0222418 0.0259329 0.0288161 0.0305832 0.0310932 0.0303971 0.0287102 0.026346 0.0236342 0.0208515 0.0181841 0.0157243 0.0134926 0.0114714 0.00963394
 1.03149e-16 2.83843e-05 0.000166582 0.000791833 0.00304856 0.00950662 0.024013 0.0491344 0.0814479 0.109389 0.119053 0.105054 0.0752883 0.0441156 0.0217422 0.0101473 0.00626959 0.00649157 0.00858933 0.0115613 0.0149468 0.0184067 0.0215969 0.0241863 0.0259173 0.0266583 0.026425 0.0253605 0.0236875 0.0216469 0.0194466 0.0172338 0.0150923 0.0130583 0.0111438 0.0093548
 1.03143e-16 2.70232e-05 0.000158588 0.000753822 0.0029022 0.00905019 0.0228602 0.0467758 0.0775396 0.104144 0.113357 0.100054 0.0717635 0.0421683 0.0210019 0.0101689 0.00677487 0.00738901 0.00989289 0.013311 0.0171588 0.021047 0.0245716 0.0273468 0.0290795 0.0296317 0.0290446 0.0275131 0.0253251 0.0227857 0.0201534 0.0176048 0.0152313 0.0130593 0.0110799 0.00927557
 1.04382e-16 2.15658e-05 0.000126542 0.000601456 0.00231553 0.00722065 0.018239 0.0373212 0.0618704 0.0831098 0.0904916 0.0799428 0.0574937 0.0340954 0.0175617 0.00947069 0.00757273 0.0091775 0.0126105 0.0170602 0.0220481 0.0271164 0.0317615 0.0354931 0.0379322 0.03889 0.0383992 0.0366845 0.0340886 0.0309799 0.0276745 0.024394 0.0212611 0.0183237 0.0155903 0.0130596
 1.05736e-16 2.19065e-05 0.000128548 0.000611005 0.00235231 0.00733539 0.0185288 0.0379135 0.0628506 0.0844209 0.0919043 0.0811558 0.0582899 0.034415 0.0174473 0.00896489 0.00666014 0.00778896 0.0106609 0.0144929 0.0188736 0.0234409 0.0277966 0.031543 0.0343558 0.0360456 0.036584 0.0360847 0.0347514 0.0328136 0.0304739 0.0278814 0.0251335 0.0222942 0.0194181 0.0165667
 1.04081e-16 2.97168e-05 0.00017441 0.000829057 0.0031919 0.00995364 0.0251421 0.0514442 0.085275 0.114523 0.124628 0.10994 0.0787191 0.0459826 0.0223957 0.0100057 0.00558295 0.00532365 0.00690046 0.00929164 0.0120714 0.0149678 0.0177182 0.0200687 0.021817 0.0228505 0.0231623 0.0228361 0.0220112 0.020838 0.0194437 0.0179143 0.0162977 0.0146184 0.0128953 0.0111556
 1.0234e-16 3.10609e-05 0.000182297 0.000866547 0.00333624 0.0104037 0.026279 0.0537707 0.0891321 0.119706 0.130273 0.114933 0.0823219 0.0481431 0.0235506 0.0106913 0.00619365 0.00607868 0.00789917 0.0105575 0.0135635 0.0165773 0.0192675 0.0213248 0.0225204 0.0227555 0.0220799 0.0206701 0.0187767 0.0166605 0.0145386 0.0125537 0.010772 0.00920039 0.00781322 0.00657668
 1.0113e-16 3.49152e-05 0.00020493 0.000974158 0.00375058 0.0116959 0.0295428 0.0604482 0.100199 0.134561 0.14642 0.129132 0.092392 0.0538294 0.0259535 0.0111407 0.00556341 0.0047203 0.00585344 0.00775463 0.00993717 0.0121178 0.0140433 0.0154816 0.0162619 0.0163118 0.0156712 0.0144764 0.0129211 0.011209 0.00951199 0.00794693 0.00657163 0.00539676 0.0044046 0.00356678
 1.00796e-16 3.41171e-05 0.000200242 0.000951863 0.00366473 0.0114281 0.0288666 0.0590648 0.0979064 0.131485 0.143082 0.126207 0.0903399 0.0527163 0.0255709 0.0112396 0.00599554 0.00544844 0.00690079 0.00915411 0.0116977 0.0142048 0.0163714 0.017919 0.0186467 0.0184768 0.0174712 0.015811 0.013748 0.011544 0.00941913 0.00752098 0.00591936 0.00462056 0.00359127 0.00278192
 1.01406e-16 2.81634e-05 0.000165279 0.000785624 0.00302463 0.00943198 0.0238246 0.0487493 0.0808115 0.10854 0.118145 0.104288 0.0748191 0.044 0.0219799 0.0107482 0.00729041 0.00802772 0.0107411 0.0143921 0.0184431 0.0224482 0.0259454 0.0285004 0.0297943 0.0296956 0.0282875 0.0258369 0.0227215 0.019338 0.0160234 0.0130076 0.0104063 0.00824092 0.00647422 0.00504422
 1.02156e-16 2.94398e-05 0.000172779 0.000821292 0.00316199 0.00986034 0.0249065 0.0509625 0.0844779 0.113457 0.123479 0.108954 0.078072 0.0457236 0.022491 0.0104221 0.00633624 0.00647537 0.00852817 0.0114533 0.0147733 0.0181402 0.0212037 0.0236285 0.0251564 0.0256595 0.0251618 0.0238206 0.0218763 0.0195896 0.0171883 0.0148364 0.0126297 0.0106097 0.00878574 0.00715516
 1.02482e-16 2.85689e-05 0.000167664 0.000796974 0.00306835 0.00956832 0.0241689 0.0494535 0.0819773 0.110101 0.119833 0.105752 0.0758113 0.044467 0.0219981 0.0104035 0.00660765 0.00697095 0.0092493 0.0124191 0.0159906 0.0195882 0.0228296 0.0253511 0.026878 0.027283 0.0266088 0.0250448 0.0228688 0.0203762 0.0178182 0.0153679 0.0131163 0.0110901 0.00927996 0.00766484
 1.02087e-16 3.17171e-05 0.000186152 0.000884877 0.00340682 0.0106238 0.026835 0.0549081 0.0910167 0.122234 0.133019 0.117341 0.0840158 0.0490713 0.0238887 0.0106499 0.00590253 0.00557795 0.00717997 0.00960202 0.0123708 0.0151764 0.0177221 0.0197277 0.0209801 0.0213774 0.0209463 0.019825 0.0182197 0.016351 0.0144075 0.0125207 0.0107617 0.00915512 0.00769911 0.00638387
 1.0203e-16 2.93688e-05 0.00017236 0.000819296 0.00315429 0.00983633 0.0248459 0.0508387 0.0842733 0.113185 0.123188 0.10871 0.0779247 0.0456929 0.0225786 0.0106332 0.00669059 0.00700436 0.00926245 0.0124081 0.0159347 0.0194557 0.0225798 0.0249394 0.0262612 0.0264269 0.0254959 0.0236793 0.0212794 0.018614 0.0159513 0.0134733 0.0112707 0.00936148 0.00772103 0.00630965
 1.02347e-16 2.8843e-05 0.000169274 0.000804626 0.00309781 0.00966021 0.024401 0.0499283 0.0827642 0.111157 0.120981 0.10676 0.0765234 0.0448639 0.0221558 0.0104139 0.00652955 0.00682621 0.0090387 0.0121378 0.0156371 0.0191693 0.022361 0.0248564 0.026385 0.026818 0.0261918 0.0246856 0.0225662 0.0201192 0.0175903 0.0151519 0.0128984 0.0108628 0.00904257 0.00742263
 1.02146e-16 3.11717e-05 0.000182949 0.00086965 0.00334819 0.010441 0.0263731 0.0539632 0.0894508 0.120133 0.130735 0.115333 0.0825943 0.0482731 0.0235601 0.0106055 0.00602189 0.00581518 0.00753282 0.0100828 0.0129892 0.0159311 0.0185971 0.0206931 0.0219953 0.0223972 0.021928 0.0207341 0.0190338 0.0170596 0.0150109 0.0130261 0.0111798 0.00949738 0.00797611 0.00660482
 1.01937e-16 3.06267e-05 0.000179747 0.000854423 0.00328955 0.0102581 0.0259113 0.0530184 0.0878855 0.118033 0.128456 0.113338 0.0811978 0.0475224 0.0233156 0.0107008 0.00636046 0.00637619 0.00833592 0.0111519 0.0143281 0.017509 0.0203435 0.0225019 0.0237383 0.0239443 0.0231692 0.0215973 0.0194946 0.0171411 0.0147739 0.0125545 0.0105645 0.00882215 0.00730896 0.00599364
 1.03426e-16 2.02948e-05 0.000119075 0.000565944 0.00217877 0.00679418 0.0171619 0.0351177 0.0582198 0.078213 0.0851783 0.0752927 0.0542447 0.0323598 0.0170187 0.00973905 0.00843564 0.0105967 0.0146423 0.0197692 0.0254475 0.0311325 0.0362192 0.0401251 0.0424114 0.0428786 0.0416037 0.0389019 0.0352329 0.0310848 0.0268742 0.0228887 0.0192799 0.0160904 0.0132992 0.0108623
 1.05183e-16 2.37489e-05 0.000139368 0.000662452 0.00255041 0.00795315 0.0200891 0.0411059 0.0681407 0.0915209 0.0996186 0.087932 0.0630788 0.0370853 0.0185111 0.00903892 0.00613918 0.00681717 0.00923833 0.0125782 0.0164462 0.0205316 0.0244987 0.0280062 0.0307656 0.0325919 0.033428 0.0333326 0.0324418 0.0309217 0.0289286 0.0265898 0.0240043 0.0212557 0.0184268 0.0156072
 1.04806e-16 2.65747e-05 0.000155958 0.000741327 0.0028541 0.0089002 0.0224813 0.0460004 0.0762532 0.102413 0.111466 0.0983686 0.0705192 0.0413654 0.0204698 0.00969449 0.00618358 0.00655998 0.00874873 0.0118146 0.0153227 0.0189458 0.0223477 0.0252029 0.0272558 0.0283717 0.0285563 0.0279355 0.0267066 0.0250795 0.0232284 0.0212686 0.0192589 0.0172213 0.0151668 0.0131146
pSPR Fmed_Fpbrs
0.440916   0.6 0.325
Fs Fmed_Fpbrs
0.66   0.350761 1.08419
SSBpbr Bo_Bmed_Bpbrs
2.02765e+06  792641  1.11521e+06 557604
Ro
53103.6
SPR SPRFo_SPRFmed_SPRFpbrs
1.10011e+06 485055 357535
log_Ro
10.7
likeval ReclasPelacesDesembMPH_pf_preclas_ppelaces_ptallas_desvR_qrecl_qpela
 62.4626 22.271 0.0221579 0.00063642 351.901 216.582 58.8497 0 16.6213 4.91497e-05 1.24813e-05 6.95682e-16 0 0 0
q_reclas_q_pelaces
0.3703 1.65305
M
0.7
N
 55024.5 14234.4 5290.15 622.939 0.348764
 67892.1 25161.4 4397.28 1634.22 192.545
 41252.5 31642.7 8673.87 1515.87 629.741
 59918.9 18714.3 9337.59 2559.61 633.159
 101564 29241.4 8407.29 4194.86 1434.34
 76128.6 50254.6 14224.4 4089.69 2738.3
 119790 36458.4 20255.6 5733.28 2752.09
 109133 58140.6 15870.9 8817.6 3693.81
 128437 51789.1 22233.5 6069.18 4784.48
 125857 60524.5 19022.9 8166.71 3986.72
 64913.3 59870.8 23471.6 7377.17 4713.15
 40978.1 29415.5 17555.1 6882.28 3545.09
 43805.5 18649 8840.47 5275.98 3133.82
 23750.2 18877.9 4095.16 1941.3 1846.73
 17270.4 9099.7 2106.91 457.049 422.771
 19204.2 6604.53 1004.61 232.604 97.1324
 15031.2 8631.17 1847.07 280.957 92.2165
 18256.6 6965.99 2879.79 616.276 124.509
 20712.9 8652.23 2643.68 1092.92 281.137
 34256.8 9906.99 3462.06 1057.83 549.808
 42803.9 16370.3 3943.66 1378.14 639.95
 54774 20875.8 7327.42 1765.21 903.308
 89168.4 26558.6 9036.21 3171.73 1155.08
 126549 43027.3 11181 3804.17 1821.55
 68804.8 61158.7 18274.4 4748.73 2389.33
 77995.9 33409.2 26690.3 7975.15 3115.13
 98928.9 37899.5 14641 11696.6 4860.12
pred_Ctot
 3147.46 3975.13 1477.33 173.963 0.0973962
 3011.06 5650.58 987.513 367.004 43.2406
 2578.32 9511.89 2607.39 455.676 189.302
 744.329 1290.5 643.903 176.506 43.6615
 261.375 429.9 123.602 61.6718 21.0873
 1953.38 6889.02 1949.91 560.625 375.373
 1951.14 3259.69 1811.03 512.604 246.061
 3492.02 9759.29 2664.04 1480.09 620.031
 4728.61 9864.98 4235.12 1156.08 911.365
 3815.27 9671.62 3039.8 1305.01 637.065
 4104.93 18171.6 7123.96 2239.07 1430.5
 2474.64 8594.7 5129.31 2010.89 1035.81
 4198.18 7833.63 3713.51 2216.22 1316.38
 3960.59 11417.2 2476.72 1174.08 1116.88
 2898.68 5523.64 1278.92 277.435 256.627
 1318.76 2143.78 326.089 75.5016 31.5285
 724.511 2083.61 445.894 67.8246 22.2616
 600.824 1199.47 495.871 106.116 21.4392
 549.716 1223.67 373.892 154.57 39.7609
 930.605 1431.59 500.278 152.859 79.4488
 550.955 1168.17 281.416 98.3429 45.6663
 930.133 1942.01 681.65 164.212 84.0322
 1816.73 2935.34 998.711 350.549 127.664
 2442.49 4518.98 1174.29 399.536 191.31
 1099.51 5369.56 1604.44 416.925 209.777
 1206.6 2843.8 2271.88 678.846 265.16
 1500.43 3165.56 1222.89 976.957 405.942
F
 0.0824692 0.474679 0.474679 0.474679 0.474679
 0.0634129 0.364994 0.364994 0.364994 0.364994
 0.0904226 0.520458 0.520458 0.520458 0.520458
 0.0174065 0.100189 0.100189 0.100189 0.100189
 0.00358415 0.0206298 0.0206298 0.0206298 0.0206298
 0.0362534 0.208669 0.208669 0.208669 0.208669
 0.0228783 0.131684 0.131684 0.131684 0.131684
 0.0453912 0.261264 0.261264 0.261264 0.261264
 0.0523875 0.301534 0.301534 0.301534 0.301534
 0.0429572 0.247255 0.247255 0.247255 0.247255
 0.0915318 0.526842 0.526842 0.526842 0.526842
 0.0872472 0.502181 0.502181 0.502181 0.502181
 0.141766 0.815984 0.815984 0.815984 0.815984
 0.259349 1.49277 1.49277 1.49277 1.49277
 0.261238 1.50364 1.50364 1.50364 1.50364
 0.0997515 0.574154 0.574154 0.574154 0.574154
 0.0690884 0.397662 0.397662 0.397662 0.397662
 0.0467122 0.268868 0.268868 0.268868 0.268868
 0.0375188 0.215952 0.215952 0.215952 0.215952
 0.0384186 0.221131 0.221131 0.221131 0.221131
 0.0180411 0.103842 0.103842 0.103842 0.103842
 0.0238624 0.137348 0.137348 0.137348 0.137348
 0.0286911 0.165141 0.165141 0.165141 0.165141
 0.0271611 0.156335 0.156335 0.156335 0.156335
 0.0224416 0.12917 0.12917 0.12917 0.12917
 0.0217182 0.125007 0.125007 0.125007 0.125007
 0.0212885 0.122533 0.122533 0.122533 0.122533
Np
 40938 19127.3 16816.3 5822 3035.55
YTP_r0W_actual
 12153.5 76923.2 40110.8 39273.7 18551.5
YTP_p0W_proyectada
 15021.7 240126 117111 56551.5 74659.8
 15021.7 95504.2 118282 51188 30643
CTP_r0_actual
 1500.43 3165.56 1222.89 976.957 405.942
CTP_p0_proyectada
 1746.71 10440.3 3614.54 1396.33 1605.59
 1746.71 4152.36 3650.66 1263.9 658.988
Wmedp
 8.6 23 32.4 40.5 46.5
nmprior
 10.8 10.6 4.6 0
nm_flota  nm_reclas  nm_pelaces    nm_pelaL
inf 14.5969 18.3662 78.7098
cv_recla  cv_pelaces  cv_mph
0.684448 0.500548 0.67423
 ------------------------------------------------
Talla a la edad & desviaci?n 
 7.2 14.2025 17.0495 18.207 18.6776
 1.08 2.13037 2.55742 2.73105 2.80164
