years
 1997 1998 1999 2000 2001 2002 2003 2004 2005 2006 2007 2008 2009 2010 2011 2012 2013 2014 2015 2016 2017 2018 2019 2020 2021 2022 2023
reclasobs
 0 0 0 370054 412103 1.49427e+06 250295 1.28982e+06 931140 785840 897777 1.04006e+06 184774 17550 25797 100020 73551 82996 120727 218422 84188 347160 605670 569463 516374 1.08416e+06 1.01767e+06
reclaspred
 8.10691e+06 1.47458e+06 1.72519e+06 258345 224277 348008 651152 651772 658074 838723 969871 722789 366979 142616 77653.7 79223.6 80255.8 107934 145009 143241 202205 234062 366399 457304 797452 795046 403130
pelacesobs
 0 0 0 0 0 0 0 0 0 2.06254e+06 1.5e+06 0 1.87456e+06 323000 250000 174000 83755 137374 0 501740 490994 745055 786931 1.00524e+06 1.33801e+06 1.41789e+06 1.42762e+06
pelacespred
 1.65915e+07 8.4151e+06 1.69831e+06 569477 708538 638904 2.11042e+06 1.96454e+06 1.74365e+06 2.52607e+06 2.26652e+06 1.69554e+06 945440 300800 167845 169851 175877 258441 338036 294946 569781 603893 690560 1.06475e+06 1.81485e+06 1.75657e+06 734541
mphobs
 0 0 0 0 0 112323 0 153150 637223 0 255016 313432 73983 77613 109348 50772 17779 17303 59886 28197 0 207744 136588 643089 65757 70829 0
mphpred
 1.24827e+06 520753 200344 58643.6 37043.7 135874 145552 287262 246705 263981 383783 260429 158337 96437.3 45390.1 32739.5 28426.1 33675.7 46078.3 42868.8 51811.7 73772.8 84451.7 117557 208080 195940 123349
desembarqueobs
 350755 77701 442110 56441 14545 235359 269955 359681 431902 328805 639364 411747 362871 311530 167758 66681 60226 58785 57116 73181 50977 67692 138656 160484 209506 203330 187013
desembarquepred
 350744 77677.9 441474 56399.8 14541.4 235120 269827 358993 431254 328425 638010 410893 362001 310884 167190 66585.3 60174.6 58679.6 57019.6 73065.6 50949.8 67598.1 138489 160324 209265 202987 186692
Reclutas
 6199.83 8565.84 1025.71 3351.49 39752.3 11517.1 65070.7 55642.8 60081.1 114346 64877.6 48231.8 58160.9 29057.8 12069.7 9002.14 6838.06 8871.82 7533.09 8097.02 15223 16686.7 26906.2 44766.1 20930.8 18381.5 3122.08
log_desv_Rt
 -1.00772 -0.684463 -2.80686 -1.62284 0.850423 -0.388412 1.34323 1.18671 1.26345 1.90698 1.34026 1.04377 1.23097 0.537041 -0.341543 -0.634782 -0.909741 -0.649365 -0.81294 -0.740748 -0.109435 -0.0176313 0.460112 0.969206 0.208977 0.0790981 -1.69374
SSB
 1.69256e+06 706103 271652 79516.4 50228.5 184236 197358 389507 334513 357940 520382 353123 214694 130762 61545.6 44392.4 38543.7 45661.8 62478.9 58126.9 70252.9 100030 114510 159399 282142 265681 167252
BT
 2.10733e+06 839419 388020 124576 241241 288785 1.02795e+06 917296 930736 1.09724e+06 1.12752e+06 791458 672890 388945 195029 101904 99330.4 124073 116108 125587 195864 170289 242204 393825 486078 432188 245779
Ftot
 0.165961 0.284216 1.35186 1.22529 0.383528 1.76556 1.92567 1.75709 2.17775 1.50484 1.94346 1.85281 3.22256 4.95303 4.95303 2.37135 2.29799 1.85147 1.21916 1.68354 0.938872 0.967706 1.29551 1.25526 0.841685 0.961672 1.54169
BD_Bspro_t
 0.976873 0.83113 0.557319 0.169748 0.211792 0.539866 0.376236 0.477545 0.386949 0.36509 0.417103 0.269874 0.183552 0.132016 0.0753317 0.0675405 0.0817383 0.133363 0.215435 0.244992 0.311514 0.454701 0.44378 0.452558 0.519903 0.429179 0.311044
BD_Bspro
 4.81065 2.00691 0.772101 0.226005 0.142762 0.523642 0.56094 1.10707 0.950768 1.01735 1.47905 1.00366 0.610211 0.371657 0.174927 0.126174 0.109551 0.129782 0.17758 0.165211 0.199676 0.284311 0.325466 0.453051 0.801915 0.755128 0.47537
BD_Bo
 2.93913 1.22615 0.471725 0.13808 0.0872219 0.319925 0.342713 0.676379 0.580883 0.621562 0.903643 0.613199 0.372816 0.227068 0.106874 0.0770874 0.0669312 0.0792918 0.108495 0.100937 0.121994 0.173703 0.198847 0.276797 0.48994 0.461355 0.290433
BD_Brms
 5.34387 2.22936 0.857681 0.251055 0.158585 0.581682 0.623115 1.22978 1.05615 1.13011 1.64299 1.11491 0.677847 0.412851 0.194316 0.140159 0.121693 0.144167 0.197263 0.183523 0.221808 0.315824 0.361541 0.503267 0.890799 0.838827 0.52806
S_f
 0.0756602 0.807949 0.995396 0.99991 0.999998
 0.0756602 0.807949 0.995396 0.99991 0.999998
 0.0756602 0.807949 0.995396 0.99991 0.999998
 0.0756602 0.807949 0.995396 0.99991 0.999998
 0.0756602 0.807949 0.995396 0.99991 0.999998
 0.0756602 0.807949 0.995396 0.99991 0.999998
 0.0756602 0.807949 0.995396 0.99991 0.999998
 0.0756602 0.807949 0.995396 0.99991 0.999998
 0.0756602 0.807949 0.995396 0.99991 0.999998
 0.0756602 0.807949 0.995396 0.99991 0.999998
 0.0756602 0.807949 0.995396 0.99991 0.999998
 0.0756602 0.807949 0.995396 0.99991 0.999998
 0.0756602 0.807949 0.995396 0.99991 0.999998
 0.0756602 0.807949 0.995396 0.99991 0.999998
 0.0756602 0.807949 0.995396 0.99991 0.999998
 0.0756602 0.807949 0.995396 0.99991 0.999998
 0.0756602 0.807949 0.995396 0.99991 0.999998
 0.0756602 0.807949 0.995396 0.99991 0.999998
 0.0756602 0.807949 0.995396 0.99991 0.999998
 0.0756602 0.807949 0.995396 0.99991 0.999998
 0.0756602 0.807949 0.995396 0.99991 0.999998
 0.0756602 0.807949 0.995396 0.99991 0.999998
 0.0756602 0.807949 0.995396 0.99991 0.999998
 0.0756602 0.807949 0.995396 0.99991 0.999998
 0.0756602 0.807949 0.995396 0.99991 0.999998
 0.0756602 0.807949 0.995396 0.99991 0.999998
 0.0756602 0.807949 0.995396 0.99991 0.999998
Scru_reclas
 0.0813673 0.308323 0.691677 0.918633 0.982704
 0.0813673 0.308323 0.691677 0.918633 0.982704
 0.0813673 0.308323 0.691677 0.918633 0.982704
 0.0813673 0.308323 0.691677 0.918633 0.982704
 0.0813673 0.308323 0.691677 0.918633 0.982704
 0.0813673 0.308323 0.691677 0.918633 0.982704
 0.0813673 0.308323 0.691677 0.918633 0.982704
 0.0813673 0.308323 0.691677 0.918633 0.982704
 0.0813673 0.308323 0.691677 0.918633 0.982704
 0.0813673 0.308323 0.691677 0.918633 0.982704
 0.0813673 0.308323 0.691677 0.918633 0.982704
 0.0813673 0.308323 0.691677 0.918633 0.982704
 0.0813673 0.308323 0.691677 0.918633 0.982704
 0.0813673 0.308323 0.691677 0.918633 0.982704
 0.0813673 0.308323 0.691677 0.918633 0.982704
 0.0813673 0.308323 0.691677 0.918633 0.982704
 0.0813673 0.308323 0.691677 0.918633 0.982704
 0.0813673 0.308323 0.691677 0.918633 0.982704
 0.0813673 0.308323 0.691677 0.918633 0.982704
 0.0813673 0.308323 0.691677 0.918633 0.982704
 0.0813673 0.308323 0.691677 0.918633 0.982704
 0.0813673 0.308323 0.691677 0.918633 0.982704
 0.0813673 0.308323 0.691677 0.918633 0.982704
 0.0813673 0.308323 0.691677 0.918633 0.982704
 0.0813673 0.308323 0.691677 0.918633 0.982704
 0.0813673 0.308323 0.691677 0.918633 0.982704
 0.0813673 0.308323 0.691677 0.918633 0.982704
Scru_pelaces
 0.15212 0.474491 0.819626 0.958104 0.991386
 0.15212 0.474491 0.819626 0.958104 0.991386
 0.15212 0.474491 0.819626 0.958104 0.991386
 0.15212 0.474491 0.819626 0.958104 0.991386
 0.15212 0.474491 0.819626 0.958104 0.991386
 0.15212 0.474491 0.819626 0.958104 0.991386
 0.15212 0.474491 0.819626 0.958104 0.991386
 0.15212 0.474491 0.819626 0.958104 0.991386
 0.15212 0.474491 0.819626 0.958104 0.991386
 0.15212 0.474491 0.819626 0.958104 0.991386
 0.15212 0.474491 0.819626 0.958104 0.991386
 0.15212 0.474491 0.819626 0.958104 0.991386
 0.15212 0.474491 0.819626 0.958104 0.991386
 0.15212 0.474491 0.819626 0.958104 0.991386
 0.15212 0.474491 0.819626 0.958104 0.991386
 0.15212 0.474491 0.819626 0.958104 0.991386
 0.15212 0.474491 0.819626 0.958104 0.991386
 0.15212 0.474491 0.819626 0.958104 0.991386
 0.15212 0.474491 0.819626 0.958104 0.991386
 0.15212 0.474491 0.819626 0.958104 0.991386
 0.15212 0.474491 0.819626 0.958104 0.991386
 0.15212 0.474491 0.819626 0.958104 0.991386
 0.15212 0.474491 0.819626 0.958104 0.991386
 0.15212 0.474491 0.819626 0.958104 0.991386
 0.15212 0.474491 0.819626 0.958104 0.991386
 0.15212 0.474491 0.819626 0.958104 0.991386
 0.15212 0.474491 0.819626 0.958104 0.991386
pf_obs 
 0.256992 0.487395 0.22802 0.0275931 0
 0.321318 0.546541 0.124235 0.00734118 0.000564706
 0.182869 0.594174 0.210203 0.0122559 0.00049798
 0.330522 0.361315 0.267642 0.0388342 0.00168674
 0.649043 0.306663 0.0425973 0.00169635 0
 0.582887 0.30429 0.105238 0.00758474 0
 0.465427 0.430635 0.0974691 0.00646863 0
 0.296916 0.608066 0.0921331 0.00288517 0
 0.311714 0.524322 0.152257 0.0117073 0
 0.15457 0.633149 0.183074 0.0267441 0.00246327
 0.131901 0.49318 0.331252 0.0422183 0.00144891
 0.196976 0.569456 0.194076 0.0375587 0.00193317
 0.518974 0.381816 0.0799577 0.0180837 0.00116848
 0.0928022 0.601141 0.25162 0.0475244 0.00691264
 0.122501 0.610282 0.24278 0.0234846 0.000952079
 0.383417 0.481906 0.127806 0.00687128 0
 0.0376549 0.599619 0.316969 0.0457579 0
 0.0361596 0.667082 0.258105 0.0386534 0
 0.158088 0.579412 0.248529 0.0139706 0
 0.0477256 0.309471 0.559284 0.082774 0.000745712
 0.0406174 0.521527 0.379366 0.0568643 0.0016247
 0.151134 0.462217 0.34131 0.0453401 0
 0.294876 0.26143 0.354403 0.0886775 0.000613685
 0.281977 0.475581 0.204845 0.0348837 0.00271318
 0.0841818 0.532909 0.334909 0.0458182 0.00218182
 0.115287 0.27431 0.454777 0.147771 0.00785563
 0.0989387 0.350907 0.424855 0.114687 0.0106128
pf_pred 
 0.00831401 0.638253 0.312266 0.0411649 1.85574e-06
 0.0222756 0.0771703 0.624048 0.244438 0.0320681
 0.0078485 0.230035 0.0747729 0.477066 0.210277
 0.128992 0.132067 0.22607 0.0507083 0.462163
 0.675686 0.244123 0.0163292 0.019649 0.0442128
 0.0813714 0.883275 0.0281698 0.00146936 0.00571452
 0.577408 0.278824 0.140129 0.00290572 0.000733558
 0.228844 0.750453 0.0155972 0.00497829 0.00012793
 0.266254 0.635946 0.0960796 0.0012997 0.000421288
 0.371589 0.571239 0.0522595 0.00482796 8.54874e-05
 0.158591 0.774604 0.0625805 0.00386446 0.000360066
 0.182191 0.670954 0.139254 0.00712545 0.000475922
 0.329939 0.56814 0.0893793 0.0118981 0.000642818
 0.251905 0.720568 0.0251984 0.00204625 0.000282654
 0.244858 0.739073 0.0158381 0.000211697 1.912e-05
 0.272796 0.710254 0.0168109 0.000137822 1.96287e-06
 0.225362 0.711499 0.0622585 0.000873878 7.17808e-06
 0.30327 0.623217 0.0697977 0.00366483 5.12475e-05
 0.192879 0.73291 0.068985 0.00496387 0.000261582
 0.222478 0.623189 0.144092 0.00952551 0.000715734
 0.314167 0.588862 0.0833784 0.0126986 0.000893867
 0.204794 0.69103 0.0930145 0.00960624 0.00155486
 0.274442 0.575552 0.135211 0.0132201 0.00157485
 0.302963 0.606989 0.0762418 0.0124553 0.00135158
 0.0989739 0.791658 0.0990962 0.008708 0.00156412
 0.124037 0.527134 0.316554 0.0292629 0.00301261
 0.0359228 0.67224 0.197106 0.0860237 0.00870765
pobs_RECLAS
 0 0 0 0 0
 0 0 0 0 0
 0 0 0 0 0
 0 0 0 0 0
 0.835266 0.146461 0.0176864 0.000547809 3.91292e-05
 0.385257 0.428462 0.181853 0.0044286 0
 0.867414 0.0963971 0.0333333 0.00285562 0
 0.441836 0.489002 0.0689373 0.000224442 0
 0.779404 0.147425 0.0564933 0.0165055 0.000172143
 0.814271 0.122319 0.05973 0.00367925 0
 0.40263 0.566651 0.0304383 0.000280538 0
 0.475488 0.404961 0.113038 0.00651328 0
 0.955842 0.0263864 0.0167828 0.000988607 0
 0.975058 0.0227948 0.00214734 0 0
 0.738997 0.206755 0.0527124 0.00153531 0
 0.850938 0.134255 0.0134407 0.00136685 0
 0.542534 0.407297 0.0501686 0 0
 0.764087 0.199537 0.0359546 0.000420521 0
 0.470689 0.182191 0.310203 0.0369168 0
 0.84361 0.089868 0.0606195 0.00523954 0.000663233
 0.607945 0.314616 0.071237 0.00620181 0
 0.523733 0.453247 0.0230204 0 0
 0.530135 0.295979 0.169645 0.0042399 0
 0.562478 0.366248 0.0663022 0.0049721 0
 0.250443 0.683176 0.0655157 0.000865301 0
 0.195077 0.31981 0.436473 0.0351445 0.0134964
 0.565238 0.351407 0.0832357 0.000118908 0
ppred_RECLAS
 0.0177788 0.480569 0.427196 0.0744526 3.59014e-06
 0.0328095 0.039766 0.583108 0.301945 0.0423715
 0.0122031 0.114409 0.0651766 0.549257 0.258955
 0.18108 0.0601103 0.181317 0.0537263 0.523766
 0.817465 0.102718 0.0124342 0.0197787 0.0476044
 0.219742 0.726327 0.0397923 0.00274012 0.0113986
 0.786481 0.113233 0.096917 0.00265251 0.000716251
 0.48761 0.487441 0.0174108 0.00733639 0.000201652
 0.535941 0.36839 0.0934231 0.00166739 0.000578092
 0.637018 0.307871 0.0490179 0.00598032 0.000113265
 0.374485 0.544032 0.07478 0.00609473 0.000607402
 0.395152 0.438119 0.155478 0.0105014 0.000750241
 0.649991 0.270922 0.0667146 0.0116967 0.000675899
 0.663543 0.31937 0.0152241 0.00162265 0.000239718
 0.656599 0.333473 0.00974129 0.000170897 1.65078e-05
 0.569218 0.414335 0.0162677 0.000175911 2.67972e-06
 0.493798 0.440736 0.0642655 0.00118992 1.04544e-05
 0.572855 0.354482 0.0678874 0.00470519 7.03761e-05
 0.406859 0.501572 0.0832127 0.00790985 0.000445852
 0.446821 0.385091 0.153604 0.0134068 0.00107751
 0.550492 0.343963 0.0867679 0.017462 0.00131477
 0.4109 0.460985 0.110435 0.0150706 0.0026092
 0.501483 0.338472 0.139702 0.0180428 0.00229902
 0.547889 0.354791 0.0784299 0.0169255 0.00196454
 0.228612 0.614788 0.137557 0.015974 0.00306904
 0.242127 0.342313 0.365938 0.0446995 0.00492227
 0.0851235 0.498639 0.254 0.146388 0.0158497
pobs_PELACES
 0 0 0 0 0
 0 0 0 0 0
 0 0 0 0 0
 0 0 0 0 0
 0 0 0 0 0
 0 0 0 0 0
 0 0 0 0 0
 0 0 0 0 0
 0 0 0 0 0
 0 0 0 0 0
 0.450072 0.473896 0.0757376 0.000293798 0
 0 0 0 0 0
 0.463077 0.371075 0.160297 0.00555027 0
 0.529543 0.364841 0.0842815 0.0213345 0
 0.631943 0.363953 0.00410389 0 0
 0.735681 0.248677 0.0153453 0.000297389 0
 0.695825 0.281241 0.0229344 0 0
 0.275771 0.60734 0.115278 0.00161068 0
 0 0 0 0 0
 0.896147 0.0623911 0.0374545 0.00400742 0
 0.803859 0.145111 0.0509908 3.86294e-05 0
 0.739449 0.233085 0.0266225 0.000797448 4.60066e-05
 0.878498 0.100942 0.0204185 0.000141795 0
 0.694673 0.275183 0.0284847 0.00165964 0
 0.469039 0.446079 0.0841089 0.000773354 0
 0.822795 0.102175 0.0682046 0.00682512 0
 0.69333 0.244118 0.0624202 0.000131731 0
ppred_PELACES
 0.0255894 0.546993 0.370583 0.0568315 2.65075e-06
 0.0567793 0.0528882 0.586747 0.267303 0.0362824
 0.0302852 0.168588 0.0680195 0.503502 0.229605
 0.353513 0.0718414 0.154682 0.0402673 0.379697
 0.875027 0.0824959 0.00750914 0.0105071 0.024461
 0.349233 0.620188 0.0234558 0.00141787 0.00570487
 0.893438 0.0664866 0.0388974 0.000934307 0.000244019
 0.642467 0.345764 0.00853026 0.00315536 8.38874e-05
 0.718117 0.240058 0.0409684 0.000641477 0.000215111
 0.762888 0.210975 0.0235657 0.00252484 4.62526e-05
 0.548444 0.410054 0.0384842 0.00275266 0.000265337
 0.576573 0.336292 0.0819423 0.00485788 0.00033568
 0.843237 0.13279 0.0206281 0.00316793 0.000177053
 0.890252 0.106563 0.0028792 0.000268114 3.83074e-05
 0.886185 0.111931 0.00185326 2.84059e-05 2.65369e-06
 0.742542 0.250846 0.00654889 6.21095e-05 9.15112e-07
 0.68335 0.288127 0.0280633 0.000455777 3.87305e-06
 0.729344 0.237496 0.0312322 0.00189999 2.74869e-05
 0.539591 0.407839 0.0483151 0.00403489 0.000219982
 0.619647 0.292666 0.0809981 0.00620679 0.000482491
 0.666968 0.273411 0.0501109 0.00886375 0.000645522
 0.533132 0.389682 0.0677053 0.00812043 0.00135986
 0.649098 0.263693 0.0773512 0.00877582 0.00108158
 0.680906 0.267986 0.0422075 0.00800195 0.000898358
 0.318734 0.575713 0.0941546 0.0096114 0.00178614
 0.367259 0.338773 0.262754 0.0282086 0.00300456
 0.162102 0.53853 0.192014 0.0971772 0.0101768
pobs_pel_tallas
 0 0 0 0 0 0 0 0 0 0 0 0 0 0 0 0 0 0 0 0 0 0 0 0 0 0 0 0 0 0 0 0 0 0 0 0
 0 0 0 0 0 0 0 0 0 0 0 0 0 0 0 0 0 0 0 0 0 0 0 0 0 0 0 0 0 0 0 0 0 0 0 0
 0 0 0 0 0 0 0 0 0 0 0 0 0 0 0 0 0 0 0 0 0 0 0 0 0 0 0 0 0 0 0 0 0 0 0 0
 0 0 0 0 0 0 0 0 0 0 0 0 0 0 0 0 0 0 0 0 0 0 0 0 0 0 0 0 0 0 0 0 0 0 0 0
 0 0 0 0 0 0 0 0 0 0 0 0 0 0 0 0 0 0 0 0 0 0 0 0 0 0 0 0 0 0 0 0 0 0 0 0
 0 0 0 0 0 0 0 0 0 0 0 0 0 0 0 0 0 0 0 0 0 0 0 0 0 0 0 0 0 0 0 0 0 0 0 0
 0 0 0 0 0 0 0 0 0 0 0 0 0 0 0 0 0 0 0 0 0 0 0 0 0 0 0 0 0 0 0 0 0 0 0 0
 0 0 0 0 0 0 0 0 0 0 0 0 0 0 0 0 0 0 0 0 0 0 0 0 0 0 0 0 0 0 0 0 0 0 0 0
 0 0 0 0 0 0 0 0 0 0 0 0 0 0 0 0 0 0 0 0 0 0 0 0 0 0 0 0 0 0 0 0 0 0 0 0
 0 0 0 0 0 0 0 0 0 0 0 0 0 0 0 0 0 0 0 0 0 0 0 0 0 0 0 0 0 0 0 0 0 0 0 0
 0 0 0 0 0 0 0 0 1.78061e-05 0.00172719 0.00360574 0.0105946 0.0120993 0.0124554 0.0147524 0.0171206 0.0266825 0.0428682 0.0675386 0.121331 0.153587 0.119568 0.100827 0.0573624 0.0630603 0.0341343 0.0324427 0.0444173 0.0211091 0.0280891 0.0125444 0.00206551 0 0 0 0
 0 0 0 0 0 0 0 0 0 0 0 0 0 0 0 0 0 0 0 0 0 0 0 0 0 0 0 0 0 0 0 0 0 0 0 0
 0 0 0 0 0 0 0.0133647 0.0140871 0.0187388 0.0205184 0.03894 0.0496705 0.03968 0.0493445 0.0407372 0.0367815 0.0215668 0.0243155 0.0234873 0.0199281 0.019796 0.0243948 0.0301388 0.0376714 0.0412746 0.0863199 0.0771752 0.113111 0.0741005 0.0525337 0.0229764 0.00759418 0.00175318 0 0 0
 0 0 0 0 0 0 0 0 0 0 0.00219441 0.00772107 0.0458388 0.0604681 0.0671733 0.0775358 0.0609151 0.0617685 0.073594 0.0568108 0.0755445 0.0548602 0.0670107 0.0636378 0.0643287 0.046367 0.0373049 0.0286899 0.0247887 0.0153202 0.00654259 0.00121912 0.000365735 0 0 0
 0 0 0 0 0 0 0 0 0 0 0 0 0.000112435 0.00938835 0.0111873 0.0202946 0.0414886 0.0713402 0.111592 0.104902 0.108894 0.110636 0.117776 0.105296 0.107544 0.0401394 0.0192827 0.0124803 0.00416011 0.0028671 0.000618394 0 0 0 0 0
 0 0 0 0 0 0 0 0 0 0 0.00291406 0.0102884 0.027416 0.0768956 0.0749926 0.110853 0.0956884 0.0897413 0.0766577 0.0534642 0.0500743 0.0551293 0.0594112 0.0620874 0.0668451 0.0424026 0.0208742 0.0120726 0.0048766 0.00582813 0.00118941 0.000297354 0 0 0 0
 0 0.00264628 0.0354308 0.0461629 0.0458689 0.0383711 0.0214643 0.0164657 0.0346957 0.0420465 0.0363128 0.0245516 0.0311673 0.0291091 0.0169068 0.0133784 0.00837989 0.0085269 0.0148486 0.0160247 0.0276389 0.0546898 0.0760071 0.122758 0.109233 0.0665981 0.0333725 0.0166128 0.00676272 0.00308733 0.000882094 0 0 0 0 0
 0 0 0 0 0 0 0 0.000805153 0.000690131 0.00759144 0.0133425 0.0154129 0.00931677 0.000345066 0.00356568 0.00563607 0.00851162 0.0253048 0.0502646 0.0516448 0.0657925 0.0565908 0.0611916 0.0827007 0.0866115 0.110766 0.145733 0.0935128 0.0569358 0.0249597 0.0138026 0.00621118 0.00161031 0.00115022 0 0
 0 0 0 0 0 0 0 0 0 0 0 0 0 0 0 0 0 0 0 0 0 0 0 0 0 0 0 0 0 0 0 0 0 0 0 0
 0.00147267 0.00158595 0.00478618 0.00569244 0.00954404 0.0108468 0.00647125 0.017049 0.0510054 0.094081 0.124002 0.0959785 0.0687766 0.0820023 0.061753 0.0591476 0.0492212 0.0479892 0.0443925 0.0268479 0.0217502 0.0140895 0.0121071 0.0120363 0.00920419 0.00665534 0.0049561 0.00860946 0.00930331 0.0156896 0.0114698 0.00855282 0.00243557 0.00046729 0 2.83206e-05
 0 0 0 0 0.000772559 0.00158375 0.000888443 0.00281984 0.00712685 0.0440552 0.0773331 0.111326 0.0921469 0.0852325 0.0710754 0.0886704 0.0786465 0.0553345 0.0373146 0.0185414 0.00753245 0.00457741 0.012979 0.0271748 0.0457355 0.0583668 0.034881 0.0177882 0.00938659 0.00492506 0.0015258 0.00185414 0.000309023 5.79419e-05 3.86279e-05 0
 0 0.00173294 0.00326652 0 0.00397197 0.00683976 0.00946217 0.0152591 0.00757587 0.0136028 0.0228656 0.0392903 0.0559909 0.0764795 0.0681675 0.0726916 0.0566044 0.0477403 0.0527397 0.0444891 0.0609904 0.0582453 0.0661739 0.0445044 0.0529084 0.0360697 0.0280645 0.0235558 0.0158879 0.00826598 0.00280645 0.00217768 0.000904811 0.00058276 9.20147e-05 0
 0 0 0 0 0 0 0 0 0 0 0 0 0 0 0 0 0 0 0 0 0 0 0 0 0 0 0 0 0 0 0 0 0 0 0 0
 0 0 0 0 0 0 0 0 0 0 0 0 0 0 0 0 0 0 0 0 0 0 0 0 0 0 0 0 0 0 0 0 0 0 0 0
 0 0 0 0 0 0 0 0 0 0 0 0 0 0 0 0 0 0 0 0 0 0 0 0 0 0 0 0 0 0 0 0 0 0 0 0
 0 0 0 0 0 0 0 0 0 0 0 0 0 0 0 0 0 0 0 0 0 0 0 0 0 0 0 0 0 0 0 0 0 0 0 0
 0 0 0 0 0 0 0 0 0 0 0 0 0 0 0 0 0 0 0 0 0 0 0 0 0 0 0 0 0 0 0 0 0 0 0 0
ppred_pel_tallas
 1.07392e-16 1.15151e-06 6.6693e-06 3.1518e-05 0.000121037 0.000377155 0.000953265 0.00195508 0.00325822 0.00442862 0.00495883 0.00470637 0.00409493 0.00385785 0.00462459 0.00674747 0.0103889 0.015632 0.0224722 0.0307278 0.0399648 0.0494941 0.058457 0.0659789 0.0713447 0.0741384 0.0743063 0.0721207 0.068071 0.0627247 0.056607 0.0501336 0.0435994 0.0372059 0.031101 0.0254088
 1.19227e-16 2.49173e-06 1.45825e-05 6.92377e-05 0.000266435 0.000830697 0.00209829 0.00429427 0.00712201 0.00957634 0.010452 0.00929365 0.00681691 0.00431719 0.00274966 0.0023791 0.0030616 0.00463503 0.00708144 0.0104956 0.0149996 0.0206731 0.027505 0.0353596 0.0439575 0.0528736 0.0615581 0.0693825 0.075709 0.0799744 0.0817737 0.0809256 0.0775066 0.0718395 0.0644452 0.0559605
 1.2905e-16 1.33909e-06 7.80997e-06 3.70281e-05 0.0001424 0.00044389 0.00112137 0.00229605 0.00381226 0.00513901 0.00564311 0.00509879 0.00391529 0.00282465 0.0023918 0.00282482 0.00411644 0.00623775 0.00920694 0.0130571 0.0177855 0.0233258 0.0295502 0.036287 0.0433435 0.0505176 0.0575936 0.0643237 0.070409 0.0754947 0.0791939 0.0811397 0.0810544 0.0788139 0.0744909 0.068359
 1.21345e-16 1.54299e-05 9.0543e-05 0.000430367 0.00165688 0.00516677 0.0130508 0.0267039 0.0442654 0.0594498 0.0647 0.0570864 0.0409008 0.0239468 0.0117747 0.00547137 0.00339834 0.00363749 0.00505866 0.00723105 0.0100498 0.0134942 0.0175331 0.0220999 0.0270881 0.0323505 0.0376961 0.0428886 0.0476496 0.0516742 0.0546589 0.0563413 0.0565425 0.0552009 0.0523887 0.0483083
 1.01638e-16 3.81712e-05 0.000224052 0.00106508 0.00410069 0.0127877 0.0323005 0.0660902 0.109548 0.147109 0.160054 0.141109 0.100857 0.0585514 0.0278369 0.0112743 0.00464129 0.00298967 0.00330097 0.00428684 0.00548978 0.00671282 0.00781373 0.00866988 0.0091933 0.00934887 0.0091606 0.00870126 0.00807021 0.00736681 0.00666851 0.00601977 0.00543277 0.00489687 0.00439153 0.00389795
 1.00851e-16 1.5266e-05 8.95292e-05 0.000425433 0.00163769 0.00510678 0.0128999 0.0263992 0.0437756 0.0588379 0.0641549 0.0568928 0.0413876 0.0254888 0.0148619 0.0107849 0.0118205 0.0161603 0.0225939 0.030347 0.0386833 0.0467129 0.0534338 0.0579089 0.0594791 0.0579256 0.0535248 0.0469723 0.0392063 0.0311905 0.0237244 0.0173312 0.0122371 0.00842239 0.00571018 0.00385728
 1.00618e-16 3.89735e-05 0.000228764 0.00108748 0.00418694 0.0130566 0.0329799 0.0674801 0.111852 0.150201 0.163414 0.144063 0.102949 0.0597268 0.028323 0.0113459 0.00447881 0.00266662 0.00282981 0.00366237 0.00471397 0.00580548 0.00681416 0.00763155 0.00817286 0.00839235 0.00829056 0.00790935 0.00731767 0.00659338 0.0058073 0.00501394 0.00424953 0.00353529 0.00288293 0.00229923
 1.00347e-16 2.80412e-05 0.000164556 0.000782176 0.00301134 0.00939051 0.0237199 0.0485356 0.0804589 0.108071 0.117649 0.103883 0.0745991 0.0440124 0.0222473 0.0113064 0.00820766 0.0093954 0.0126465 0.0168836 0.0214966 0.0259414 0.0296507 0.032101 0.0329263 0.0320071 0.029501 0.0257996 0.0214302 0.0169335 0.0127577 0.00919557 0.0063725 0.00427551 0.00280304 0.0018159
 1.00692e-16 3.13357e-05 0.000183907 0.000874194 0.00336567 0.0104955 0.0265109 0.0542453 0.0899198 0.120766 0.131435 0.115976 0.0831085 0.0486822 0.023961 0.0111232 0.00677856 0.00691773 0.00906469 0.0120882 0.0154515 0.0187538 0.0215965 0.02361 0.0245268 0.0242428 0.0228402 0.0205606 0.0177408 0.0147332 0.0118361 0.00925228 0.00708109 0.00533609 0.0039758 0.00293426
 1.00493e-16 3.32867e-05 0.000195364 0.000928669 0.00357542 0.0111496 0.028163 0.0576256 0.0955218 0.128286 0.139608 0.123161 0.0882006 0.05155 0.0251581 0.011318 0.00640691 0.00614968 0.00791243 0.0105086 0.0134057 0.016236 0.0186467 0.0203148 0.0210097 0.0206473 0.0193089 0.0172167 0.0146764 0.0120046 0.00946699 0.00724116 0.0054095 0.00397574 0.00289339 0.00209427
 1.00787e-16 2.39441e-05 0.000140496 0.000667779 0.00257086 0.00801686 0.0202503 0.041437 0.0686948 0.0922807 0.100487 0.0887959 0.0639105 0.0379992 0.0197496 0.0109243 0.00903001 0.0110695 0.01515 0.0203082 0.025921 0.0313701 0.0359874 0.0391482 0.0404078 0.0396073 0.0369115 0.03276 0.0277545 0.0225171 0.0175688 0.0132562 0.00973783 0.00701647 0.00499524 0.00353404
 1.01456e-16 2.51677e-05 0.000147687 0.000701977 0.00270255 0.00842758 0.0212876 0.0435589 0.07221 0.0969947 0.105599 0.0932628 0.0670163 0.039627 0.020196 0.0105396 0.00800311 0.0094173 0.0128036 0.0172021 0.0220577 0.0268586 0.0310562 0.0341306 0.0356977 0.0355962 0.0339201 0.0309836 0.0272349 0.0231472 0.0191255 0.0154504 0.0122674 0.00961064 0.00744342 0.00569716
 1.00454e-16 3.67871e-05 0.000215922 0.00102642 0.0039518 0.0123234 0.0311278 0.0636911 0.105573 0.141776 0.154264 0.136034 0.0972956 0.0566158 0.0271644 0.0114321 0.0053716 0.00422881 0.0050928 0.00669598 0.00854376 0.0103681 0.0119403 0.0130555 0.0135662 0.0134155 0.0126495 0.0114018 0.00985874 0.00821413 0.00663153 0.00522133 0.00403654 0.00308296 0.00233646 0.0017601
 1.00087e-16 3.88361e-05 0.000227954 0.00108362 0.00417207 0.0130103 0.0328628 0.0672408 0.111456 0.149673 0.162848 0.143584 0.102651 0.0596418 0.0284472 0.0116794 0.00504869 0.00352241 0.00402314 0.00522254 0.00662537 0.00799146 0.00913246 0.00988505 0.0101361 0.00984873 0.00907157 0.00792551 0.00657333 0.00518206 0.00389027 0.00278862 0.00191618 0.00126916 0.000816355 0.000514754
 1.00065e-16 3.8659e-05 0.000226913 0.00107868 0.00415302 0.0129509 0.0327127 0.0669338 0.110947 0.14899 0.162107 0.142933 0.102193 0.0593899 0.0283535 0.0116867 0.00512153 0.00364979 0.00420776 0.00547022 0.00693835 0.00836477 0.00955247 0.0103302 0.0105796 0.0102627 0.00943153 0.00821438 0.0067834 0.00531508 0.00395565 0.00280062 0.00189072 0.00122131 0.000758568 0.000456143
 1.00177e-16 3.24011e-05 0.000190161 0.000903926 0.00348014 0.0108525 0.0274126 0.0560903 0.0929781 0.124874 0.135905 0.119919 0.0859316 0.0503306 0.0247614 0.0114739 0.00695836 0.00706288 0.00921904 0.0122471 0.0155812 0.0187976 0.0214786 0.0232435 0.0238267 0.0231415 0.0213029 0.0185959 0.0154045 0.0121225 0.00907669 0.00648096 0.00442745 0.00290728 0.00184665 0.00114384
 1.00509e-16 2.98216e-05 0.000175014 0.000831905 0.00320283 0.00998767 0.0252282 0.0516213 0.0855718 0.114932 0.125099 0.110418 0.0791971 0.0465348 0.0231712 0.0112039 0.00742988 0.00804862 0.0107005 0.0142794 0.0182155 0.0220429 0.025286 0.0275049 0.0283865 0.0278188 0.0259173 0.0229911 0.0194632 0.0157713 0.0122825 0.00924122 0.0067601 0.004842 0.00341941 0.00239409
 1.00588e-16 3.18252e-05 0.000186781 0.000887857 0.00341827 0.0106596 0.0269253 0.0550932 0.0913251 0.122653 0.133487 0.117782 0.0843934 0.0494161 0.024287 0.0112148 0.00675216 0.00682347 0.00891195 0.0118692 0.0151539 0.0183663 0.0211117 0.023026 0.0238479 0.0234799 0.0220103 0.0196856 0.0168465 0.013847 0.010985 0.00846092 0.00636946 0.00471801 0.00345798 0.00251636
 1.00968e-16 2.3558e-05 0.00013823 0.000657004 0.00252937 0.00788749 0.0199235 0.0407684 0.0675865 0.0907924 0.0988675 0.0873682 0.06289 0.0374069 0.0194684 0.010812 0.00898793 0.0110507 0.0151408 0.0203109 0.0259467 0.0314358 0.036114 0.0393588 0.0407241 0.0400455 0.0374783 0.0334502 0.0285501 0.0233888 0.0184795 0.0141656 0.0106077 0.00781479 0.00569922 0.00413121
 1.01481e-16 2.70442e-05 0.000158707 0.000754379 0.00290433 0.00905682 0.022877 0.0468105 0.0775983 0.104226 0.113455 0.100162 0.071889 0.0423372 0.0212617 0.0105843 0.00742234 0.00834939 0.0112388 0.0150883 0.0193651 0.0236136 0.0273547 0.0301343 0.0316146 0.0316488 0.0303103 0.0278626 0.024686 0.0211839 0.017703 0.0144858 0.0116613 0.00926489 0.00727315 0.00563606
 1.01136e-16 2.91068e-05 0.000170818 0.000811961 0.00312604 0.00974823 0.0246234 0.0503837 0.0835201 0.112176 0.122098 0.107767 0.0772903 0.045404 0.0225898 0.0108942 0.00719215 0.00777713 0.0103528 0.0138504 0.0177281 0.0215477 0.0248598 0.0272443 0.0283952 0.0281903 0.0267174 0.0242436 0.0211436 0.0178095 0.0145729 0.0116589 0.00917808 0.00714688 0.0055224 0.00423656
 1.01431e-16 2.32757e-05 0.000136574 0.000649135 0.00249908 0.00779303 0.0196849 0.04028 0.0667766 0.0897034 0.0976792 0.0863123 0.0621172 0.036922 0.0191705 0.0105758 0.00871561 0.0106801 0.0146376 0.019664 0.0251705 0.0305746 0.0352431 0.0385787 0.0401466 0.039776 0.0375963 0.0339941 0.0295096 0.0247075 0.020065 0.015906 0.0123883 0.00953334 0.0072761 0.00551412
 1.01537e-16 2.83272e-05 0.000166242 0.000790209 0.00304229 0.00948706 0.0239637 0.0490338 0.0812825 0.109171 0.118827 0.104881 0.0752218 0.0441924 0.0219942 0.0106211 0.00703475 0.00763284 0.0101871 0.0136655 0.0175496 0.0214208 0.0248468 0.0274178 0.0288278 0.0289412 0.0278193 0.0256937 0.0229003 0.0197968 0.0166908 0.0137978 0.0112338 0.00903292 0.00717812 0.00562992
 1.01004e-16 2.97143e-05 0.000174385 0.000828921 0.00319134 0.00995187 0.0251378 0.0514361 0.0852643 0.114517 0.124644 0.110007 0.0788817 0.0463084 0.0229828 0.0109887 0.00712953 0.00761645 0.0101032 0.0135012 0.017266 0.0209637 0.0241532 0.0264238 0.027478 0.0272005 0.0256829 0.0231935 0.0201059 0.0168095 0.0136323 0.0107956 0.00840565 0.00647397 0.00495265 0.00376848
 1.01938e-16 1.39345e-05 8.17157e-05 0.000388295 0.00149471 0.00466092 0.0117737 0.0240945 0.0399545 0.0537037 0.0585613 0.051943 0.0378103 0.0233331 0.0136909 0.0100624 0.0111507 0.0153223 0.0214897 0.0289605 0.037071 0.0450083 0.0518453 0.0567011 0.0589361 0.0583018 0.0549951 0.0495938 0.0429029 0.0357628 0.028883 0.0227437 0.0175776 0.0134131 0.0101484 0.00762594
 1.0495e-16 1.60412e-05 9.41047e-05 0.00044724 0.00172174 0.00536896 0.0135618 0.0277515 0.0460097 0.0618153 0.0673347 0.0595545 0.0429818 0.0257944 0.0138511 0.00838627 0.00779393 0.0101328 0.0141924 0.0193618 0.0252228 0.0313163 0.0371041 0.0420381 0.0456628 0.0477017 0.0480969 0.0469902 0.0446594 0.0414365 0.0376366 0.0335181 0.0292759 0.0250558 0.0209756 0.0171392
 1.06716e-16 7.10322e-06 4.16132e-05 0.00019765 0.000760694 0.00237191 0.00599181 0.0122642 0.0203449 0.0273702 0.0299097 0.0266809 0.0197505 0.0128426 0.00869675 0.00803943 0.0103433 0.014885 0.0211558 0.0287477 0.0371442 0.0456367 0.0533819 0.0595511 0.0635061 0.0649345 0.0639028 0.0608051 0.0562361 0.0508328 0.045141 0.0395412 0.0342424 0.0293224 0.0247889 0.0206311
pSPR Fmed_Fpbrs
0.497155   0.6 0.325
Fs Fmed_Fpbrs
0.66   0.426149 1.47494
SSBpbr Bo_Bmed_Bpbrs
575871  257503  316729 158364
Ro
16983.5
SPR SPRFo_SPRFmed_SPRFpbrs
351835 174916 114346
log_Ro
9.56
likeval ReclasPelacesDesembMPH_pf_preclas_ppelaces_ptallas_desvR_qrecl_qpela
 72.497 15.2414 0.324034 0.000529325 429.995 219.589 66.5726 0 45.9244 0.000197432 0.000534625 5.14152e-15 0 0 0
q_reclas_q_pelaces
7.32353 26.831
M
0.7
N
 6199.83 46996.7 18914.6 2482.98 0.111925
 8565.84 3040.33 20409.3 7962.46 1044.52
 1025.71 4163.17 1200.01 7637.6 3366.28
 3351.49 459.832 693.531 155.158 1414.06
 39752.3 1516.95 84.8504 101.712 228.848
 11517.1 19175.8 552.572 28.7641 111.863
 65070.7 5004.06 2286.84 47.3304 11.9483
 55642.8 27932.1 524.351 167.021 4.29185
 60081.1 24191.7 3353.96 45.2935 14.6811
 114346 25303.1 2067.83 190.599 3.37474
 64877.6 50671.9 3725.09 229.6 21.3919
 48231.8 27811.8 5233.87 267.289 17.852
 58160.9 20818.3 3090.97 411.015 22.2053
 29057.8 22632.7 765.037 62.0857 8.57594
 12069.7 9919.86 205.481 2.74476 0.247898
 9002.14 4120.42 90.062 0.737214 0.0104992
 6838.06 3736.11 301.203 4.22098 0.0346703
 8871.82 2853.76 289.785 15.1859 0.212345
 7533.09 3829.74 317.506 22.787 1.20075
 8097.02 3411.2 710.192 46.8501 3.52011
 15223 3539.97 434.676 66.0058 4.64595
 16686.7 7041.17 823.295 84.7793 13.7216
 26906.2 7701.36 1599.86 156.032 18.5865
 44766.1 12113.7 1342.71 218.793 23.7409
 20930.8 20216.1 2181.8 191.132 34.3287
 18381.5 9752.65 5085.73 468.762 48.2562
 3122.08 8487.4 2226.78 969.664 98.1489
pred_Ctot
 55.6766 4274.2 2091.16 275.67 0.0124273
 131.218 454.582 3676.04 1439.9 188.901
 72.1437 2114.49 687.315 4385.21 1932.87
 214.547 219.661 376.012 84.3409 768.694
 819.025 295.911 19.7933 23.8173 53.592
 1043.72 11329.4 361.323 18.8469 73.2979
 6398.23 3089.63 1552.76 32.1981 8.12853
 5019.74 16461.3 342.128 109.2 2.80616
 6626.44 15827.2 2391.2 32.3466 10.4849
 8907.84 13693.9 1252.78 115.737 2.04933
 6434.45 31427.6 2539.05 156.791 14.6088
 4573.9 16844.2 3495.96 178.884 11.948
 9178.11 15804.3 2486.32 330.978 17.8816
 6673.09 19088.2 667.518 54.2063 7.48765
 2771.8 8366.35 179.288 2.39642 0.21644
 1074.36 2797.22 66.2069 0.542789 0.00773046
 792.725 2502.74 218.998 3.07393 0.0252494
 840.76 1727.75 193.501 10.1601 0.142074
 479.917 1823.61 171.647 12.351 0.65086
 701.572 1965.19 454.385 30.0381 2.25702
 753.793 1412.88 200.053 30.4681 2.14469
 850.834 2870.94 386.436 39.9099 6.45981
 1816.92 3810.39 895.156 87.5229 10.4262
 2932.93 5876.15 738.083 120.578 13.0844
 932.124 7455.73 933.275 82.0108 14.7307
 931.588 3959.06 2377.49 219.781 22.6264
 248.873 4657.27 1365.55 595.971 60.3265
F
 0.0125566 0.134088 0.165197 0.165946 0.165961
 0.0215038 0.229632 0.282907 0.28419 0.284215
 0.102282 1.09224 1.34564 1.35174 1.35186
 0.0927055 0.98997 1.21965 1.22518 1.22529
 0.0290178 0.309871 0.381762 0.383493 0.383527
 0.133582 1.42648 1.75743 1.7654 1.76556
 0.145697 1.55584 1.91681 1.9255 1.92567
 0.132941 1.41964 1.749 1.75693 1.75708
 0.164769 1.75951 2.16773 2.17756 2.17775
 0.113857 1.21584 1.49791 1.50471 1.50484
 0.147043 1.57022 1.93452 1.94329 1.94346
 0.140184 1.49697 1.84428 1.85264 1.8528
 0.24382 2.60366 3.20773 3.22227 3.22256
 0.374747 4.0018 4.93023 4.95259 4.95302
 0.374747 4.0018 4.93023 4.95259 4.95302
 0.179416 1.91593 2.36043 2.37113 2.37134
 0.173867 1.85666 2.28742 2.29779 2.29799
 0.140083 1.49589 1.84295 1.85131 1.85147
 0.0922416 0.985016 1.21354 1.21905 1.21915
 0.127377 1.36022 1.67579 1.68339 1.68354
 0.0710352 0.758561 0.93455 0.938788 0.938871
 0.0732168 0.781857 0.963251 0.967619 0.967704
 0.0980185 1.04671 1.28955 1.29539 1.29551
 0.0949734 1.01419 1.24948 1.25515 1.25526
 0.063682 0.680038 0.83781 0.841609 0.841683
 0.0727602 0.776981 0.957244 0.961585 0.96167
 0.116644 1.2456 1.53459 1.54155 1.54168
Np
 12301.8 5915.05 485.561 394.078 102.359
YTP_r0W_actual
 2015.87 113172 44789.9 23958 2756.92
YTP_p0W_proyectada
 2418.52 6780.21 10009.9 2468.11 1355.75
 2418.52 29068.4 4007.42 4080.72 1217.05
CTP_r0_actual
 248.873 4657.27 1365.55 595.971 60.3265
CTP_p0_proyectada
 281.223 294.792 308.949 60.9409 29.1559
 281.223 1263.84 123.686 100.759 26.1732
Wmedp
 8.6 23 32.4 40.5 46.5
nmprior
 10.8 10.6 4.6 0
nm_flota  nm_reclas  nm_pelaces    nm_pelaL
inf 22.2418 13.142 47.642
cv_recla  cv_pelaces  cv_mph
0.737379 0.414084 0.61489
 ------------------------------------------------
Talla a la edad & desviaci?n 
 7.2 14.2025 17.0495 18.207 18.6776
 1.08 2.13037 2.55742 2.73105 2.80164
