years
 1997 1998 1999 2000 2001 2002 2003 2004 2005 2006 2007 2008 2009 2010 2011 2012 2013 2014 2015 2016 2017 2018 2019 2020 2021 2022 2023
reclasobs
 0 0 0 370054 412103 1.49427e+06 250295 1.28982e+06 931140 785840 897777 1.04006e+06 184774 17550 25797 100020 73551 82996 120727 218422 84188 347160 605670 569463 516374 1.08416e+06 1.01767e+06
reclaspred
 462376 129507 405058 283004 401446 489412 1.05673e+06 699188 759631 690342 548155 363575 220437 95231.8 63062.2 65084 82062.1 115362 127072 178588 258234 237286 408204 551723 724568 710339 688756
pelacesobs
 0 0 0 0 0 0 0 0 0 2.06254e+06 1.5e+06 0 1.87456e+06 323000 250000 174000 83755 137374 0 501740 490994 745055 786931 1.00524e+06 1.33801e+06 1.41789e+06 1.42762e+06
pelacespred
 1.8789e+06 435403 843149 898784 1.10703e+06 1.07217e+06 2.73313e+06 2.21138e+06 2.14498e+06 1.95107e+06 1.34776e+06 919457 559352 192068 132841 146721 194199 280300 309531 434419 705610 617931 872939 1.33973e+06 1.71555e+06 1.83265e+06 1.76619e+06
mphobs
 0 0 0 0 0 112323 0 153150 637223 0 255016 313432 73983 77613 109348 50772 17779 17303 59886 28197 0 207744 136588 643089 65757 70829 0
mphpred
 129943 81274.9 101282 122727 125486 191776 285036 337102 283046 280765 260717 178115 107770 55642.5 24718.9 21585.7 26762.2 37074.6 47883.2 56333.5 83761 98967.5 123463 175954 264773 297514 280216
desembarqueobs
 350755 77701 442110 56441 14545 235359 269955 359681 431902 328805 639364 411747 362871 311530 167758 66681 60226 58785 57116 73181 50977 67692 138656 160484 209506 203330 187013
desembarquepred
 350767 77704.9 442158 56443.8 14545.2 235415 269997 359711 431979 328855 639615 412002 363219 311945 167754 66693.2 60252.7 58787.6 57111.7 73183.5 50978.8 67687.2 138662 160494 209504 203324 187012
Reclutas
 51499.1 63279.5 37591 54520.8 93502.5 69570.4 112001 103003 123417 124194 64579.5 41260.8 44466.3 23967.7 16889.8 18096.1 13970.4 16944 19196 31534.9 39652.4 50622.9 82313.4 116789 63297.8 71229.4 90161.9
log_desv_Rt
 0.0293195 0.235317 -0.28548 0.0863383 0.625743 0.330094 0.806264 0.722514 0.903324 0.9096 0.255652 -0.192331 -0.117513 -0.735537 -1.08554 -1.01655 -1.27531 -1.08233 -0.957543 -0.46115 -0.232092 0.0121591 0.498289 0.848126 0.235606 0.35366 0.589362
SSB
 621690 388847 484567 587169 600368 917520 1.36371e+06 1.61281e+06 1.35419e+06 1.34328e+06 1.24736e+06 852164 515610 266212 118264 103273 128040 177378 229090 269519 400741 473494 590687 841823 1.26677e+06 1.42341e+06 1.34065e+06
BT
 2.1464e+06 561889 1.07307e+06 948069 1.10495e+06 1.24582e+06 2.88297e+06 2.59323e+06 2.5147e+06 2.24546e+06 1.90994e+06 1.2873e+06 906752 484179 270178 199324 240401 323918 354381 488301 738800 674328 958510 1.45399e+06 1.85592e+06 1.98622e+06 1.90815e+06
Ftot
 0.507757 0.398971 0.581696 0.114063 0.0231617 0.23214 0.147207 0.289374 0.332856 0.268574 0.563306 0.537813 0.878414 1.61669 1.66029 0.634497 0.440808 0.300484 0.240643 0.246514 0.115182 0.151494 0.182281 0.172717 0.142497 0.13857 0.136583
BD_Bspro_t
 0.940267 0.73703 0.697031 0.567272 0.691876 0.817864 0.783743 0.791556 0.73285 0.691853 0.651556 0.488435 0.371279 0.261051 0.150311 0.160107 0.251013 0.396359 0.517658 0.615048 0.724184 0.802795 0.809739 0.816124 0.832597 0.806766 0.790792
BD_Bspro
 0.600062 0.37532 0.46771 0.566743 0.579482 0.885602 1.31627 1.5567 1.30708 1.29655 1.20397 0.822519 0.497673 0.256952 0.114149 0.0996805 0.123585 0.171207 0.22112 0.260143 0.3868 0.457022 0.570138 0.812537 1.2227 1.37389 1.29401
BD_Bo
 0.337186 0.210899 0.262815 0.318463 0.325622 0.497636 0.739637 0.874741 0.734473 0.728554 0.676531 0.462189 0.279652 0.144386 0.0641427 0.0560123 0.0694449 0.0962045 0.124252 0.146179 0.21735 0.256809 0.320371 0.45658 0.687057 0.772014 0.72713
BD_Brms
 0.613066 0.383453 0.477846 0.579024 0.59204 0.904793 1.34479 1.59044 1.33541 1.32464 1.23006 0.840343 0.508458 0.26252 0.116623 0.101841 0.126263 0.174917 0.225912 0.26578 0.395183 0.466926 0.582493 0.830145 1.24919 1.40366 1.32205
S_f
 0.169383 1 1 1 1
 0.169383 1 1 1 1
 0.169383 1 1 1 1
 0.169383 1 1 1 1
 0.169383 1 1 1 1
 0.169383 1 1 1 1
 0.169383 1 1 1 1
 0.169383 1 1 1 1
 0.169383 1 1 1 1
 0.169383 1 1 1 1
 0.169383 1 1 1 1
 0.169383 1 1 1 1
 0.169383 1 1 1 1
 0.169383 1 1 1 1
 0.169383 1 1 1 1
 0.169383 1 1 1 1
 0.169383 1 1 1 1
 0.169383 1 1 1 1
 0.169383 1 1 1 1
 0.169383 1 1 1 1
 0.169383 1 1 1 1
 0.169383 1 1 1 1
 0.169383 1 1 1 1
 0.169383 1 1 1 1
 0.169383 1 1 1 1
 0.169383 1 1 1 1
 0.169383 1 1 1 1
Scru_reclas
 0.85121 1 1 1 1
 0.85121 1 1 1 1
 0.85121 1 1 1 1
 0.85121 1 1 1 1
 0.85121 1 1 1 1
 0.85121 1 1 1 1
 0.85121 1 1 1 1
 0.85121 1 1 1 1
 0.85121 1 1 1 1
 0.85121 1 1 1 1
 0.85121 1 1 1 1
 0.85121 1 1 1 1
 0.85121 1 1 1 1
 0.85121 1 1 1 1
 0.85121 1 1 1 1
 0.85121 1 1 1 1
 0.85121 1 1 1 1
 0.85121 1 1 1 1
 0.85121 1 1 1 1
 0.85121 1 1 1 1
 0.85121 1 1 1 1
 0.85121 1 1 1 1
 0.85121 1 1 1 1
 0.85121 1 1 1 1
 0.85121 1 1 1 1
 0.85121 1 1 1 1
 0.85121 1 1 1 1
Scru_pelaces
 1 1 1 1 1
 1 1 1 1 1
 1 1 1 1 1
 1 1 1 1 1
 1 1 1 1 1
 1 1 1 1 1
 1 1 1 1 1
 1 1 1 1 1
 1 1 1 1 1
 1 1 1 1 1
 1 1 1 1 1
 1 1 1 1 1
 1 1 1 1 1
 1 1 1 1 1
 1 1 1 1 1
 1 1 1 1 1
 1 1 1 1 1
 1 1 1 1 1
 1 1 1 1 1
 1 1 1 1 1
 1 1 1 1 1
 1 1 1 1 1
 1 1 1 1 1
 1 1 1 1 1
 1 1 1 1 1
 1 1 1 1 1
 1 1 1 1 1
pf_obs 
 0.256992 0.487395 0.22802 0.0275931 0
 0.321318 0.546541 0.124235 0.00734118 0.000564706
 0.182869 0.594174 0.210203 0.0122559 0.00049798
 0.330522 0.361315 0.267642 0.0388342 0.00168674
 0.649043 0.306663 0.0425973 0.00169635 0
 0.582887 0.30429 0.105238 0.00758474 0
 0.465427 0.430635 0.0974691 0.00646863 0
 0.296916 0.608066 0.0921331 0.00288517 0
 0.311714 0.524322 0.152257 0.0117073 0
 0.15457 0.633149 0.183074 0.0267441 0.00246327
 0.131901 0.49318 0.331252 0.0422183 0.00144891
 0.196976 0.569456 0.194076 0.0375587 0.00193317
 0.518974 0.381816 0.0799577 0.0180837 0.00116848
 0.0928022 0.601141 0.25162 0.0475244 0.00691264
 0.122501 0.610282 0.24278 0.0234846 0.000952079
 0.383417 0.481906 0.127806 0.00687128 0
 0.0376549 0.599619 0.316969 0.0457579 0
 0.0361596 0.667082 0.258105 0.0386534 0
 0.158088 0.579412 0.248529 0.0139706 0
 0.0477256 0.309471 0.559284 0.082774 0.000745712
 0.0406174 0.521527 0.379366 0.0568643 0.0016247
 0.151134 0.462217 0.34131 0.0453401 0
 0.294876 0.26143 0.354403 0.0886775 0.000613685
 0.281977 0.475581 0.204845 0.0348837 0.00271318
 0.0841818 0.532909 0.334909 0.0458182 0.00218182
 0.115287 0.27431 0.454777 0.147771 0.00785563
 0.0989387 0.350907 0.424855 0.114687 0.0106128
pf_pred 
 0.351583 0.45798 0.170353 0.0200737 1.10971e-05
 0.296928 0.564975 0.0975384 0.036281 0.00427757
 0.165966 0.626479 0.166787 0.0287945 0.0119734
 0.257397 0.452365 0.21801 0.0580408 0.0141869
 0.291303 0.48432 0.136682 0.0658717 0.0218236
 0.164362 0.593629 0.165388 0.0466747 0.0299465
 0.253726 0.421218 0.230917 0.0643343 0.029805
 0.195723 0.549012 0.144078 0.0789855 0.0322005
 0.231111 0.478552 0.198189 0.0520111 0.0401372
 0.212524 0.531759 0.159157 0.0659137 0.0306467
 0.126811 0.562399 0.209867 0.0628137 0.0381091
 0.132724 0.459516 0.262628 0.0980032 0.0471287
 0.225556 0.417935 0.188892 0.107958 0.0596591
 0.203004 0.5793 0.117481 0.0530976 0.0471171
 0.289968 0.552471 0.114524 0.0232253 0.0198118
 0.338966 0.563337 0.0760178 0.015758 0.00592174
 0.215921 0.631118 0.130354 0.0175902 0.00501662
 0.248796 0.501585 0.200922 0.0414995 0.00719711
 0.23491 0.530068 0.156927 0.0628608 0.0152353
 0.299299 0.469531 0.160159 0.047415 0.0235965
 0.256307 0.549702 0.129991 0.0443403 0.0196597
 0.242426 0.516872 0.177916 0.0420726 0.0207141
 0.289267 0.476047 0.16012 0.0551158 0.0194505
 0.277653 0.522694 0.133727 0.0449795 0.0209465
 0.12474 0.622385 0.182981 0.0468143 0.023079
 0.163728 0.396024 0.313055 0.0920382 0.0351557
 0.204122 0.439532 0.168751 0.133396 0.0541989
pobs_RECLAS
 0 0 0 0 0
 0 0 0 0 0
 0 0 0 0 0
 0 0 0 0 0
 0.835266 0.146461 0.0176864 0.000547809 3.91292e-05
 0.385257 0.428462 0.181853 0.0044286 0
 0.867414 0.0963971 0.0333333 0.00285562 0
 0.441836 0.489002 0.0689373 0.000224442 0
 0.779404 0.147425 0.0564933 0.0165055 0.000172143
 0.814271 0.122319 0.05973 0.00367925 0
 0.40263 0.566651 0.0304383 0.000280538 0
 0.475488 0.404961 0.113038 0.00651328 0
 0.955842 0.0263864 0.0167828 0.000988607 0
 0.975058 0.0227948 0.00214734 0 0
 0.738997 0.206755 0.0527124 0.00153531 0
 0.850938 0.134255 0.0134407 0.00136685 0
 0.542534 0.407297 0.0501686 0 0
 0.764087 0.199537 0.0359546 0.000420521 0
 0.470689 0.182191 0.310203 0.0369168 0
 0.84361 0.089868 0.0606195 0.00523954 0.000663233
 0.607945 0.314616 0.071237 0.00620181 0
 0.523733 0.453247 0.0230204 0 0
 0.530135 0.295979 0.169645 0.0042399 0
 0.562478 0.366248 0.0663022 0.0049721 0
 0.250443 0.683176 0.0655157 0.000865301 0
 0.195077 0.31981 0.436473 0.0351445 0.0134964
 0.565238 0.351407 0.0832357 0.000118908 0
ppred_RECLAS
 0.738242 0.18488 0.0687692 0.0081035 4.47977e-06
 0.685233 0.252941 0.0436682 0.0162431 0.00191508
 0.510276 0.367853 0.0979335 0.0169074 0.00703047
 0.636672 0.221325 0.106664 0.0283972 0.00694113
 0.674051 0.222752 0.0628637 0.0302961 0.0100373
 0.500412 0.354903 0.0988774 0.0279046 0.0179036
 0.632647 0.207345 0.113669 0.0316686 0.0146715
 0.554395 0.304177 0.0798258 0.0437615 0.0178405
 0.606538 0.244888 0.101419 0.0266155 0.0205393
 0.579436 0.283994 0.0850002 0.0352023 0.0163674
 0.431546 0.366127 0.136625 0.0408923 0.0248094
 0.443865 0.294662 0.168408 0.0628439 0.0302209
 0.611307 0.209761 0.0948048 0.054184 0.0299428
 0.603977 0.287851 0.0583758 0.0263839 0.0234122
 0.711231 0.224689 0.0465767 0.00944571 0.00805744
 0.729621 0.230418 0.0310931 0.00644542 0.00242213
 0.587508 0.332022 0.0685774 0.00925397 0.00263917
 0.628884 0.247797 0.0992612 0.0205019 0.00355557
 0.610055 0.270161 0.0799812 0.0320384 0.00776499
 0.685268 0.210898 0.071938 0.0212973 0.0105988
 0.635365 0.269521 0.063735 0.0217402 0.00963923
 0.618516 0.260276 0.0895912 0.0211861 0.0104308
 0.673843 0.218459 0.0734794 0.0252928 0.00892588
 0.661019 0.245289 0.0627551 0.0211079 0.00982974
 0.41918 0.413013 0.121426 0.0310659 0.0153151
 0.497791 0.237825 0.188 0.055272 0.0211122
 0.564898 0.24029 0.0922549 0.072927 0.0296302
pobs_PELACES
 0 0 0 0 0
 0 0 0 0 0
 0 0 0 0 0
 0 0 0 0 0
 0 0 0 0 0
 0 0 0 0 0
 0 0 0 0 0
 0 0 0 0 0
 0 0 0 0 0
 0 0 0 0 0
 0.450072 0.473896 0.0757376 0.000293798 0
 0 0 0 0 0
 0.463077 0.371075 0.160297 0.00555027 0
 0.529543 0.364841 0.0842815 0.0213345 0
 0.631943 0.363953 0.00410389 0 0
 0.735681 0.248677 0.0153453 0.000297389 0
 0.695825 0.281241 0.0229344 0 0
 0.275771 0.60734 0.115278 0.00161068 0
 0 0 0 0 0
 0.896147 0.0623911 0.0374545 0.00400742 0
 0.803859 0.145111 0.0509908 3.86294e-05 0
 0.739449 0.233085 0.0266225 0.000797448 4.60066e-05
 0.878498 0.100942 0.0204185 0.000141795 0
 0.694673 0.275183 0.0284847 0.00165964 0
 0.469039 0.446079 0.0841089 0.000773354 0
 0.822795 0.102175 0.0682046 0.00682512 0
 0.69333 0.244118 0.0624202 0.000131731 0
ppred_PELACES
 0.792017 0.146899 0.0546415 0.00643873 3.55946e-06
 0.740464 0.208558 0.0360059 0.013393 0.00157905
 0.58944 0.308389 0.0821025 0.0141743 0.00589399
 0.6799 0.194993 0.0939736 0.0250186 0.0061153
 0.709717 0.198378 0.055985 0.0269811 0.00893895
 0.556353 0.315163 0.0878056 0.02478 0.0158988
 0.678096 0.181692 0.0996056 0.0277505 0.0128563
 0.612744 0.264347 0.0693732 0.0380312 0.0155044
 0.66488 0.208577 0.0863806 0.022669 0.0174938
 0.635335 0.246248 0.0737025 0.0305234 0.0141919
 0.509987 0.315605 0.117772 0.0352495 0.0213859
 0.520744 0.253928 0.145128 0.0541565 0.0260433
 0.701549 0.161062 0.0727943 0.0416042 0.0229911
 0.736198 0.191745 0.0388857 0.017575 0.0155955
 0.820179 0.139918 0.0290041 0.005882 0.0050175
 0.790462 0.178569 0.0240965 0.00499505 0.0018771
 0.653757 0.278697 0.0575634 0.00776771 0.0022153
 0.683714 0.211187 0.084596 0.0174729 0.00303026
 0.662532 0.233803 0.0692175 0.0277267 0.00672
 0.732385 0.179325 0.0611686 0.018109 0.00901209
 0.678736 0.237463 0.056154 0.0191543 0.0084927
 0.665049 0.228528 0.078663 0.0186018 0.00915848
 0.718428 0.188596 0.0634349 0.0218353 0.00770572
 0.70605 0.212704 0.0544185 0.0183038 0.00852392
 0.468545 0.37791 0.111106 0.0284255 0.0140135
 0.547418 0.214324 0.169422 0.0498101 0.0190259
 0.612919 0.21377 0.082073 0.0648782 0.02636
pobs_pel_tallas
 0 0 0 0 0 0 0 0 0 0 0 0 0 0 0 0 0 0 0 0 0 0 0 0 0 0 0 0 0 0 0 0 0 0 0 0
 0 0 0 0 0 0 0 0 0 0 0 0 0 0 0 0 0 0 0 0 0 0 0 0 0 0 0 0 0 0 0 0 0 0 0 0
 0 0 0 0 0 0 0 0 0 0 0 0 0 0 0 0 0 0 0 0 0 0 0 0 0 0 0 0 0 0 0 0 0 0 0 0
 0 0 0 0 0 0 0 0 0 0 0 0 0 0 0 0 0 0 0 0 0 0 0 0 0 0 0 0 0 0 0 0 0 0 0 0
 0 0 0 0 0 0 0 0 0 0 0 0 0 0 0 0 0 0 0 0 0 0 0 0 0 0 0 0 0 0 0 0 0 0 0 0
 0 0 0 0 0 0 0 0 0 0 0 0 0 0 0 0 0 0 0 0 0 0 0 0 0 0 0 0 0 0 0 0 0 0 0 0
 0 0 0 0 0 0 0 0 0 0 0 0 0 0 0 0 0 0 0 0 0 0 0 0 0 0 0 0 0 0 0 0 0 0 0 0
 0 0 0 0 0 0 0 0 0 0 0 0 0 0 0 0 0 0 0 0 0 0 0 0 0 0 0 0 0 0 0 0 0 0 0 0
 0 0 0 0 0 0 0 0 0 0 0 0 0 0 0 0 0 0 0 0 0 0 0 0 0 0 0 0 0 0 0 0 0 0 0 0
 0 0 0 0 0 0 0 0 0 0 0 0 0 0 0 0 0 0 0 0 0 0 0 0 0 0 0 0 0 0 0 0 0 0 0 0
 0 0 0 0 0 0 0 0 1.78061e-05 0.00172719 0.00360574 0.0105946 0.0120993 0.0124554 0.0147524 0.0171206 0.0266825 0.0428682 0.0675386 0.121331 0.153587 0.119568 0.100827 0.0573624 0.0630603 0.0341343 0.0324427 0.0444173 0.0211091 0.0280891 0.0125444 0.00206551 0 0 0 0
 0 0 0 0 0 0 0 0 0 0 0 0 0 0 0 0 0 0 0 0 0 0 0 0 0 0 0 0 0 0 0 0 0 0 0 0
 0 0 0 0 0 0 0.0133647 0.0140871 0.0187388 0.0205184 0.03894 0.0496705 0.03968 0.0493445 0.0407372 0.0367815 0.0215668 0.0243155 0.0234873 0.0199281 0.019796 0.0243948 0.0301388 0.0376714 0.0412746 0.0863199 0.0771752 0.113111 0.0741005 0.0525337 0.0229764 0.00759418 0.00175318 0 0 0
 0 0 0 0 0 0 0 0 0 0 0.00219441 0.00772107 0.0458388 0.0604681 0.0671733 0.0775358 0.0609151 0.0617685 0.073594 0.0568108 0.0755445 0.0548602 0.0670107 0.0636378 0.0643287 0.046367 0.0373049 0.0286899 0.0247887 0.0153202 0.00654259 0.00121912 0.000365735 0 0 0
 0 0 0 0 0 0 0 0 0 0 0 0 0.000112435 0.00938835 0.0111873 0.0202946 0.0414886 0.0713402 0.111592 0.104902 0.108894 0.110636 0.117776 0.105296 0.107544 0.0401394 0.0192827 0.0124803 0.00416011 0.0028671 0.000618394 0 0 0 0 0
 0 0 0 0 0 0 0 0 0 0 0.00291406 0.0102884 0.027416 0.0768956 0.0749926 0.110853 0.0956884 0.0897413 0.0766577 0.0534642 0.0500743 0.0551293 0.0594112 0.0620874 0.0668451 0.0424026 0.0208742 0.0120726 0.0048766 0.00582813 0.00118941 0.000297354 0 0 0 0
 0 0.00264628 0.0354308 0.0461629 0.0458689 0.0383711 0.0214643 0.0164657 0.0346957 0.0420465 0.0363128 0.0245516 0.0311673 0.0291091 0.0169068 0.0133784 0.00837989 0.0085269 0.0148486 0.0160247 0.0276389 0.0546898 0.0760071 0.122758 0.109233 0.0665981 0.0333725 0.0166128 0.00676272 0.00308733 0.000882094 0 0 0 0 0
 0 0 0 0 0 0 0 0.000805153 0.000690131 0.00759144 0.0133425 0.0154129 0.00931677 0.000345066 0.00356568 0.00563607 0.00851162 0.0253048 0.0502646 0.0516448 0.0657925 0.0565908 0.0611916 0.0827007 0.0866115 0.110766 0.145733 0.0935128 0.0569358 0.0249597 0.0138026 0.00621118 0.00161031 0.00115022 0 0
 0 0 0 0 0 0 0 0 0 0 0 0 0 0 0 0 0 0 0 0 0 0 0 0 0 0 0 0 0 0 0 0 0 0 0 0
 0.00147267 0.00158595 0.00478618 0.00569244 0.00954404 0.0108468 0.00647125 0.017049 0.0510054 0.094081 0.124002 0.0959785 0.0687766 0.0820023 0.061753 0.0591476 0.0492212 0.0479892 0.0443925 0.0268479 0.0217502 0.0140895 0.0121071 0.0120363 0.00920419 0.00665534 0.0049561 0.00860946 0.00930331 0.0156896 0.0114698 0.00855282 0.00243557 0.00046729 0 2.83206e-05
 0 0 0 0 0.000772559 0.00158375 0.000888443 0.00281984 0.00712685 0.0440552 0.0773331 0.111326 0.0921469 0.0852325 0.0710754 0.0886704 0.0786465 0.0553345 0.0373146 0.0185414 0.00753245 0.00457741 0.012979 0.0271748 0.0457355 0.0583668 0.034881 0.0177882 0.00938659 0.00492506 0.0015258 0.00185414 0.000309023 5.79419e-05 3.86279e-05 0
 0 0.00173294 0.00326652 0 0.00397197 0.00683976 0.00946217 0.0152591 0.00757587 0.0136028 0.0228656 0.0392903 0.0559909 0.0764795 0.0681675 0.0726916 0.0566044 0.0477403 0.0527397 0.0444891 0.0609904 0.0582453 0.0661739 0.0445044 0.0529084 0.0360697 0.0280645 0.0235558 0.0158879 0.00826598 0.00280645 0.00217768 0.000904811 0.00058276 9.20147e-05 0
 0 0 0 0 0 0 0 0 0 0 0 0 0 0 0 0 0 0 0 0 0 0 0 0 0 0 0 0 0 0 0 0 0 0 0 0
 0 0 0 0 0 0 0 0 0 0 0 0 0 0 0 0 0 0 0 0 0 0 0 0 0 0 0 0 0 0 0 0 0 0 0 0
 0 0 0 0 0 0 0 0 0 0 0 0 0 0 0 0 0 0 0 0 0 0 0 0 0 0 0 0 0 0 0 0 0 0 0 0
 0 0 0 0 0 0 0 0 0 0 0 0 0 0 0 0 0 0 0 0 0 0 0 0 0 0 0 0 0 0 0 0 0 0 0 0
 0 0 0 0 0 0 0 0 0 0 0 0 0 0 0 0 0 0 0 0 0 0 0 0 0 0 0 0 0 0 0 0 0 0 0 0
ppred_pel_tallas
 1.01046e-16 3.45544e-05 0.000202812 0.000964089 0.00371182 0.011575 0.0292374 0.0598234 0.0991628 0.13317 0.144907 0.127798 0.0914373 0.0532739 0.0256875 0.0110308 0.00551728 0.00469466 0.00583697 0.00775288 0.00996547 0.0121985 0.0142034 0.015749 0.0166601 0.016854 0.0163552 0.0152819 0.0138103 0.0121311 0.0104101 0.0087666 0.00726858 0.00594255 0.00478903 0.003797
 1.01114e-16 3.23088e-05 0.000189623 0.000901376 0.00347033 0.0108219 0.0273353 0.055932 0.0927145 0.124516 0.135507 0.119547 0.0856201 0.0500575 0.0244596 0.0110558 0.00633432 0.00615067 0.00795322 0.0105942 0.0135586 0.0164894 0.0190406 0.0208924 0.0218121 0.0217066 0.0206419 0.0188194 0.0165215 0.0140426 0.0116304 0.00945156 0.00758614 0.0060439 0.00479141 0.00377811
 1.02029e-16 2.57277e-05 0.000150976 0.000717624 0.00276281 0.00861548 0.0217622 0.0445298 0.0738183 0.0991519 0.107939 0.0953103 0.0684451 0.0403867 0.0204262 0.0104061 0.00759851 0.00875493 0.0118551 0.0159358 0.0204659 0.0249741 0.0289594 0.0319457 0.0335786 0.0337035 0.0323964 0.0299313 0.0267027 0.023128 0.0195636 0.0162557 0.0133324 0.0108262 0.00871019 0.00693353
 1.02543e-16 2.96676e-05 0.000174118 0.000827662 0.00318652 0.00993684 0.0250997 0.0513577 0.0851324 0.114335 0.124429 0.109781 0.0786408 0.0460083 0.0225413 0.0102957 0.0060585 0.00603872 0.00790968 0.010634 0.013753 0.0169471 0.0198986 0.022301 0.0239142 0.0246117 0.0244017 0.0234097 0.021836 0.0199007 0.0177978 0.015669 0.0136009 0.0116378 0.00980073 0.00810325
 1.02205e-16 3.09678e-05 0.000181751 0.000863951 0.00332624 0.0103726 0.0262003 0.0536096 0.088865 0.119347 0.129882 0.114586 0.0820698 0.0479885 0.023462 0.01063 0.00613057 0.00599751 0.00779317 0.0104273 0.0134173 0.0164309 0.0191439 0.0212515 0.0225245 0.022858 0.0222903 0.0209827 0.0191701 0.0171007 0.0149842 0.0129632 0.0111102 0.00944363 0.00795171 0.00661406
 1.02944e-16 2.42852e-05 0.000142507 0.000677359 0.00260777 0.00813201 0.020541 0.0420312 0.0696771 0.093592 0.101893 0.0899864 0.0646545 0.038216 0.0194508 0.0101106 0.00763404 0.00896588 0.0122044 0.0164362 0.0211439 0.0258557 0.0300646 0.0332863 0.0351577 0.035516 0.0344297 0.0321652 0.029109 0.0256695 0.0221931 0.0189171 0.0159631 0.0133613 0.0110884 0.00910283
 1.03028e-16 2.95883e-05 0.000173654 0.00082546 0.00317804 0.00991042 0.025033 0.051221 0.0849055 0.114029 0.124094 0.109479 0.07841 0.045845 0.022409 0.0101479 0.00585357 0.00574359 0.00750037 0.0100981 0.0130948 0.0161925 0.0190968 0.0215219 0.0232399 0.0241246 0.0241704 0.0234782 0.0222167 0.020574 0.0187166 0.0167678 0.0148058 0.0128761 0.0110085 0.00922995
 1.03103e-16 2.67419e-05 0.000156936 0.000745963 0.00287193 0.0089558 0.0226218 0.0462882 0.0767317 0.10306 0.11218 0.0990238 0.071043 0.0417813 0.0208763 0.010219 0.00695069 0.00767943 0.0103073 0.0138606 0.0178436 0.0218491 0.0254524 0.0282499 0.0299383 0.0303807 0.0296307 0.027905 0.0255175 0.0227983 0.0200244 0.0173817 0.0149623 0.0127854 0.0108309 0.00906886
 1.02891e-16 2.90131e-05 0.000170274 0.000809388 0.00311616 0.00971741 0.0245455 0.0502238 0.0832533 0.111813 0.121689 0.107373 0.0769375 0.0450555 0.0221559 0.0102566 0.00622312 0.00635308 0.00837095 0.0112545 0.0145389 0.0178881 0.0209645 0.0234441 0.0250762 0.0257343 0.0254373 0.0243299 0.0226349 0.0205926 0.0184108 0.0162357 0.0141503 0.0121889 0.0103603 0.00866655
 1.02839e-16 2.77263e-05 0.000162716 0.000773448 0.00297777 0.00928584 0.0234554 0.0479937 0.079558 0.106854 0.116303 0.102647 0.0736077 0.0432198 0.0214655 0.0102931 0.00672625 0.0072392 0.00965591 0.0129776 0.016715 0.0204821 0.0238814 0.0265349 0.0281565 0.0286142 0.0279524 0.026368 0.0241493 0.0216016 0.0189832 0.0164707 0.0141548 0.0120603 0.0101751 0.00847688
 1.03986e-16 2.22635e-05 0.000130638 0.00062093 0.00239051 0.00745448 0.0188296 0.0385296 0.0638734 0.0857991 0.0934164 0.0825188 0.0593291 0.035149 0.0180402 0.00962463 0.00757257 0.00910009 0.0124748 0.01686 0.0217688 0.0267416 0.0312757 0.0348837 0.0371907 0.0380136 0.0373918 0.0355576 0.0328613 0.0296789 0.0263328 0.0230483 0.0199494 0.0170816 0.0144482 0.0120401
 1.05221e-16 2.27301e-05 0.000133383 0.000633992 0.00244082 0.00761139 0.0192259 0.0393399 0.0652148 0.0875953 0.095357 0.0841971 0.0604578 0.0356616 0.0180172 0.0091552 0.00667357 0.00771793 0.0105295 0.0142948 0.0185919 0.023055 0.0272856 0.0308876 0.0335408 0.0350617 0.0354305 0.0347706 0.0332968 0.0312494 0.0288402 0.0262248 0.0235031 0.0207371 0.0179753 0.0152696
 1.0359e-16 3.06101e-05 0.000179654 0.000853992 0.00328791 0.010253 0.0258983 0.0529915 0.0878394 0.117966 0.128372 0.113237 0.0810654 0.0473249 0.0229962 0.0101827 0.00555129 0.00517828 0.00666276 0.00895235 0.0116132 0.0143744 0.0169781 0.0191771 0.0207757 0.0216676 0.0218511 0.0214151 0.0205031 0.0192701 0.0178473 0.0163246 0.0147514 0.0131513 0.0115397 0.00993679
 1.01948e-16 3.21221e-05 0.000188529 0.000896176 0.00345032 0.0107595 0.0271777 0.0556093 0.0921792 0.123796 0.13472 0.118845 0.0850996 0.0497183 0.0242292 0.0108432 0.00606425 0.00576981 0.00742645 0.00990398 0.0127097 0.0155145 0.0180036 0.0198846 0.0209424 0.0210861 0.0203665 0.0189548 0.0170933 0.015034 0.0129869 0.0110905 0.00940943 0.00794986 0.00668535 0.0055799
 1.00894e-16 3.5782e-05 0.00021002 0.000998359 0.00384377 0.0119865 0.0302768 0.0619499 0.102687 0.137901 0.150052 0.132327 0.0946588 0.0551122 0.0265009 0.0112533 0.00543949 0.00444065 0.00542844 0.00716864 0.00917358 0.0111707 0.0129222 0.0142121 0.0148827 0.0148689 0.0142114 0.0130411 0.0115432 0.00991137 0.0083092 0.00684729 0.00557982 0.00451526 0.00363424 0.00290649
 1.0066e-16 3.44878e-05 0.000202418 0.000962212 0.00370458 0.0115524 0.0291804 0.059707 0.0989707 0.132914 0.144635 0.127574 0.091312 0.0532701 0.0258142 0.0113031 0.0059667 0.00536456 0.00676875 0.00896858 0.011451 0.0138913 0.0159891 0.0174707 0.0181393 0.0179205 0.0168784 0.0151951 0.0131223 0.0109217 0.00881273 0.00694221 0.00537888 0.00412746 0.0031524 0.00240142
 1.01279e-16 2.85309e-05 0.000167437 0.000795885 0.00306414 0.0095552 0.0241358 0.0493861 0.0818668 0.109956 0.119685 0.105644 0.075782 0.0445472 0.0222178 0.0108057 0.00725317 0.00793181 0.0105926 0.0141852 0.0181705 0.0221056 0.0255332 0.0280243 0.0292646 0.0291257 0.0276922 0.0252305 0.0221171 0.018747 0.0154553 0.012471 0.00990852 0.00778822 0.00607145 0.0046943
 1.02012e-16 2.98345e-05 0.000175096 0.000832312 0.00320442 0.00999265 0.0252407 0.0516463 0.0856112 0.114979 0.125134 0.11041 0.0791072 0.0463136 0.0227507 0.0104908 0.00630714 0.00638842 0.00839084 0.01126 0.0145157 0.017812 0.0208024 0.0231565 0.0246203 0.0250696 0.024531 0.023163 0.0212063 0.0189216 0.0165362 0.0142135 0.012048 0.0100792 0.00831416 0.00674697
 1.02326e-16 2.89118e-05 0.000169677 0.000806543 0.00310519 0.00968322 0.0244591 0.0500473 0.0829615 0.111423 0.12127 0.107017 0.0767113 0.0449811 0.0222267 0.0104684 0.00659067 0.00690784 0.00914757 0.0122746 0.0157963 0.0193381 0.0225199 0.0249812 0.0264505 0.0268032 0.0260844 0.0244852 0.0222848 0.0197796 0.0172217 0.0147848 0.0125595 0.0105716 0.00880966 0.00724984
 1.01971e-16 3.19554e-05 0.000187551 0.00089153 0.00343243 0.0107037 0.0270368 0.0553209 0.0917009 0.123153 0.134018 0.11822 0.0846417 0.049429 0.0240482 0.010696 0.0058922 0.0055363 0.00711239 0.00950576 0.012241 0.0150088 0.0175138 0.0194778 0.0206899 0.0210499 0.0205863 0.0194385 0.0178138 0.0159338 0.0139878 0.0121079 0.0103652 0.0087837 0.0073602 0.00608296
 1.0193e-16 2.96184e-05 0.000173826 0.000826265 0.00318113 0.00992002 0.0250573 0.0512712 0.0849901 0.114147 0.124234 0.10963 0.0785788 0.0460649 0.0227409 0.0106733 0.00666703 0.00694187 0.00916536 0.0122728 0.0157564 0.0192313 0.0223096 0.0246267 0.0259123 0.0260502 0.0251003 0.0232736 0.0208717 0.0182112 0.0155597 0.0130987 0.0109183 0.00903636 0.00742739 0.00605061
 1.02259e-16 2.90213e-05 0.000170321 0.000809604 0.00311698 0.00971998 0.024552 0.0502372 0.0832762 0.111845 0.121728 0.107418 0.0769921 0.0451323 0.0222765 0.0104505 0.00652528 0.00680012 0.00899514 0.0120748 0.015551 0.0190563 0.0222179 0.0246815 0.0261777 0.0265794 0.0259245 0.0243938 0.0222553 0.0197961 0.0172629 0.0148286 0.0125874 0.0105718 0.00877783 0.00718858
 1.02073e-16 3.13472e-05 0.000183979 0.000874548 0.00336705 0.0104998 0.0265217 0.0542671 0.0899546 0.120809 0.13147 0.115981 0.0830543 0.0485351 0.0236751 0.0106352 0.00600781 0.00577491 0.00746967 0.00999435 0.012872 0.0157828 0.0184171 0.020483 0.0217585 0.0221385 0.0216531 0.0204487 0.0187434 0.0167696 0.0147262 0.0127516 0.0109203 0.00925714 0.00775878 0.00641306
 1.0187e-16 3.08084e-05 0.000180814 0.000859495 0.00330908 0.010319 0.0260651 0.0533331 0.0884071 0.118733 0.129217 0.114008 0.0816738 0.047793 0.0234333 0.0107294 0.00634236 0.00632926 0.00826319 0.0110506 0.0141947 0.0173414 0.0201419 0.022269 0.0234791 0.0236653 0.0228774 0.0212996 0.0191972 0.0168493 0.0144923 0.0122872 0.010315 0.00859384 0.00710441 0.00581462
 1.03332e-16 2.04589e-05 0.000120038 0.000570524 0.00219641 0.00684918 0.0173008 0.0354019 0.0586909 0.0788456 0.0858663 0.0758987 0.0546768 0.0326084 0.0171325 0.00977735 0.00843888 0.0105833 0.014617 0.0197307 0.0253922 0.0310561 0.036117 0.0399931 0.0422462 0.0426784 0.0413686 0.0386341 0.0349372 0.0307684 0.0265458 0.0225584 0.0189578 0.015786 0.0130204 0.0106145
 1.05076e-16 2.38916e-05 0.000140206 0.000666436 0.00256575 0.008001 0.02021 0.0413531 0.0685506 0.0920712 0.100217 0.0884598 0.0634557 0.0373035 0.0186135 0.00907794 0.00615098 0.00681888 0.00923512 0.0125696 0.0164291 0.0205013 0.0244493 0.0279313 0.0306586 0.0324476 0.033243 0.0331065 0.0321775 0.0306255 0.0286097 0.0262591 0.0236736 0.0209365 0.0181289 0.0153381
 1.04696e-16 2.67475e-05 0.000156973 0.000746152 0.00287268 0.00895814 0.0226276 0.0462998 0.0767494 0.10308 0.112191 0.0990066 0.0709735 0.0416258 0.0205872 0.00973074 0.00618065 0.00653664 0.00870956 0.0117582 0.0152457 0.0188449 0.0222203 0.0250469 0.0270704 0.0281571 0.0283136 0.0276669 0.0264156 0.0247708 0.0229081 0.020944 0.018938 0.0169124 0.0148774 0.0128511
pSPR Fmed_Fpbrs
0.442086   0.6 0.325
Fs Fmed_Fpbrs
0.66   0.352001 1.09118
SSBpbr Bo_Bmed_Bpbrs
1.84376e+06  722912  1.01407e+06 507033
Ro
50011.1
SPR SPRFo_SPRFmed_SPRFpbrs
1.03604e+06 458020 336714
log_Ro
10.64
likeval ReclasPelacesDesembMPH_pf_preclas_ppelaces_ptallas_desvR_qrecl_qpela
 62.3143 21.3635 0.0182285 0.000629937 351.25 215.282 58.888 0 16.3987 3.94669e-05 1.74854e-05 8.52701e-16 0 0 0
q_reclas_q_pelaces
0.410564 1.81287
M
0.7
N
 51499.1 13555.3 5042.13 594.144 0.328455
 63279.5 23466.1 4051.24 1506.92 177.668
 37591 29370.3 7819.25 1349.93 561.33
 54520.8 16915.6 8152.2 2170.36 530.501
 93502.5 26556.2 7494.53 3611.87 1196.63
 69570.4 46250.1 12885.5 3636.46 2333.16
 112001 33215.6 18209.2 5073.15 2350.3
 103003 54248.4 14236.5 7804.63 3181.77
 123417 48703.2 20170.1 5293.27 4084.85
 124194 57927.3 17337.8 7180.32 3338.51
 64579.5 58930.1 21990.6 6581.84 3993.2
 41260.8 29150.8 16660.6 6217.13 2989.75
 44466.3 18705.5 8454.25 4831.87 2670.16
 23967.7 19028.6 3858.98 1744.13 1547.68
 16889.8 9050.93 1876.21 380.492 324.57
 18096.1 6331.16 854.34 177.1 66.5525
 13970.4 8070.57 1666.94 224.94 64.1513
 16944 6438.35 2579.04 532.687 92.3821
 19196 7996.59 2367.39 948.315 229.839
 31534.9 9151.71 3121.68 924.174 459.924
 39652.4 15019.3 3551.7 1211.5 537.157
 50622.9 19310.4 6646.95 1571.84 773.882
 82313.4 24501.7 8241.23 2836.76 1001.1
 116789 39632.9 10139.7 3410.53 1588.25
 63297.8 56323.7 16559.2 4236.53 2088.57
 71229.4 30683.2 24254.9 7130.95 2723.8
 90161.9 34550.9 13265.2 10486.1 4260.48
pred_Ctot
 3067.39 3995.65 1486.24 175.133 0.096817
 2985.42 5680.45 980.685 364.782 43.0082
 2551.11 9629.8 2563.74 442.609 184.046
 751.103 1320.03 636.169 169.367 41.3985
 263.353 437.851 123.568 59.5515 19.7297
 1933.52 6983.31 1945.58 549.069 352.284
 1986.43 3297.72 1807.85 503.675 233.344
 3553.35 9967.31 2615.74 1433.98 584.6
 4881.56 10108 4186.17 1098.59 847.784
 3982.57 9964.82 2982.5 1235.18 574.3
 4249.87 18847.9 7033.36 2105.1 1277.16
 2597.29 8992.37 5139.42 1917.85 922.271
 4459.1 8262.34 3734.29 2134.27 1179.43
 4194.54 11969.7 2427.45 1097.12 973.552
 3026.17 5765.7 1195.2 242.385 206.76
 1334.38 2217.64 299.253 62.0334 23.3116
 725.965 2121.93 438.273 59.1415 16.8668
 606.466 1222.67 489.769 101.159 17.5437
 552.693 1247.14 369.216 147.898 35.8454
 929.703 1458.49 497.497 147.284 73.2972
 551.584 1182.98 279.746 95.4224 42.3086
 923.684 1969.37 677.89 160.304 78.9245
 1803.01 2967.21 998.03 343.538 121.235
 2425.68 4566.45 1168.29 392.958 182.997
 1087.1 5424.01 1594.66 407.981 201.13
 1189.95 2878.25 2275.24 668.922 255.508
 1484.85 3197.31 1227.55 970.371 394.261
F
 0.0860053 0.507757 0.507757 0.507757 0.507757
 0.0675788 0.398971 0.398971 0.398971 0.398971
 0.0985294 0.581696 0.581696 0.581696 0.581696
 0.0193202 0.114063 0.114063 0.114063 0.114063
 0.0039232 0.0231617 0.0231617 0.0231617 0.0231617
 0.0393205 0.23214 0.23214 0.23214 0.23214
 0.0249344 0.147207 0.147207 0.147207 0.147207
 0.049015 0.289374 0.289374 0.289374 0.289374
 0.0563801 0.332856 0.332856 0.332856 0.332856
 0.0454919 0.268574 0.268574 0.268574 0.268574
 0.0954145 0.563306 0.563306 0.563306 0.563306
 0.0910964 0.537813 0.537813 0.537813 0.537813
 0.148788 0.878414 0.878414 0.878414 0.878414
 0.27384 1.61669 1.61669 1.61669 1.61669
 0.281226 1.66029 1.66029 1.66029 1.66029
 0.107473 0.634497 0.634497 0.634497 0.634497
 0.0746653 0.440808 0.440808 0.440808 0.440808
 0.0508969 0.300484 0.300484 0.300484 0.300484
 0.0407608 0.240643 0.240643 0.240643 0.240643
 0.0417553 0.246514 0.246514 0.246514 0.246514
 0.0195098 0.115182 0.115182 0.115182 0.115182
 0.0256605 0.151494 0.151494 0.151494 0.151494
 0.0308753 0.182281 0.182281 0.182281 0.182281
 0.0292554 0.172717 0.172717 0.172717 0.172717
 0.0241366 0.142497 0.142497 0.142497 0.142497
 0.0234715 0.13857 0.13857 0.13857 0.13857
 0.0231348 0.136583 0.136583 0.136583 0.136583
Np
 37992 17774.3 15278.9 5227.07 2707.7
YTP_r0W_actual
 12027.3 77694.6 40263.6 39008.9 18017.7
YTP_p0W_proyectada
 13647.3 219102 105592 50675.2 65916.6
 13647.3 89016.2 107792 46095.9 27416
CTP_r0_actual
 1484.85 3197.31 1227.55 970.371 394.261
CTP_p0_proyectada
 1586.89 9526.18 3259.01 1251.24 1417.56
 1586.89 3870.27 3326.91 1138.17 589.591
Wmedp
 8.6 23 32.4 40.5 46.5
nmprior
 10.8 10.6 4.6 0
nm_flota  nm_reclas  nm_pelaces    nm_pelaL
inf 15.5387 17.8537 75.4381
cv_recla  cv_pelaces  cv_mph
0.683635 0.490244 0.670787
 ------------------------------------------------
Talla a la edad & desviaci?n 
 7.2 14.2025 17.0495 18.207 18.6776
 1.08 2.13037 2.55742 2.73105 2.80164
