years
 1997 1998 1999 2000 2001 2002 2003 2004 2005 2006 2007 2008 2009 2010 2011 2012 2013 2014 2015 2016 2017 2018 2019 2020 2021 2022 2023
reclasobs
 0 0 0 370054 412103 1.49427e+06 250295 1.28982e+06 931140 785840 897777 1.04006e+06 184774 17550 25797 100020 73551 82996 120727 218422 84188 347160 605670 569463 516374 1.08416e+06 1.01767e+06
reclaspred
 776738 173563 364547 181499 303361 382052 819944 638017 723039 870107 834638 593592 337392 133586 79092.8 76166 82962.7 109133 125921 149396 230789 232500 381970 496037 713959 660418 511308
pelacesobs
 0 0 0 0 0 0 0 0 0 2.06254e+06 1.5e+06 0 1.87456e+06 323000 250000 174000 83755 137374 0 501740 490994 745055 786931 1.00524e+06 1.33801e+06 1.41789e+06 1.42762e+06
pelacespred
 2.50613e+06 597603 566314 542575 877277 709757 2.31036e+06 1.84895e+06 2.01972e+06 2.48077e+06 1.91476e+06 1.40852e+06 845727 274099 167756 162921 182410 256651 280494 330495 625301 572715 742249 1.13725e+06 1.5515e+06 1.4996e+06 1.12575e+06
mphobs
 0 0 0 0 0 112323 0 153150 637223 0 255016 313432 73983 77613 109348 50772 17779 17303 59886 28197 0 207744 136588 643089 65757 70829 0
mphpred
 228910 111070 109867 71928.1 76087.8 143010 184051 274868 249183 288043 345002 240468 147585 79551.4 38177.3 29013.9 28311.8 33951.9 43591.3 46180 65694.3 84316.3 101187 142020 222354 223756 178869
desembarqueobs
 350755 77701 442110 56441 14545 235359 269955 359681 431902 328805 639364 411747 362871 311530 167758 66681 60226 58785 57116 73181 50977 67692 138656 160484 209506 203330 187013
desembarquepred
 350741 77679.8 441836 56438.2 14545.1 235400 270014 359438 431736 328684 638766 411443 362557 311314 167368 66646.8 60229.3 58746.8 57070.9 73147.2 50974.4 67660.2 138622 160460 209435 203241 186958
Reclutas
 28903.2 40987.8 12022.6 16944.8 39999.2 24112.9 64978.2 62307.3 81862.7 113558 65736.3 46468.3 50598.4 28591 13299.2 10705.9 7746.65 9667.05 9324.15 12998.6 18873.9 22488 36651.3 53455.9 26125.7 26157.3 24289.7
log_desv_Rt
 0.0517079 0.40103 -0.825457 -0.482286 0.376613 -0.129497 0.861807 0.819834 1.0928 1.42007 0.873407 0.526525 0.611675 0.0408472 -0.724538 -0.941445 -1.26498 -1.04352 -1.07964 -0.747406 -0.374464 -0.199263 0.289204 0.666613 -0.0493252 -0.0481166 -0.122191
SSB
 445473 216149 213808 139977 148072 278307 358176 534909 484926 560549 671396 467965 287210 154812 74295.4 56462.9 55096.5 66072.4 84831.5 89869.1 127845 164085 196916 276380 432716 435442 348090
BT
 1.33979e+06 340389 459132 257084 352365 421368 1.20592e+06 1.12049e+06 1.24666e+06 1.31602e+06 1.29103e+06 900822 703228 402201 209715 120205 122230 151334 148909 186703 286011 256385 366129 560661 687246 658648 529175
Ftot
 1.05333 1.17066 2.34705 0.73039 0.136543 1.27409 0.918078 1.47402 1.61536 1.06062 1.70383 1.49399 2.53344 4.90924 4.95303 2.2008 1.83706 1.39921 1.05864 1.19542 0.572843 0.663042 0.82957 0.820308 0.636002 0.620278 0.752212
BD_Bspro_t
 0.905599 0.605918 0.494257 0.247604 0.369723 0.576466 0.493575 0.553253 0.487577 0.478055 0.487058 0.334012 0.236671 0.158646 0.0933358 0.0876268 0.117051 0.185985 0.274897 0.338713 0.45272 0.58036 0.582751 0.591677 0.629061 0.56023 0.494897
BD_Bspro
 0.783467 0.380148 0.376031 0.246181 0.260418 0.489467 0.629935 0.940762 0.852854 0.985855 1.1808 0.823024 0.505125 0.272273 0.130666 0.099303 0.0968999 0.116204 0.149196 0.158056 0.224845 0.288581 0.346323 0.486079 0.76103 0.765826 0.612196
BD_Bo
 0.791888 0.384234 0.380073 0.248827 0.263217 0.494729 0.636706 0.950874 0.862021 0.996452 1.1935 0.831871 0.510555 0.275199 0.13207 0.10037 0.0979415 0.117453 0.150799 0.159755 0.227262 0.291683 0.350045 0.491303 0.76921 0.774058 0.618777
BD_Brms
 1.4398 0.698607 0.691041 0.452413 0.478577 0.899506 1.15765 1.72886 1.56731 1.81173 2.16999 1.51249 0.928281 0.500362 0.240127 0.182492 0.178075 0.21355 0.274181 0.290463 0.413204 0.530333 0.636446 0.893279 1.39856 1.40738 1.12505
S_f
 0.0728866 0.598992 0.965964 0.998149 0.999902
 0.0728866 0.598992 0.965964 0.998149 0.999902
 0.0728866 0.598992 0.965964 0.998149 0.999902
 0.0728866 0.598992 0.965964 0.998149 0.999902
 0.0728866 0.598992 0.965964 0.998149 0.999902
 0.0728866 0.598992 0.965964 0.998149 0.999902
 0.0728866 0.598992 0.965964 0.998149 0.999902
 0.0728866 0.598992 0.965964 0.998149 0.999902
 0.0728866 0.598992 0.965964 0.998149 0.999902
 0.0728866 0.598992 0.965964 0.998149 0.999902
 0.0728866 0.598992 0.965964 0.998149 0.999902
 0.0728866 0.598992 0.965964 0.998149 0.999902
 0.0728866 0.598992 0.965964 0.998149 0.999902
 0.0728866 0.598992 0.965964 0.998149 0.999902
 0.0728866 0.598992 0.965964 0.998149 0.999902
 0.0728866 0.598992 0.965964 0.998149 0.999902
 0.0728866 0.598992 0.965964 0.998149 0.999902
 0.0728866 0.598992 0.965964 0.998149 0.999902
 0.0728866 0.598992 0.965964 0.998149 0.999902
 0.0728866 0.598992 0.965964 0.998149 0.999902
 0.0728866 0.598992 0.965964 0.998149 0.999902
 0.0728866 0.598992 0.965964 0.998149 0.999902
 0.0728866 0.598992 0.965964 0.998149 0.999902
 0.0728866 0.598992 0.965964 0.998149 0.999902
 0.0728866 0.598992 0.965964 0.998149 0.999902
 0.0728866 0.598992 0.965964 0.998149 0.999902
 0.0728866 0.598992 0.965964 0.998149 0.999902
Scru_reclas
 0.311824 0.695157 0.919848 0.98298 0.996571
 0.311824 0.695157 0.919848 0.98298 0.996571
 0.311824 0.695157 0.919848 0.98298 0.996571
 0.311824 0.695157 0.919848 0.98298 0.996571
 0.311824 0.695157 0.919848 0.98298 0.996571
 0.311824 0.695157 0.919848 0.98298 0.996571
 0.311824 0.695157 0.919848 0.98298 0.996571
 0.311824 0.695157 0.919848 0.98298 0.996571
 0.311824 0.695157 0.919848 0.98298 0.996571
 0.311824 0.695157 0.919848 0.98298 0.996571
 0.311824 0.695157 0.919848 0.98298 0.996571
 0.311824 0.695157 0.919848 0.98298 0.996571
 0.311824 0.695157 0.919848 0.98298 0.996571
 0.311824 0.695157 0.919848 0.98298 0.996571
 0.311824 0.695157 0.919848 0.98298 0.996571
 0.311824 0.695157 0.919848 0.98298 0.996571
 0.311824 0.695157 0.919848 0.98298 0.996571
 0.311824 0.695157 0.919848 0.98298 0.996571
 0.311824 0.695157 0.919848 0.98298 0.996571
 0.311824 0.695157 0.919848 0.98298 0.996571
 0.311824 0.695157 0.919848 0.98298 0.996571
 0.311824 0.695157 0.919848 0.98298 0.996571
 0.311824 0.695157 0.919848 0.98298 0.996571
 0.311824 0.695157 0.919848 0.98298 0.996571
 0.311824 0.695157 0.919848 0.98298 0.996571
 0.311824 0.695157 0.919848 0.98298 0.996571
 0.311824 0.695157 0.919848 0.98298 0.996571
Scru_pelaces
 0.504298 0.836599 0.96264 0.992347 0.99847
 0.504298 0.836599 0.96264 0.992347 0.99847
 0.504298 0.836599 0.96264 0.992347 0.99847
 0.504298 0.836599 0.96264 0.992347 0.99847
 0.504298 0.836599 0.96264 0.992347 0.99847
 0.504298 0.836599 0.96264 0.992347 0.99847
 0.504298 0.836599 0.96264 0.992347 0.99847
 0.504298 0.836599 0.96264 0.992347 0.99847
 0.504298 0.836599 0.96264 0.992347 0.99847
 0.504298 0.836599 0.96264 0.992347 0.99847
 0.504298 0.836599 0.96264 0.992347 0.99847
 0.504298 0.836599 0.96264 0.992347 0.99847
 0.504298 0.836599 0.96264 0.992347 0.99847
 0.504298 0.836599 0.96264 0.992347 0.99847
 0.504298 0.836599 0.96264 0.992347 0.99847
 0.504298 0.836599 0.96264 0.992347 0.99847
 0.504298 0.836599 0.96264 0.992347 0.99847
 0.504298 0.836599 0.96264 0.992347 0.99847
 0.504298 0.836599 0.96264 0.992347 0.99847
 0.504298 0.836599 0.96264 0.992347 0.99847
 0.504298 0.836599 0.96264 0.992347 0.99847
 0.504298 0.836599 0.96264 0.992347 0.99847
 0.504298 0.836599 0.96264 0.992347 0.99847
 0.504298 0.836599 0.96264 0.992347 0.99847
 0.504298 0.836599 0.96264 0.992347 0.99847
 0.504298 0.836599 0.96264 0.992347 0.99847
 0.504298 0.836599 0.96264 0.992347 0.99847
pf_obs 
 0.256992 0.487395 0.22802 0.0275931 0
 0.321318 0.546541 0.124235 0.00734118 0.000564706
 0.182869 0.594174 0.210203 0.0122559 0.00049798
 0.330522 0.361315 0.267642 0.0388342 0.00168674
 0.649043 0.306663 0.0425973 0.00169635 0
 0.582887 0.30429 0.105238 0.00758474 0
 0.465427 0.430635 0.0974691 0.00646863 0
 0.296916 0.608066 0.0921331 0.00288517 0
 0.311714 0.524322 0.152257 0.0117073 0
 0.15457 0.633149 0.183074 0.0267441 0.00246327
 0.131901 0.49318 0.331252 0.0422183 0.00144891
 0.196976 0.569456 0.194076 0.0375587 0.00193317
 0.518974 0.381816 0.0799577 0.0180837 0.00116848
 0.0928022 0.601141 0.25162 0.0475244 0.00691264
 0.122501 0.610282 0.24278 0.0234846 0.000952079
 0.383417 0.481906 0.127806 0.00687128 0
 0.0376549 0.599619 0.316969 0.0457579 0
 0.0361596 0.667082 0.258105 0.0386534 0
 0.158088 0.579412 0.248529 0.0139706 0
 0.0477256 0.309471 0.559284 0.082774 0.000745712
 0.0406174 0.521527 0.379366 0.0568643 0.0016247
 0.151134 0.462217 0.34131 0.0453401 0
 0.294876 0.26143 0.354403 0.0886775 0.000613685
 0.281977 0.475581 0.204845 0.0348837 0.00271318
 0.0841818 0.532909 0.334909 0.0458182 0.00218182
 0.115287 0.27431 0.454777 0.147771 0.00785563
 0.0989387 0.350907 0.424855 0.114687 0.0106128
pf_pred 
 0.200218 0.539772 0.231268 0.0287308 1.16192e-05
 0.25611 0.529988 0.17277 0.0367968 0.00433551
 0.0905818 0.722946 0.156544 0.0244321 0.00549534
 0.219487 0.455356 0.298557 0.0226324 0.00396736
 0.303826 0.482591 0.15398 0.0549287 0.00467408
 0.129336 0.659427 0.166434 0.0326075 0.0121945
 0.345542 0.389813 0.230322 0.0273779 0.00694564
 0.224563 0.653995 0.0902322 0.0273383 0.00387152
 0.276527 0.549447 0.160961 0.00986491 0.00320061
 0.281499 0.584429 0.118086 0.0148592 0.00112717
 0.147534 0.674426 0.160015 0.0159762 0.00204922
 0.154037 0.57246 0.246504 0.0244326 0.00256703
 0.257478 0.524007 0.180784 0.0342171 0.00351314
 0.252938 0.658287 0.078323 0.00878137 0.00167084
 0.262518 0.694397 0.0422438 0.000755592 8.55855e-05
 0.292315 0.66169 0.045574 0.000413717 6.98919e-06
 0.205376 0.674419 0.117257 0.00292388 2.48547e-05
 0.262999 0.558421 0.166635 0.0116725 0.000272965
 0.20656 0.626807 0.145534 0.0197673 0.00133244
 0.25259 0.528887 0.1932 0.0222639 0.00305914
 0.251778 0.570348 0.148471 0.0261625 0.00324008
 0.201562 0.57107 0.193717 0.0282844 0.00536641
 0.252369 0.501315 0.202418 0.0376465 0.00625208
 0.253811 0.557683 0.149995 0.0319176 0.00659403
 0.0972998 0.663882 0.202876 0.0288776 0.00706476
 0.118002 0.399683 0.402725 0.0680559 0.0115339
 0.133745 0.475424 0.234866 0.131159 0.0248056
pobs_RECLAS
 0 0 0 0 0
 0 0 0 0 0
 0 0 0 0 0
 0 0 0 0 0
 0.835266 0.146461 0.0176864 0.000547809 3.91292e-05
 0.385257 0.428462 0.181853 0.0044286 0
 0.867414 0.0963971 0.0333333 0.00285562 0
 0.441836 0.489002 0.0689373 0.000224442 0
 0.779404 0.147425 0.0564933 0.0165055 0.000172143
 0.814271 0.122319 0.05973 0.00367925 0
 0.40263 0.566651 0.0304383 0.000280538 0
 0.475488 0.404961 0.113038 0.00651328 0
 0.955842 0.0263864 0.0167828 0.000988607 0
 0.975058 0.0227948 0.00214734 0 0
 0.738997 0.206755 0.0527124 0.00153531 0
 0.850938 0.134255 0.0134407 0.00136685 0
 0.542534 0.407297 0.0501686 0 0
 0.764087 0.199537 0.0359546 0.000420521 0
 0.470689 0.182191 0.310203 0.0369168 0
 0.84361 0.089868 0.0606195 0.00523954 0.000663233
 0.607945 0.314616 0.071237 0.00620181 0
 0.523733 0.453247 0.0230204 0 0
 0.530135 0.295979 0.169645 0.0042399 0
 0.562478 0.366248 0.0663022 0.0049721 0
 0.250443 0.683176 0.0655157 0.000865301 0
 0.195077 0.31981 0.436473 0.0351445 0.0134964
 0.565238 0.351407 0.0832357 0.000118908 0
ppred_RECLAS
 0.509959 0.355559 0.119229 0.0152468 6.23877e-06
 0.588661 0.312782 0.0791513 0.0173383 0.00206683
 0.311951 0.583069 0.0878596 0.013948 0.00317212
 0.53809 0.293933 0.153818 0.0120264 0.00213327
 0.630618 0.270519 0.0705879 0.0260332 0.00224191
 0.381176 0.495697 0.096379 0.0194055 0.0073421
 0.688542 0.202472 0.0944502 0.011567 0.00296922
 0.544482 0.398954 0.0417325 0.0129732 0.00185853
 0.62019 0.306861 0.0673323 0.00422884 0.00138786
 0.612234 0.328587 0.0519359 0.0067268 0.000516288
 0.424972 0.480526 0.084717 0.00866079 0.00112366
 0.440094 0.410914 0.133927 0.0136177 0.00144735
 0.624367 0.292354 0.0687093 0.0131999 0.00137018
 0.676992 0.303124 0.0175761 0.00193657 0.00037187
 0.682236 0.308503 0.00908284 0.000159551 1.82383e-05
 0.639534 0.343575 0.0167335 0.000154764 2.64385e-06
 0.52384 0.421057 0.0537213 0.00136991 1.17781e-05
 0.599428 0.321902 0.0732755 0.00526977 0.00012467
 0.513256 0.402674 0.0731462 0.0102265 0.000697455
 0.585056 0.31405 0.0888951 0.0105341 0.0014644
 0.570546 0.342932 0.0718214 0.0130637 0.00163719
 0.502916 0.376437 0.10228 0.0154082 0.00295825
 0.579908 0.301736 0.0967011 0.0185392 0.00311541
 0.577557 0.332569 0.0710346 0.0155823 0.00325745
 0.300441 0.542286 0.132917 0.0195233 0.00483323
 0.360994 0.323703 0.261813 0.0456587 0.00783045
 0.391279 0.365809 0.144065 0.0829685 0.0158781
pobs_PELACES
 0 0 0 0 0
 0 0 0 0 0
 0 0 0 0 0
 0 0 0 0 0
 0 0 0 0 0
 0 0 0 0 0
 0 0 0 0 0
 0 0 0 0 0
 0 0 0 0 0
 0 0 0 0 0
 0.450072 0.473896 0.0757376 0.000293798 0
 0 0 0 0 0
 0.463077 0.371075 0.160297 0.00555027 0
 0.529543 0.364841 0.0842815 0.0213345 0
 0.631943 0.363953 0.00410389 0 0
 0.735681 0.248677 0.0153453 0.000297389 0
 0.695825 0.281241 0.0229344 0 0
 0.275771 0.60734 0.115278 0.00161068 0
 0 0 0 0 0
 0.896147 0.0623911 0.0374545 0.00400742 0
 0.803859 0.145111 0.0509908 3.86294e-05 0
 0.739449 0.233085 0.0266225 0.000797448 4.60066e-05
 0.878498 0.100942 0.0204185 0.000141795 0
 0.694673 0.275183 0.0284847 0.00165964 0
 0.469039 0.446079 0.0841089 0.000773354 0
 0.822795 0.102175 0.0682046 0.00682512 0
 0.69333 0.244118 0.0624202 0.000131731 0
ppred_PELACES
 0.642433 0.277614 0.0712568 0.00869233 3.52776e-06
 0.714961 0.230701 0.0440565 0.00919449 0.00108703
 0.4918 0.455105 0.0448802 0.0067038 0.00151105
 0.657738 0.235523 0.098105 0.00734215 0.00129198
 0.710153 0.221384 0.0494095 0.0175529 0.00150008
 0.52146 0.404485 0.0586102 0.0112308 0.00421398
 0.790986 0.147584 0.0535679 0.00626696 0.00159572
 0.682552 0.288132 0.0219247 0.00647258 0.000919471
 0.754582 0.209886 0.0329322 0.00196127 0.00063821
 0.725841 0.241136 0.0291481 0.00360105 0.000274128
 0.583919 0.365509 0.0455885 0.00441524 0.000567952
 0.596524 0.319774 0.075631 0.00730153 0.000769514
 0.790571 0.177438 0.0266824 0.00481354 0.000495157
 0.872213 0.123925 0.00344811 0.000347871 6.61076e-05
 0.873789 0.124431 0.00174867 2.81133e-05 3.18022e-06
 0.780184 0.21285 0.00690561 6.01875e-05 1.01913e-06
 0.678263 0.294907 0.0261931 0.000631872 5.38588e-06
 0.73021 0.228871 0.0382429 0.00261397 6.13234e-05
 0.639831 0.310828 0.0431911 0.00575991 0.000389627
 0.712968 0.231417 0.0492851 0.00556278 0.000766942
 0.672392 0.272273 0.0462633 0.00806819 0.00100317
 0.61604 0.305823 0.0666822 0.00962239 0.00183277
 0.695493 0.233168 0.05877 0.0107736 0.00179591
 0.689684 0.256297 0.0431025 0.0090417 0.00187499
 0.402949 0.484645 0.09564 0.0134601 0.00330584
 0.48391 0.289935 0.189163 0.0316138 0.00537888
 0.519053 0.316898 0.0990778 0.0546049 0.0103666
pobs_pel_tallas
 0 0 0 0 0 0 0 0 0 0 0 0 0 0 0 0 0 0 0 0 0 0 0 0 0 0 0 0 0 0 0 0 0 0 0 0
 0 0 0 0 0 0 0 0 0 0 0 0 0 0 0 0 0 0 0 0 0 0 0 0 0 0 0 0 0 0 0 0 0 0 0 0
 0 0 0 0 0 0 0 0 0 0 0 0 0 0 0 0 0 0 0 0 0 0 0 0 0 0 0 0 0 0 0 0 0 0 0 0
 0 0 0 0 0 0 0 0 0 0 0 0 0 0 0 0 0 0 0 0 0 0 0 0 0 0 0 0 0 0 0 0 0 0 0 0
 0 0 0 0 0 0 0 0 0 0 0 0 0 0 0 0 0 0 0 0 0 0 0 0 0 0 0 0 0 0 0 0 0 0 0 0
 0 0 0 0 0 0 0 0 0 0 0 0 0 0 0 0 0 0 0 0 0 0 0 0 0 0 0 0 0 0 0 0 0 0 0 0
 0 0 0 0 0 0 0 0 0 0 0 0 0 0 0 0 0 0 0 0 0 0 0 0 0 0 0 0 0 0 0 0 0 0 0 0
 0 0 0 0 0 0 0 0 0 0 0 0 0 0 0 0 0 0 0 0 0 0 0 0 0 0 0 0 0 0 0 0 0 0 0 0
 0 0 0 0 0 0 0 0 0 0 0 0 0 0 0 0 0 0 0 0 0 0 0 0 0 0 0 0 0 0 0 0 0 0 0 0
 0 0 0 0 0 0 0 0 0 0 0 0 0 0 0 0 0 0 0 0 0 0 0 0 0 0 0 0 0 0 0 0 0 0 0 0
 0 0 0 0 0 0 0 0 1.78061e-05 0.00172719 0.00360574 0.0105946 0.0120993 0.0124554 0.0147524 0.0171206 0.0266825 0.0428682 0.0675386 0.121331 0.153587 0.119568 0.100827 0.0573624 0.0630603 0.0341343 0.0324427 0.0444173 0.0211091 0.0280891 0.0125444 0.00206551 0 0 0 0
 0 0 0 0 0 0 0 0 0 0 0 0 0 0 0 0 0 0 0 0 0 0 0 0 0 0 0 0 0 0 0 0 0 0 0 0
 0 0 0 0 0 0 0.0133647 0.0140871 0.0187388 0.0205184 0.03894 0.0496705 0.03968 0.0493445 0.0407372 0.0367815 0.0215668 0.0243155 0.0234873 0.0199281 0.019796 0.0243948 0.0301388 0.0376714 0.0412746 0.0863199 0.0771752 0.113111 0.0741005 0.0525337 0.0229764 0.00759418 0.00175318 0 0 0
 0 0 0 0 0 0 0 0 0 0 0.00219441 0.00772107 0.0458388 0.0604681 0.0671733 0.0775358 0.0609151 0.0617685 0.073594 0.0568108 0.0755445 0.0548602 0.0670107 0.0636378 0.0643287 0.046367 0.0373049 0.0286899 0.0247887 0.0153202 0.00654259 0.00121912 0.000365735 0 0 0
 0 0 0 0 0 0 0 0 0 0 0 0 0.000112435 0.00938835 0.0111873 0.0202946 0.0414886 0.0713402 0.111592 0.104902 0.108894 0.110636 0.117776 0.105296 0.107544 0.0401394 0.0192827 0.0124803 0.00416011 0.0028671 0.000618394 0 0 0 0 0
 0 0 0 0 0 0 0 0 0 0 0.00291406 0.0102884 0.027416 0.0768956 0.0749926 0.110853 0.0956884 0.0897413 0.0766577 0.0534642 0.0500743 0.0551293 0.0594112 0.0620874 0.0668451 0.0424026 0.0208742 0.0120726 0.0048766 0.00582813 0.00118941 0.000297354 0 0 0 0
 0 0.00264628 0.0354308 0.0461629 0.0458689 0.0383711 0.0214643 0.0164657 0.0346957 0.0420465 0.0363128 0.0245516 0.0311673 0.0291091 0.0169068 0.0133784 0.00837989 0.0085269 0.0148486 0.0160247 0.0276389 0.0546898 0.0760071 0.122758 0.109233 0.0665981 0.0333725 0.0166128 0.00676272 0.00308733 0.000882094 0 0 0 0 0
 0 0 0 0 0 0 0 0.000805153 0.000690131 0.00759144 0.0133425 0.0154129 0.00931677 0.000345066 0.00356568 0.00563607 0.00851162 0.0253048 0.0502646 0.0516448 0.0657925 0.0565908 0.0611916 0.0827007 0.0866115 0.110766 0.145733 0.0935128 0.0569358 0.0249597 0.0138026 0.00621118 0.00161031 0.00115022 0 0
 0 0 0 0 0 0 0 0 0 0 0 0 0 0 0 0 0 0 0 0 0 0 0 0 0 0 0 0 0 0 0 0 0 0 0 0
 0.00147267 0.00158595 0.00478618 0.00569244 0.00954404 0.0108468 0.00647125 0.017049 0.0510054 0.094081 0.124002 0.0959785 0.0687766 0.0820023 0.061753 0.0591476 0.0492212 0.0479892 0.0443925 0.0268479 0.0217502 0.0140895 0.0121071 0.0120363 0.00920419 0.00665534 0.0049561 0.00860946 0.00930331 0.0156896 0.0114698 0.00855282 0.00243557 0.00046729 0 2.83206e-05
 0 0 0 0 0.000772559 0.00158375 0.000888443 0.00281984 0.00712685 0.0440552 0.0773331 0.111326 0.0921469 0.0852325 0.0710754 0.0886704 0.0786465 0.0553345 0.0373146 0.0185414 0.00753245 0.00457741 0.012979 0.0271748 0.0457355 0.0583668 0.034881 0.0177882 0.00938659 0.00492506 0.0015258 0.00185414 0.000309023 5.79419e-05 3.86279e-05 0
 0 0.00173294 0.00326652 0 0.00397197 0.00683976 0.00946217 0.0152591 0.00757587 0.0136028 0.0228656 0.0392903 0.0559909 0.0764795 0.0681675 0.0726916 0.0566044 0.0477403 0.0527397 0.0444891 0.0609904 0.0582453 0.0661739 0.0445044 0.0529084 0.0360697 0.0280645 0.0235558 0.0158879 0.00826598 0.00280645 0.00217768 0.000904811 0.00058276 9.20147e-05 0
 0 0 0 0 0 0 0 0 0 0 0 0 0 0 0 0 0 0 0 0 0 0 0 0 0 0 0 0 0 0 0 0 0 0 0 0
 0 0 0 0 0 0 0 0 0 0 0 0 0 0 0 0 0 0 0 0 0 0 0 0 0 0 0 0 0 0 0 0 0 0 0 0
 0 0 0 0 0 0 0 0 0 0 0 0 0 0 0 0 0 0 0 0 0 0 0 0 0 0 0 0 0 0 0 0 0 0 0 0
 0 0 0 0 0 0 0 0 0 0 0 0 0 0 0 0 0 0 0 0 0 0 0 0 0 0 0 0 0 0 0 0 0 0 0 0
 0 0 0 0 0 0 0 0 0 0 0 0 0 0 0 0 0 0 0 0 0 0 0 0 0 0 0 0 0 0 0 0 0 0 0 0
ppred_pel_tallas
 1.01401e-16 2.80372e-05 0.000164538 0.000782104 0.00301108 0.00938972 0.0237178 0.0485309 0.0804493 0.108053 0.117615 0.103819 0.0744801 0.0437957 0.0218692 0.0106804 0.00722837 0.00795122 0.010642 0.0142703 0.0183059 0.0223104 0.0258287 0.0284309 0.0297987 0.0297956 0.0284947 0.0261498 0.0231243 0.019803 0.0165152 0.0134894 0.0108453 0.00861277 0.00676545 0.00525215
 1.01068e-16 3.11977e-05 0.000183098 0.000870349 0.00335087 0.0104493 0.0263943 0.0540067 0.0895241 0.120234 0.130854 0.115459 0.0827294 0.0484423 0.0238099 0.0109985 0.00663023 0.00671295 0.00878382 0.0117229 0.0150064 0.0182493 0.0210701 0.0231138 0.0241216 0.0239889 0.0227875 0.0207402 0.01816 0.0153746 0.0126615 0.0102089 0.00810967 0.00637835 0.0049805 0.00386119
 1.01087e-16 2.1476e-05 0.000126002 0.000598863 0.0023055 0.00718934 0.0181601 0.0371606 0.0616081 0.0827687 0.09015 0.0797117 0.0574811 0.0343951 0.0182773 0.0107477 0.00960891 0.0122001 0.0168259 0.0225866 0.0288442 0.0349262 0.040094 0.0436552 0.0451154 0.0442961 0.0413769 0.0368412 0.0313514 0.025593 0.0201391 0.0153711 0.0114634 0.00841947 0.00613414 0.00445584
 1.01783e-16 2.87029e-05 0.00016845 0.00080071 0.00308274 0.00961318 0.0242822 0.0496854 0.0823617 0.110618 0.120395 0.106248 0.0761667 0.0446755 0.0221017 0.0104539 0.00664285 0.00701296 0.00931102 0.0125101 0.016119 0.0197603 0.0230471 0.0256088 0.027161 0.0275649 0.0268526 0.0252049 0.0228974 0.0202295 0.0174644 0.0147938 0.0123307 0.0101243 0.00818353 0.00649885
 1.01447e-16 3.09877e-05 0.000181866 0.000864494 0.00332832 0.010379 0.0262167 0.0536433 0.0889215 0.119424 0.129971 0.114677 0.0821606 0.0480934 0.0236093 0.0108576 0.00648172 0.00651616 0.00851746 0.0113797 0.0145933 0.0177893 0.0206031 0.022694 0.0238106 0.0238467 0.0228623 0.0210594 0.0187257 0.0161636 0.013629 0.0112964 0.00925296 0.00751604 0.00606009 0.00484302
 1.01547e-16 2.27672e-05 0.000133588 0.000634935 0.0024444 0.00762252 0.0192542 0.0393989 0.0653166 0.0877442 0.0955511 0.0844447 0.060801 0.0361953 0.0188952 0.0105859 0.00890709 0.0110186 0.0151275 0.0203187 0.025994 0.0315512 0.0363347 0.0397269 0.0412813 0.0408268 0.0385055 0.0347263 0.0300561 0.0250848 0.0203081 0.0160584 0.0124928 0.00962466 0.00737682 0.00563438
 1.01099e-16 3.45094e-05 0.000202548 0.000962834 0.00370698 0.0115599 0.0291994 0.0597455 0.0990338 0.132996 0.144718 0.127632 0.0913199 0.0532075 0.0256593 0.0110252 0.00552386 0.0047091 0.00585842 0.00778162 0.0100017 0.0122416 0.014252 0.0158011 0.0167136 0.0169071 0.0164069 0.0153324 0.0138611 0.0121843 0.0104682 0.00883144 0.00734103 0.00602214 0.00487398 0.00388447
 1.00671e-16 2.97868e-05 0.000174809 0.000830933 0.00319908 0.009976 0.0251987 0.051561 0.0854718 0.114798 0.124953 0.110289 0.0791046 0.0464805 0.0231442 0.0111906 0.00742056 0.00803758 0.0106845 0.0142563 0.0181834 0.0220006 0.0252335 0.0274439 0.028321 0.0277554 0.0258651 0.0229608 0.0194657 0.0158164 0.0123769 0.00938738 0.00695505 0.00507773 0.00368383 0.00267263
 1.00634e-16 3.29245e-05 0.000193238 0.00091856 0.00353649 0.0110282 0.0278565 0.0569983 0.094482 0.12689 0.138089 0.121823 0.087245 0.0509976 0.0249002 0.0112224 0.00638273 0.00615482 0.00793555 0.0105531 0.0134818 0.0163577 0.0188304 0.0205769 0.0213645 0.0211036 0.0198677 0.0178695 0.015405 0.0127826 0.0102628 0.00802186 0.00614469 0.00464096 0.00347219 0.00257888
 1.00629e-16 3.16725e-05 0.000185885 0.000883596 0.00340186 0.0106084 0.026796 0.0548287 0.0908868 0.122065 0.132848 0.117221 0.083997 0.0491955 0.0242 0.0112105 0.00679814 0.00690812 0.0090355 0.0120351 0.0153638 0.0186172 0.0213951 0.0233283 0.0241529 0.0237708 0.022273 0.0199113 0.0170321 0.0139953 0.0111028 0.00855695 0.0064521 0.00479382 0.00353091 0.00258781
 1.00945e-16 2.54892e-05 0.000149571 0.000710932 0.00273702 0.00853505 0.0215591 0.0441147 0.0731318 0.0982348 0.106954 0.0944709 0.067909 0.0402041 0.0205796 0.010882 0.0084278 0.0100072 0.0136076 0.0182364 0.0232994 0.0282377 0.0324545 0.0353916 0.036648 0.0360749 0.0338094 0.0302321 0.0258679 0.0212619 0.016872 0.0130052 0.00980554 0.00728237 0.00535908 0.0039219
 1.01465e-16 2.6037e-05 0.000152792 0.00072625 0.00279602 0.00871904 0.0220238 0.0450651 0.074706 0.100345 0.109239 0.0964616 0.0692791 0.0408934 0.020709 0.0105923 0.00778404 0.00899588 0.0121797 0.0163532 0.0209673 0.0255307 0.0295212 0.0324452 0.0339383 0.0338478 0.032264 0.0294859 0.0259393 0.0220735 0.018272 0.0147993 0.0117919 0.00928017 0.00722766 0.00556854
 1.00626e-16 3.44925e-05 0.000202446 0.000962343 0.00370508 0.011554 0.0291844 0.0597151 0.0989842 0.132932 0.144655 0.127591 0.0913227 0.0532741 0.025812 0.0112953 0.00595293 0.00534406 0.00674071 0.0089329 0.0114088 0.0138455 0.0159441 0.0174318 0.0181121 0.0179095 0.0168858 0.0152202 0.0131615 0.0109688 0.00886031 0.00698302 0.00540704 0.00413939 0.00314717 0.00238052
 1.00105e-16 3.80502e-05 0.000223338 0.00106168 0.00408757 0.0127467 0.0321972 0.065879 0.109199 0.146644 0.159558 0.140693 0.100608 0.0585039 0.0279956 0.0116519 0.00527805 0.00394908 0.00464973 0.00606997 0.00770625 0.00929637 0.0106244 0.0115009 0.0117944 0.0114618 0.0105596 0.00922831 0.00765708 0.00604005 0.00453827 0.00325715 0.0022421 0.00148879 0.000960992 0.000608821
 1.00067e-16 3.8119e-05 0.000223742 0.0010636 0.00409495 0.0127698 0.0322553 0.0659981 0.109397 0.146909 0.159846 0.140948 0.10079 0.0586097 0.0280464 0.011673 0.00528736 0.00395512 0.00465518 0.00607453 0.00770796 0.00929208 0.01061 0.0114717 0.0117458 0.0113901 0.010463 0.00910718 0.00751432 0.00588086 0.0043695 0.00308639 0.00207674 0.00133517 0.000823835 0.000490924
 1.0017e-16 3.40409e-05 0.000199792 0.000949718 0.00365646 0.0114023 0.0288014 0.0589318 0.0976868 0.131193 0.14277 0.125948 0.0901901 0.0526996 0.025694 0.0115152 0.00645426 0.00613494 0.00785931 0.0104106 0.0132425 0.0159797 0.0182652 0.0197753 0.0202839 0.0197167 0.0181702 0.0158851 0.013186 0.0104061 0.0078221 0.00561555 0.00386503 0.00256387 0.00165056 0.00104003
 1.0049e-16 2.96001e-05 0.000173713 0.000825717 0.003179 0.00991336 0.0250405 0.0512373 0.0849356 0.114078 0.124172 0.109605 0.0786243 0.0462198 0.0230542 0.0112132 0.00752127 0.00820829 0.0109317 0.0145893 0.0186067 0.0225088 0.0258093 0.0280583 0.0289363 0.0283303 0.0263604 0.0233452 0.0197195 0.0159331 0.0123625 0.00925802 0.00673389 0.00479144 0.00335949 0.0023353
 1.00711e-16 3.18626e-05 0.000187002 0.000888907 0.00342232 0.0106722 0.0269571 0.0551583 0.0914328 0.122797 0.133641 0.117914 0.0844783 0.0494461 0.0242655 0.0111445 0.00662903 0.00663761 0.00865227 0.0115291 0.0147363 0.0178873 0.0206015 0.0225269 0.0234085 0.0231472 0.0218214 0.019661 0.0169865 0.0141329 0.0113835 0.00893049 0.00686744 0.0052066 0.00390811 0.00290929
 1.00931e-16 2.7925e-05 0.000163877 0.000778952 0.00299894 0.00935184 0.0236222 0.0483354 0.0801262 0.107622 0.117153 0.103429 0.0742373 0.0437282 0.021974 0.0109584 0.00770276 0.00866364 0.0116358 0.0155704 0.0198999 0.0241353 0.0277667 0.0303185 0.031448 0.0310256 0.0291636 0.0261807 0.022518 0.0186345 0.0149163 0.011623 0.00887787 0.00669137 0.00500248 0.00371933
 1.01003e-16 3.11109e-05 0.000182588 0.000867925 0.00334153 0.0104202 0.0263207 0.0538563 0.0892747 0.119899 0.13049 0.115139 0.0825022 0.0483137 0.0237551 0.0109873 0.00664326 0.00674264 0.00883008 0.0117887 0.0150953 0.018364 0.0212116 0.0232808 0.02431 0.024192 0.0229961 0.0209435 0.0183467 0.0155342 0.0127851 0.0102911 0.00814854 0.00637597 0.00494245 0.00379563
 1.0107e-16 2.93432e-05 0.000172207 0.000818562 0.00315146 0.00982748 0.0248236 0.0507932 0.0841989 0.113087 0.123089 0.108639 0.0779112 0.045759 0.0227481 0.01094 0.00718184 0.00773534 0.0102844 0.0137521 0.0175942 0.0213727 0.02464 0.026978 0.0280836 0.0278374 0.0263297 0.0238303 0.0207157 0.0173792 0.0141527 0.0112609 0.00881275 0.00682221 0.00524335 0.00400482
 1.01463e-16 2.68874e-05 0.000157786 0.000749995 0.00288745 0.00900416 0.022744 0.0465385 0.0771477 0.103622 0.112801 0.0995925 0.0714963 0.0421388 0.0212226 0.0106636 0.00760037 0.00862865 0.0116315 0.0156033 0.0199983 0.0243416 0.0281337 0.0309035 0.0323049 0.0321946 0.0306622 0.0279969 0.024608 0.0209264 0.0173178 0.0140331 0.0111991 0.00884028 0.00691758 0.00536439
 1.01365e-16 3.0349e-05 0.000178115 0.000846657 0.00325964 0.0101649 0.0256757 0.0525365 0.0870873 0.116963 0.127296 0.112326 0.0804977 0.0471627 0.0232321 0.0108186 0.00664272 0.00682659 0.0089783 0.0120088 0.0154045 0.0187817 0.0217562 0.0239675 0.0251485 0.0251845 0.0241362 0.0222147 0.0197229 0.0169803 0.0142599 0.0117501 0.0095482 0.00767761 0.00611566 0.0048204
 1.01094e-16 3.00966e-05 0.000176631 0.000839599 0.00323246 0.0100801 0.0254616 0.0520986 0.0863621 0.115991 0.126244 0.11141 0.0798697 0.0468515 0.0231838 0.010971 0.00696891 0.00733619 0.00969679 0.0129555 0.0165754 0.0201387 0.0232233 0.0254361 0.0264916 0.0262776 0.0248788 0.0225481 0.0196389 0.0165197 0.0135014 0.0107937 0.00849784 0.00662616 0.00513519 0.00395825
 1.02133e-16 1.7603e-05 0.000103261 0.000490743 0.0018892 0.00589112 0.0148809 0.0304515 0.0504887 0.0678409 0.0739191 0.0654274 0.047327 0.028613 0.0157417 0.0100953 0.00992952 0.0131076 0.0182535 0.0245961 0.031522 0.0383369 0.0442597 0.0485469 0.0506538 0.0503601 0.0478162 0.0434901 0.0380403 0.0321574 0.0264263 0.021246 0.0168141 0.0131637 0.0102236 0.00787869
 1.04118e-16 2.11256e-05 0.000123959 0.000589183 0.00226828 0.00707332 0.0178668 0.0365595 0.0606073 0.0814118 0.0886394 0.0782986 0.0562941 0.0333502 0.0171175 0.00913825 0.00720773 0.00869454 0.0119702 0.016261 0.0211279 0.0261568 0.0308848 0.0348491 0.0376735 0.0391416 0.0392287 0.0380826 0.0359646 0.0331754 0.0299908 0.0266262 0.0232316 0.0199067 0.0167236 0.0137434
 1.03871e-16 2.26588e-05 0.000132959 0.000631963 0.00243299 0.00758695 0.0191643 0.0392143 0.0650082 0.0873229 0.095074 0.0839795 0.0603715 0.035751 0.0183199 0.0097257 0.00759328 0.00908518 0.012435 0.0167898 0.0216549 0.0265671 0.0310222 0.0345338 0.036732 0.0374415 0.0367126 0.0347891 0.0320322 0.0288252 0.0254933 0.0222594 0.0192402 0.016471 0.0139439 0.0116397
pSPR Fmed_Fpbrs
0.535217   0.6 0.325
Fs Fmed_Fpbrs
0.66   0.495754 1.80011
SSBpbr Bo_Bmed_Bpbrs
562545  272957  309400 154700
Ro
27446.7
SPR SPRFo_SPRFmed_SPRFpbrs
568592 304320 184792
log_Ro
10.04
likeval ReclasPelacesDesembMPH_pf_preclas_ppelaces_ptallas_desvR_qrecl_qpela
 72.4441 12.8679 0.0578961 0.000517408 348.825 207.995 60.8483 0 19.2081 1.87872e-05 0.00019007 1.14233e-13 0 0 0
q_reclas_q_pelaces
1.84819 7.10939
M
0.7
N
 28903.2 11925.7 3666.57 446.262 0.18028
 40987.8 13292.2 3151.13 658.212 77.4727
 12022.6 18689.3 3273.84 505.073 113.533
 16944.8 5031.5 2275.23 168.435 29.4886
 39999.2 7978.28 1613.2 557.971 47.4014
 24112.9 19666.3 3650.76 702.103 262.312
 64978.2 10912.2 4552.78 529.518 134.181
 62307.3 30178.7 3126.65 931.376 131.779
 81862.7 27789.1 6197.91 373.856 121.193
 113558 36136.6 5243.83 646.507 48.9888
 65736.3 52196.1 9506.72 934.754 119.801
 46468.3 28831.4 9341.16 910.433 95.5704
 50598.4 20694.7 5850.79 1095.59 112.423
 28591 20889.9 2253.24 251.419 47.826
 13299.2 9927.16 548.082 9.7569 1.10488
 10705.9 4602.95 253.712 2.27499 0.0384079
 7746.65 4528.5 611.667 15.0339 0.127699
 9667.05 3364.79 748.27 51.504 1.20332
 9324.15 4335.08 722.706 96.1756 6.47583
 12998.6 4286.4 1141.82 129.075 17.7173
 18873.9 5916.28 1040.18 178.688 22.0995
 22488 8989.24 2084.61 297.022 56.2809
 36651.3 10640.4 3000.77 545.586 90.4979
 53455.9 17132.6 3214.75 668.67 137.977
 26125.7 25004.8 5205.03 722.788 176.594
 26157.3 12386 8483.37 1398.32 236.669
 24289.7 12415.2 4241.94 2313.92 437.075
pred_Ctot
 1542.94 4159.66 1782.23 221.409 0.0895416
 2422.73 5013.53 1634.35 348.087 41.0127
 1372.98 10957.9 2372.79 370.325 83.2946
 633.714 1314.73 862.009 65.3454 11.4548
 285.027 452.731 144.453 51.5301 4.38488
 1546.13 7883 1989.61 389.801 145.776
 3036.36 3425.38 2023.89 240.576 61.033
 4592.94 13376 1845.5 559.144 79.1834
 6583.67 13081.5 3832.23 234.868 76.2017
 6102.62 12669.8 2559.98 322.132 24.4359
 5560.73 25419.9 6031.15 602.161 77.2374
 3469.6 12894.4 5552.38 550.332 57.8211
 6201.05 12620.1 4353.96 824.076 84.6096
 6313.24 16430.6 1954.91 219.179 41.7036
 2958.92 7826.78 476.144 8.51652 0.964661
 1151.68 2606.97 179.556 1.62999 0.0275365
 703.585 2310.45 401.703 10.0168 0.0851482
 678.037 1439.66 429.6 30.0928 0.70373
 500.174 1517.78 352.402 47.8654 3.22644
 783.964 1641.51 599.635 69.1004 9.49464
 556.399 1260.4 328.102 57.8158 7.16016
 765.12 2167.75 735.339 107.366 20.3706
 1551.93 3082.81 1244.76 231.505 38.4468
 2238.88 4919.36 1323.11 281.547 58.1664
 853.372 5822.61 1779.33 253.272 61.9618
 833.7 2823.82 2845.31 480.825 81.489
 934.897 3323.28 1641.74 916.82 173.394
F
 0.0767739 0.630939 1.01748 1.05138 1.05323
 0.0853252 0.701215 1.13081 1.16849 1.17054
 0.171069 1.40587 2.26717 2.34271 2.34683
 0.0532357 0.437498 0.705531 0.729038 0.730319
 0.00995215 0.0817882 0.131896 0.13629 0.13653
 0.0928639 0.763168 1.23072 1.27173 1.27396
 0.0669156 0.549921 0.88683 0.916378 0.917988
 0.107436 0.882924 1.42385 1.47129 1.47387
 0.117738 0.967591 1.56038 1.61237 1.61521
 0.0773053 0.635306 1.02452 1.05866 1.06052
 0.124186 1.02058 1.64583 1.70067 1.70366
 0.108892 0.894888 1.44314 1.49122 1.49384
 0.184654 1.51751 2.44721 2.52875 2.53319
 0.357818 2.9406 4.74215 4.90015 4.90876
 0.36101 2.96683 4.78445 4.94386 4.95255
 0.160409 1.31826 2.1259 2.19673 2.20059
 0.133897 1.10038 1.77453 1.83365 1.83688
 0.101984 0.838117 1.35159 1.39662 1.39908
 0.0771605 0.634116 1.02261 1.05668 1.05853
 0.0871304 0.71605 1.15474 1.19321 1.19531
 0.0417526 0.343128 0.553345 0.571782 0.572787
 0.0483269 0.397157 0.640475 0.661815 0.662978
 0.0604645 0.496906 0.801335 0.828034 0.829489
 0.0597895 0.491358 0.792388 0.81879 0.820228
 0.046356 0.38096 0.614355 0.634825 0.63594
 0.04521 0.371542 0.599167 0.61913 0.620218
 0.0548261 0.450569 0.726609 0.750819 0.752138
Np
 17787 8519.32 4213.42 1208.61 401.661
YTP_r0W_actual
 7572.67 80755.7 53849.1 36856.2 7924.12
YTP_p0W_proyectada
 3912.27 49360 35802.4 11912.2 8999.27
 3912.27 36827.6 38395.5 14134.5 5400.86
CTP_r0_actual
 934.897 3323.28 1641.74 916.82 173.394
CTP_p0_proyectada
 454.915 2146.09 1105.01 294.128 193.533
 454.915 1601.2 1185.05 348.999 116.147
Wmedp
 8.6 23 32.4 40.5 46.5
nmprior
 10.8 10.6 4.6 0
nm_flota  nm_reclas  nm_pelaces    nm_pelaL
inf 24.0743 15.5358 61.2351
cv_recla  cv_pelaces  cv_mph
0.73711 0.380478 0.607929
 ------------------------------------------------
Talla a la edad & desviaci?n 
 7.2 14.2025 17.0495 18.207 18.6776
 1.08 2.13037 2.55742 2.73105 2.80164
