years
 1997 1998 1999 2000 2001 2002 2003 2004 2005 2006 2007 2008 2009 2010 2011 2012 2013 2014 2015 2016 2017 2018 2019 2020 2021 2022 2023
reclasobs
 0 0 0 370054 412103 1.49427e+06 250295 1.28982e+06 931140 785840 897777 1.04006e+06 184774 17550 25797 100020 73551 82996 120727 218422 84188 347160 605670 569463 516374 1.08416e+06 1.01767e+06
reclaspred
 501833 133213 381174 253670 376001 468108 1.0089e+06 687898 765277 746359 615624 409484 247860 103327 64710.5 65800.8 80940.9 111225 123328 170331 252138 235526 403411 541517 721969 692796 651208
pelacesobs
 0 0 0 0 0 0 0 0 0 2.06254e+06 1.5e+06 0 1.87456e+06 323000 250000 174000 83755 137374 0 501740 490994 745055 786931 1.00524e+06 1.33801e+06 1.41789e+06 1.42762e+06
pelacespred
 2.05277e+06 441463 777646 799427 1.05325e+06 977207 2.68687e+06 2.12607e+06 2.17921e+06 2.1053e+06 1.46756e+06 1.00863e+06 629935 205797 140124 147402 189324 269603 291978 410940 691866 597734 846929 1.30675e+06 1.65974e+06 1.72714e+06 1.61938e+06
mphobs
 0 0 0 0 0 112323 0 153150 637223 0 255016 313432 73983 77613 109348 50772 17779 17303 59886 28197 0 207744 136588 643089 65757 70829 0
mphpred
 148207 86284.2 100371 107968 113582 181910 264153 322622 276102 286074 283462 193049 116519 60502.6 26076.2 22336.1 26654.4 35667.6 45625.4 53434.7 80027.2 96531.3 120187 171047 258532 285073 261430
desembarqueobs
 350755 77701 442110 56441 14545 235359 269955 359681 431902 328805 639364 411747 362871 311530 167758 66681 60226 58785 57116 73181 50977 67692 138656 160484 209506 203330 187013
desembarquepred
 350763 77702.3 442129 56444 14545.2 235427 270005 359689 431956 328829 639444 411892 363077 311779 167665 66685 60252.8 58782.5 57106.6 73180.4 50978.5 67683.6 138660 160492 209496 203316 187009
Reclutas
 42769.8 52226.7 28026.2 40182.3 72391.6 52107.3 91549.9 86713.5 109593 120536 63906.5 42393 46987.2 25055.1 15911.2 15305.9 11319.6 13647.8 15323.2 24518.5 31527.1 39932.2 64822.2 92029.3 49003.9 53363 65935.7
log_desv_Rt
 0.0235865 0.223349 -0.399104 -0.0388174 0.549845 0.221061 0.784639 0.730364 0.964529 1.0597 0.425177 0.0147374 0.117631 -0.511166 -0.965219 -1.00401 -1.30571 -1.11867 -1.00288 -0.532818 -0.281396 -0.0450628 0.439403 0.789863 0.159655 0.244873 0.456435
SSB
 540790 314840 366240 393960 414445 663768 963863 1.17721e+06 1.00746e+06 1.04385e+06 1.03432e+06 704412 425164 220766 95148.9 81501.8 97258.5 130147 166481 194977 292009 352231 438548 624128 943352 1.0402e+06 953926
BT
 1.81928e+06 463004 820990 658530 799634 917476 2.19393e+06 1.99553e+06 2.02492e+06 1.89059e+06 1.67015e+06 1.13065e+06 822286 443614 241193 164386 189697 248723 266671 366064 559244 510952 729234 1.10738e+06 1.40254e+06 1.46798e+06 1.37496e+06
Ftot
 0.597459 0.509896 0.810407 0.172782 0.0336367 0.327668 0.2128 0.403502 0.459286 0.34945 0.690913 0.663195 1.09827 2.0328 2.16689 0.837137 0.596533 0.422184 0.336304 0.346676 0.159554 0.205872 0.24844 0.235693 0.19331 0.191971 0.194518
BD_Bspro_t
 0.929309 0.693949 0.633295 0.47058 0.609971 0.764485 0.719376 0.733682 0.669587 0.633879 0.604017 0.437205 0.323001 0.221162 0.121359 0.126944 0.197 0.317812 0.431664 0.53127 0.653988 0.749505 0.758248 0.766175 0.786788 0.752516 0.728457
BD_Bspro
 0.624919 0.36382 0.423216 0.455248 0.47892 0.76703 1.11381 1.36035 1.16419 1.20624 1.19522 0.813996 0.491306 0.255111 0.109951 0.0941809 0.112389 0.150394 0.192381 0.225309 0.337437 0.407027 0.506772 0.721223 1.09011 1.20202 1.10233
BD_Bo
 0.393476 0.229076 0.266475 0.286644 0.301548 0.482955 0.701302 0.856532 0.733024 0.759501 0.752565 0.512527 0.309347 0.160629 0.0692299 0.0593003 0.0707649 0.0946942 0.121131 0.141864 0.212465 0.256282 0.319085 0.454113 0.686379 0.756842 0.694072
BD_Brms
 0.715411 0.416503 0.484499 0.521171 0.54827 0.878099 1.27509 1.55733 1.33277 1.38091 1.3683 0.931867 0.56245 0.292052 0.125873 0.107819 0.128663 0.172171 0.220238 0.257935 0.386299 0.465967 0.580155 0.82566 1.24796 1.37608 1.26195
S_f
 0.156299 1 1 1 1
 0.156299 1 1 1 1
 0.156299 1 1 1 1
 0.156299 1 1 1 1
 0.156299 1 1 1 1
 0.156299 1 1 1 1
 0.156299 1 1 1 1
 0.156299 1 1 1 1
 0.156299 1 1 1 1
 0.156299 1 1 1 1
 0.156299 1 1 1 1
 0.156299 1 1 1 1
 0.156299 1 1 1 1
 0.156299 1 1 1 1
 0.156299 1 1 1 1
 0.156299 1 1 1 1
 0.156299 1 1 1 1
 0.156299 1 1 1 1
 0.156299 1 1 1 1
 0.156299 1 1 1 1
 0.156299 1 1 1 1
 0.156299 1 1 1 1
 0.156299 1 1 1 1
 0.156299 1 1 1 1
 0.156299 1 1 1 1
 0.156299 1 1 1 1
 0.156299 1 1 1 1
Scru_reclas
 0.733796 1 1 1 1
 0.733796 1 1 1 1
 0.733796 1 1 1 1
 0.733796 1 1 1 1
 0.733796 1 1 1 1
 0.733796 1 1 1 1
 0.733796 1 1 1 1
 0.733796 1 1 1 1
 0.733796 1 1 1 1
 0.733796 1 1 1 1
 0.733796 1 1 1 1
 0.733796 1 1 1 1
 0.733796 1 1 1 1
 0.733796 1 1 1 1
 0.733796 1 1 1 1
 0.733796 1 1 1 1
 0.733796 1 1 1 1
 0.733796 1 1 1 1
 0.733796 1 1 1 1
 0.733796 1 1 1 1
 0.733796 1 1 1 1
 0.733796 1 1 1 1
 0.733796 1 1 1 1
 0.733796 1 1 1 1
 0.733796 1 1 1 1
 0.733796 1 1 1 1
 0.733796 1 1 1 1
Scru_pelaces
 1 1 1 1 1
 1 1 1 1 1
 1 1 1 1 1
 1 1 1 1 1
 1 1 1 1 1
 1 1 1 1 1
 1 1 1 1 1
 1 1 1 1 1
 1 1 1 1 1
 1 1 1 1 1
 1 1 1 1 1
 1 1 1 1 1
 1 1 1 1 1
 1 1 1 1 1
 1 1 1 1 1
 1 1 1 1 1
 1 1 1 1 1
 1 1 1 1 1
 1 1 1 1 1
 1 1 1 1 1
 1 1 1 1 1
 1 1 1 1 1
 1 1 1 1 1
 1 1 1 1 1
 1 1 1 1 1
 1 1 1 1 1
 1 1 1 1 1
pf_obs 
 0.256992 0.487395 0.22802 0.0275931 0
 0.321318 0.546541 0.124235 0.00734118 0.000564706
 0.182869 0.594174 0.210203 0.0122559 0.00049798
 0.330522 0.361315 0.267642 0.0388342 0.00168674
 0.649043 0.306663 0.0425973 0.00169635 0
 0.582887 0.30429 0.105238 0.00758474 0
 0.465427 0.430635 0.0974691 0.00646863 0
 0.296916 0.608066 0.0921331 0.00288517 0
 0.311714 0.524322 0.152257 0.0117073 0
 0.15457 0.633149 0.183074 0.0267441 0.00246327
 0.131901 0.49318 0.331252 0.0422183 0.00144891
 0.196976 0.569456 0.194076 0.0375587 0.00193317
 0.518974 0.381816 0.0799577 0.0180837 0.00116848
 0.0928022 0.601141 0.25162 0.0475244 0.00691264
 0.122501 0.610282 0.24278 0.0234846 0.000952079
 0.383417 0.481906 0.127806 0.00687128 0
 0.0376549 0.599619 0.316969 0.0457579 0
 0.0361596 0.667082 0.258105 0.0386534 0
 0.158088 0.579412 0.248529 0.0139706 0
 0.0477256 0.309471 0.559284 0.082774 0.000745712
 0.0406174 0.521527 0.379366 0.0568643 0.0016247
 0.151134 0.462217 0.34131 0.0453401 0
 0.294876 0.26143 0.354403 0.0886775 0.000613685
 0.281977 0.475581 0.204845 0.0348837 0.00271318
 0.0841818 0.532909 0.334909 0.0458182 0.00218182
 0.115287 0.27431 0.454777 0.147771 0.00785563
 0.0989387 0.350907 0.424855 0.114687 0.0106128
pf_pred 
 0.323201 0.476984 0.178633 0.0211712 1.07634e-05
 0.288874 0.571805 0.0981886 0.0367722 0.00436037
 0.156576 0.648985 0.156345 0.0268471 0.0112466
 0.259078 0.474798 0.204773 0.0493314 0.0120197
 0.294727 0.499629 0.131781 0.056835 0.017028
 0.157766 0.615612 0.160544 0.0423446 0.0237342
 0.268678 0.42714 0.222335 0.0579823 0.0238651
 0.204566 0.574652 0.128951 0.0671216 0.0247092
 0.249595 0.500462 0.180569 0.0405193 0.0288553
 0.234648 0.556441 0.139328 0.05027 0.0193138
 0.135324 0.604495 0.189162 0.0473645 0.023655
 0.146341 0.499748 0.247419 0.0774239 0.0290682
 0.251555 0.451971 0.173561 0.0859281 0.0369845
 0.224168 0.613403 0.0980877 0.0376666 0.0266747
 0.305853 0.588996 0.0831366 0.0132942 0.00872041
 0.33776 0.597805 0.0546739 0.00771721 0.00204352
 0.21392 0.654453 0.118821 0.0108671 0.00194005
 0.253256 0.523016 0.186265 0.0338178 0.00364507
 0.236533 0.555179 0.145884 0.0519549 0.0104495
 0.296181 0.49262 0.15358 0.0403562 0.017263
 0.256365 0.565928 0.124381 0.0387773 0.0145483
 0.236791 0.537414 0.171837 0.0377668 0.0161916
 0.283915 0.491653 0.158034 0.0505309 0.0158672
 0.2727 0.538797 0.129423 0.0416008 0.0174786
 0.11971 0.641486 0.17691 0.0424952 0.0193983
 0.156146 0.412069 0.314651 0.0867751 0.0303589
 0.1955 0.45437 0.170975 0.130554 0.0486009
pobs_RECLAS
 0 0 0 0 0
 0 0 0 0 0
 0 0 0 0 0
 0 0 0 0 0
 0.835266 0.146461 0.0176864 0.000547809 3.91292e-05
 0.385257 0.428462 0.181853 0.0044286 0
 0.867414 0.0963971 0.0333333 0.00285562 0
 0.441836 0.489002 0.0689373 0.000224442 0
 0.779404 0.147425 0.0564933 0.0165055 0.000172143
 0.814271 0.122319 0.05973 0.00367925 0
 0.40263 0.566651 0.0304383 0.000280538 0
 0.475488 0.404961 0.113038 0.00651328 0
 0.955842 0.0263864 0.0167828 0.000988607 0
 0.975058 0.0227948 0.00214734 0 0
 0.738997 0.206755 0.0527124 0.00153531 0
 0.850938 0.134255 0.0134407 0.00136685 0
 0.542534 0.407297 0.0501686 0 0
 0.764087 0.199537 0.0359546 0.000420521 0
 0.470689 0.182191 0.310203 0.0369168 0
 0.84361 0.089868 0.0606195 0.00523954 0.000663233
 0.607945 0.314616 0.071237 0.00620181 0
 0.523733 0.453247 0.0230204 0 0
 0.530135 0.295979 0.169645 0.0042399 0
 0.562478 0.366248 0.0663022 0.0049721 0
 0.250443 0.683176 0.0655157 0.000865301 0
 0.195077 0.31981 0.436473 0.0351445 0.0134964
 0.565238 0.351407 0.0832357 0.000118908 0
ppred_RECLAS
 0.700662 0.210963 0.0790067 0.00936369 4.76049e-06
 0.663888 0.270262 0.0464087 0.0173803 0.00206092
 0.48189 0.398667 0.0960417 0.016492 0.00690873
 0.623706 0.241137 0.103999 0.025054 0.00610446
 0.662759 0.238908 0.0630135 0.0271768 0.0081423
 0.47296 0.385228 0.100463 0.0264977 0.014852
 0.635827 0.212701 0.110715 0.0288732 0.011884
 0.553434 0.322616 0.0723946 0.0376828 0.013872
 0.616892 0.255503 0.0921866 0.0206865 0.0147317
 0.595337 0.294206 0.0736664 0.0265791 0.0102117
 0.436365 0.394037 0.123304 0.0308743 0.0154194
 0.458189 0.317186 0.157035 0.0491403 0.0184494
 0.635515 0.220105 0.0845225 0.0418461 0.018011
 0.635517 0.288174 0.0460812 0.0176956 0.0125317
 0.731842 0.227537 0.0321168 0.00513571 0.00336881
 0.719332 0.253359 0.0231717 0.00327067 0.000866075
 0.571508 0.356742 0.064769 0.00592363 0.00105752
 0.620752 0.265623 0.0945984 0.017175 0.00185121
 0.597616 0.292606 0.076888 0.0273827 0.00550738
 0.668755 0.231846 0.0722806 0.0189932 0.00812464
 0.620179 0.289055 0.0635294 0.019806 0.00743071
 0.595761 0.284645 0.0910147 0.0200035 0.00857602
 0.653826 0.237678 0.0763975 0.0244279 0.00767061
 0.640882 0.266041 0.0639051 0.0205412 0.00863042
 0.392263 0.442871 0.122136 0.0293379 0.0133923
 0.467571 0.259995 0.198529 0.0547507 0.0191549
 0.535638 0.262265 0.0986876 0.0753566 0.0280528
pobs_PELACES
 0 0 0 0 0
 0 0 0 0 0
 0 0 0 0 0
 0 0 0 0 0
 0 0 0 0 0
 0 0 0 0 0
 0 0 0 0 0
 0 0 0 0 0
 0 0 0 0 0
 0 0 0 0 0
 0.450072 0.473896 0.0757376 0.000293798 0
 0 0 0 0 0
 0.463077 0.371075 0.160297 0.00555027 0
 0.529543 0.364841 0.0842815 0.0213345 0
 0.631943 0.363953 0.00410389 0 0
 0.735681 0.248677 0.0153453 0.000297389 0
 0.695825 0.281241 0.0229344 0 0
 0.275771 0.60734 0.115278 0.00161068 0
 0 0 0 0 0
 0.896147 0.0623911 0.0374545 0.00400742 0
 0.803859 0.145111 0.0509908 3.86294e-05 0
 0.739449 0.233085 0.0266225 0.000797448 4.60066e-05
 0.878498 0.100942 0.0204185 0.000141795 0
 0.694673 0.275183 0.0284847 0.00165964 0
 0.469039 0.446079 0.0841089 0.000773354 0
 0.822795 0.102175 0.0682046 0.00682512 0
 0.69333 0.244118 0.0624202 0.000131731 0
ppred_PELACES
 0.790232 0.147837 0.0553659 0.00656184 3.33603e-06
 0.756237 0.196006 0.0336576 0.0126049 0.00149467
 0.613652 0.297281 0.0716172 0.0122979 0.00515176
 0.703274 0.190148 0.0820079 0.0197563 0.00481366
 0.729977 0.19129 0.050454 0.0217601 0.00651941
 0.572605 0.312394 0.0814687 0.0214879 0.012044
 0.716277 0.165713 0.0862569 0.0224948 0.00925867
 0.653945 0.250004 0.0561005 0.0292014 0.0107498
 0.713772 0.190892 0.0688745 0.0154553 0.0110063
 0.688452 0.226508 0.0567155 0.0204632 0.00786196
 0.561182 0.306777 0.0959987 0.0240372 0.0120048
 0.580917 0.245339 0.121464 0.0380094 0.0142703
 0.763372 0.142895 0.054873 0.027167 0.011693
 0.807128 0.152492 0.0243846 0.00936391 0.00663133
 0.871783 0.108794 0.0153563 0.00245558 0.00161076
 0.815139 0.166875 0.015262 0.00215422 0.000570438
 0.682139 0.264636 0.0480465 0.00439423 0.000784484
 0.715004 0.19961 0.0710886 0.0129066 0.00139115
 0.689697 0.225647 0.0592932 0.0211165 0.00424709
 0.751869 0.173673 0.0541444 0.0142275 0.00608606
 0.699361 0.228795 0.0502854 0.015677 0.00588162
 0.680196 0.22519 0.0720039 0.0158252 0.00678469
 0.733918 0.182688 0.0587218 0.0187762 0.0058959
 0.721987 0.205957 0.0494724 0.0159021 0.00668128
 0.481393 0.37792 0.104224 0.0250353 0.0114282
 0.558006 0.215833 0.164808 0.045451 0.0159014
 0.62398 0.212371 0.0799129 0.0610205 0.0227159
pobs_pel_tallas
 0 0 0 0 0 0 0 0 0 0 0 0 0 0 0 0 0 0 0 0 0 0 0 0 0 0 0 0 0 0 0 0 0 0 0 0
 0 0 0 0 0 0 0 0 0 0 0 0 0 0 0 0 0 0 0 0 0 0 0 0 0 0 0 0 0 0 0 0 0 0 0 0
 0 0 0 0 0 0 0 0 0 0 0 0 0 0 0 0 0 0 0 0 0 0 0 0 0 0 0 0 0 0 0 0 0 0 0 0
 0 0 0 0 0 0 0 0 0 0 0 0 0 0 0 0 0 0 0 0 0 0 0 0 0 0 0 0 0 0 0 0 0 0 0 0
 0 0 0 0 0 0 0 0 0 0 0 0 0 0 0 0 0 0 0 0 0 0 0 0 0 0 0 0 0 0 0 0 0 0 0 0
 0 0 0 0 0 0 0 0 0 0 0 0 0 0 0 0 0 0 0 0 0 0 0 0 0 0 0 0 0 0 0 0 0 0 0 0
 0 0 0 0 0 0 0 0 0 0 0 0 0 0 0 0 0 0 0 0 0 0 0 0 0 0 0 0 0 0 0 0 0 0 0 0
 0 0 0 0 0 0 0 0 0 0 0 0 0 0 0 0 0 0 0 0 0 0 0 0 0 0 0 0 0 0 0 0 0 0 0 0
 0 0 0 0 0 0 0 0 0 0 0 0 0 0 0 0 0 0 0 0 0 0 0 0 0 0 0 0 0 0 0 0 0 0 0 0
 0 0 0 0 0 0 0 0 0 0 0 0 0 0 0 0 0 0 0 0 0 0 0 0 0 0 0 0 0 0 0 0 0 0 0 0
 0 0 0 0 0 0 0 0 1.78061e-05 0.00172719 0.00360574 0.0105946 0.0120993 0.0124554 0.0147524 0.0171206 0.0266825 0.0428682 0.0675386 0.121331 0.153587 0.119568 0.100827 0.0573624 0.0630603 0.0341343 0.0324427 0.0444173 0.0211091 0.0280891 0.0125444 0.00206551 0 0 0 0
 0 0 0 0 0 0 0 0 0 0 0 0 0 0 0 0 0 0 0 0 0 0 0 0 0 0 0 0 0 0 0 0 0 0 0 0
 0 0 0 0 0 0 0.0133647 0.0140871 0.0187388 0.0205184 0.03894 0.0496705 0.03968 0.0493445 0.0407372 0.0367815 0.0215668 0.0243155 0.0234873 0.0199281 0.019796 0.0243948 0.0301388 0.0376714 0.0412746 0.0863199 0.0771752 0.113111 0.0741005 0.0525337 0.0229764 0.00759418 0.00175318 0 0 0
 0 0 0 0 0 0 0 0 0 0 0.00219441 0.00772107 0.0458388 0.0604681 0.0671733 0.0775358 0.0609151 0.0617685 0.073594 0.0568108 0.0755445 0.0548602 0.0670107 0.0636378 0.0643287 0.046367 0.0373049 0.0286899 0.0247887 0.0153202 0.00654259 0.00121912 0.000365735 0 0 0
 0 0 0 0 0 0 0 0 0 0 0 0 0.000112435 0.00938835 0.0111873 0.0202946 0.0414886 0.0713402 0.111592 0.104902 0.108894 0.110636 0.117776 0.105296 0.107544 0.0401394 0.0192827 0.0124803 0.00416011 0.0028671 0.000618394 0 0 0 0 0
 0 0 0 0 0 0 0 0 0 0 0.00291406 0.0102884 0.027416 0.0768956 0.0749926 0.110853 0.0956884 0.0897413 0.0766577 0.0534642 0.0500743 0.0551293 0.0594112 0.0620874 0.0668451 0.0424026 0.0208742 0.0120726 0.0048766 0.00582813 0.00118941 0.000297354 0 0 0 0
 0 0.00264628 0.0354308 0.0461629 0.0458689 0.0383711 0.0214643 0.0164657 0.0346957 0.0420465 0.0363128 0.0245516 0.0311673 0.0291091 0.0169068 0.0133784 0.00837989 0.0085269 0.0148486 0.0160247 0.0276389 0.0546898 0.0760071 0.122758 0.109233 0.0665981 0.0333725 0.0166128 0.00676272 0.00308733 0.000882094 0 0 0 0 0
 0 0 0 0 0 0 0 0.000805153 0.000690131 0.00759144 0.0133425 0.0154129 0.00931677 0.000345066 0.00356568 0.00563607 0.00851162 0.0253048 0.0502646 0.0516448 0.0657925 0.0565908 0.0611916 0.0827007 0.0866115 0.110766 0.145733 0.0935128 0.0569358 0.0249597 0.0138026 0.00621118 0.00161031 0.00115022 0 0
 0 0 0 0 0 0 0 0 0 0 0 0 0 0 0 0 0 0 0 0 0 0 0 0 0 0 0 0 0 0 0 0 0 0 0 0
 0.00147267 0.00158595 0.00478618 0.00569244 0.00954404 0.0108468 0.00647125 0.017049 0.0510054 0.094081 0.124002 0.0959785 0.0687766 0.0820023 0.061753 0.0591476 0.0492212 0.0479892 0.0443925 0.0268479 0.0217502 0.0140895 0.0121071 0.0120363 0.00920419 0.00665534 0.0049561 0.00860946 0.00930331 0.0156896 0.0114698 0.00855282 0.00243557 0.00046729 0 2.83206e-05
 0 0 0 0 0.000772559 0.00158375 0.000888443 0.00281984 0.00712685 0.0440552 0.0773331 0.111326 0.0921469 0.0852325 0.0710754 0.0886704 0.0786465 0.0553345 0.0373146 0.0185414 0.00753245 0.00457741 0.012979 0.0271748 0.0457355 0.0583668 0.034881 0.0177882 0.00938659 0.00492506 0.0015258 0.00185414 0.000309023 5.79419e-05 3.86279e-05 0
 0 0.00173294 0.00326652 0 0.00397197 0.00683976 0.00946217 0.0152591 0.00757587 0.0136028 0.0228656 0.0392903 0.0559909 0.0764795 0.0681675 0.0726916 0.0566044 0.0477403 0.0527397 0.0444891 0.0609904 0.0582453 0.0661739 0.0445044 0.0529084 0.0360697 0.0280645 0.0235558 0.0158879 0.00826598 0.00280645 0.00217768 0.000904811 0.00058276 9.20147e-05 0
 0 0 0 0 0 0 0 0 0 0 0 0 0 0 0 0 0 0 0 0 0 0 0 0 0 0 0 0 0 0 0 0 0 0 0 0
 0 0 0 0 0 0 0 0 0 0 0 0 0 0 0 0 0 0 0 0 0 0 0 0 0 0 0 0 0 0 0 0 0 0 0 0
 0 0 0 0 0 0 0 0 0 0 0 0 0 0 0 0 0 0 0 0 0 0 0 0 0 0 0 0 0 0 0 0 0 0 0 0
 0 0 0 0 0 0 0 0 0 0 0 0 0 0 0 0 0 0 0 0 0 0 0 0 0 0 0 0 0 0 0 0 0 0 0 0
 0 0 0 0 0 0 0 0 0 0 0 0 0 0 0 0 0 0 0 0 0 0 0 0 0 0 0 0 0 0 0 0 0 0 0 0
ppred_pel_tallas
 1.0106e-16 3.44766e-05 0.000202355 0.000961917 0.00370345 0.0115489 0.0291715 0.0596886 0.0989394 0.13287 0.14458 0.127511 0.0912339 0.0531588 0.0256384 0.0110209 0.00552871 0.00472026 0.00587589 0.00780661 0.0100356 0.0122857 0.0143068 0.0158663 0.0167877 0.0169876 0.0164903 0.0154142 0.0139365 0.0122487 0.0105174 0.00886265 0.00735292 0.00601513 0.00485015 0.00384723
 1.01045e-16 3.29961e-05 0.000193659 0.000920566 0.00354423 0.0110523 0.0279174 0.0571228 0.0946879 0.127165 0.138385 0.122077 0.0874103 0.0510609 0.0248693 0.0111045 0.00617224 0.00583445 0.00748443 0.00995662 0.0127403 0.0154934 0.0178897 0.0196286 0.0204914 0.0203906 0.0193884 0.0176744 0.0155139 0.0131838 0.010917 0.00886997 0.00711798 0.00567005 0.00449462 0.00354402
 1.01777e-16 2.67829e-05 0.000157173 0.000747085 0.00287624 0.00896923 0.0226557 0.0463579 0.0768481 0.103219 0.112361 0.0992003 0.071207 0.0419528 0.0211005 0.0105562 0.00746791 0.00844396 0.0113778 0.0152735 0.0195967 0.0238867 0.0276591 0.0304558 0.0319378 0.0319612 0.0306057 0.0281431 0.0249617 0.0214703 0.018017 0.0148409 0.0120639 0.00971269 0.00775497 0.00613422
 1.0213e-16 3.06866e-05 0.000180101 0.000856107 0.00329604 0.0102784 0.0259624 0.0531228 0.0880579 0.118262 0.128701 0.113542 0.0813175 0.0475396 0.0232263 0.0104972 0.00602133 0.00587028 0.00763301 0.0102365 0.0132123 0.0162417 0.0190127 0.0212271 0.0226544 0.0231782 0.0228159 0.0217016 0.0200431 0.0180663 0.0159686 0.0138927 0.0119224 0.0100958 0.0084247 0.00691127
 1.01831e-16 3.18509e-05 0.000186936 0.000888605 0.00342117 0.0106686 0.026948 0.0551394 0.0914004 0.12275 0.133582 0.117843 0.0843852 0.0493072 0.0240408 0.0107799 0.00605983 0.00579512 0.00747587 0.00998311 0.012829 0.0156866 0.018241 0.0201978 0.0213374 0.0215615 0.0209122 0.0195512 0.0177125 0.0156429 0.0135509 0.0115787 0.00979821 0.00822626 0.006848 0.00563818
 1.0256e-16 2.49937e-05 0.000146667 0.000697136 0.00268392 0.00836949 0.0211409 0.0432585 0.0717113 0.096323 0.104863 0.0926017 0.066517 0.0392832 0.0199317 0.0102586 0.0076207 0.00886776 0.0120394 0.0161973 0.0208165 0.0254249 0.0295179 0.0326153 0.0343592 0.0345923 0.0333889 0.0310214 0.0278821 0.0243849 0.0208808 0.0176101 0.014695 0.012164 0.00998903 0.00812171
 1.02485e-16 3.12525e-05 0.000183426 0.00087192 0.00335693 0.0104683 0.026442 0.054104 0.0896835 0.120443 0.131067 0.115614 0.0827686 0.0483207 0.0234829 0.0104025 0.00567591 0.00529583 0.00680859 0.00913575 0.0118286 0.0146034 0.0171885 0.019323 0.0208006 0.0215095 0.0214501 0.020721 0.0194836 0.0179167 0.0161781 0.0143843 0.0126078 0.0108885 0.00924958 0.00770959
 1.02384e-16 2.85379e-05 0.000167481 0.000796099 0.00306498 0.0095578 0.0241424 0.0493993 0.0818878 0.109982 0.119707 0.105648 0.0757516 0.0444628 0.0220528 0.0105231 0.00680544 0.00726547 0.00965813 0.012951 0.0166382 0.0203225 0.0235988 0.0260851 0.0274982 0.0277156 0.0267991 0.0249676 0.0225335 0.0198237 0.0171125 0.0145836 0.0123262 0.010355 0.00864217 0.00714671
 1.02086e-16 3.11443e-05 0.000182788 0.000868883 0.00334523 0.0104318 0.0263499 0.0539156 0.089372 0.120027 0.13062 0.115233 0.0825238 0.048235 0.0235475 0.0106099 0.00603862 0.00584358 0.00757457 0.0101402 0.0130638 0.0160233 0.0187049 0.0208123 0.0221194 0.022518 0.0220365 0.0208216 0.0190928 0.0170851 0.0150006 0.0129812 0.0111047 0.00939868 0.00786228 0.00648476
 1.0195e-16 3.00416e-05 0.000176311 0.000838084 0.00322664 0.0100619 0.0254157 0.0520046 0.0862054 0.115778 0.126006 0.111185 0.079676 0.0466727 0.022975 0.0106731 0.0065199 0.00667717 0.00877933 0.0117528 0.0150963 0.0184393 0.0214114 0.0236644 0.0249394 0.025123 0.0242693 0.0225754 0.020325 0.0178162 0.0153015 0.0129527 0.010856 0.00903009 0.00745392 0.00609234
 1.0285e-16 2.44954e-05 0.000143742 0.000683232 0.00263039 0.00820254 0.0207192 0.0423956 0.070281 0.0944021 0.102772 0.0907572 0.0651955 0.0385101 0.0195534 0.0100878 0.00752592 0.00878375 0.0119442 0.0160919 0.0207162 0.0253567 0.029519 0.0327296 0.0346305 0.0350573 0.034069 0.0319171 0.028971 0.0256234 0.0222102 0.0189648 0.0160112 0.0133869 0.0110785 0.00905417
 1.03778e-16 2.53535e-05 0.000148786 0.00070722 0.00272277 0.00849065 0.0214468 0.043884 0.0727463 0.0977074 0.106354 0.0938821 0.0673565 0.0396185 0.0198072 0.00971868 0.0066489 0.00739125 0.00996967 0.0134772 0.0174619 0.0215539 0.0253612 0.0285006 0.0306688 0.0317036 0.0316083 0.0305318 0.0287146 0.0264212 0.023884 0.0212719 0.0186879 0.0161863 0.0137967 0.0115437
 1.02306e-16 3.33051e-05 0.000195478 0.000929224 0.00357758 0.0111564 0.02818 0.0576599 0.0955767 0.128354 0.139667 0.123179 0.0881373 0.0513604 0.0247826 0.0106741 0.00538885 0.00464002 0.00580561 0.00774334 0.00999969 0.0123141 0.0144512 0.0161901 0.0173605 0.0178761 0.017749 0.0170757 0.0160042 0.0146931 0.0132773 0.0118499 0.0104613 0.00913102 0.00786357 0.00666201
 1.01028e-16 3.52134e-05 0.000206681 0.000982482 0.00378263 0.0117958 0.0297952 0.0609647 0.101055 0.13571 0.147671 0.130235 0.0931807 0.0542878 0.0261721 0.0112297 0.00559914 0.00473914 0.00586594 0.00775827 0.00992237 0.01207 0.0139442 0.0153116 0.016003 0.0159514 0.0152053 0.0139118 0.012276 0.0105108 0.00879413 0.00724392 0.00591482 0.0048106 0.00390449 0.00315868
 1.00414e-16 3.80309e-05 0.000223226 0.00106115 0.00408553 0.0127404 0.0321811 0.0658461 0.109144 0.146569 0.159473 0.140611 0.100533 0.0584272 0.0278977 0.0115065 0.00505683 0.00362442 0.00419904 0.00548163 0.00698664 0.00847553 0.00975782 0.0106655 0.0110783 0.0109507 0.0103212 0.00930028 0.00804097 0.00670227 0.00541772 0.00427678 0.00332151 0.00255511 0.00195632 0.00149371
 1.00372e-16 3.55633e-05 0.000208734 0.000992238 0.00382019 0.0119129 0.0300911 0.0615702 0.102059 0.137059 0.149142 0.131538 0.0941264 0.0548654 0.0265 0.0114539 0.0058302 0.00504289 0.00627631 0.00828658 0.0105579 0.0127769 0.0146606 0.0159533 0.0164742 0.0161584 0.015073 0.0133964 0.0113727 0.00925427 0.00725206 0.00550611 0.00408007 0.0029745 0.00214977 0.0015491
 1.00956e-16 2.97679e-05 0.000174701 0.00083042 0.00319712 0.00996987 0.0251832 0.0515291 0.0854183 0.114724 0.124868 0.110203 0.079018 0.0463802 0.0230033 0.0109735 0.00708747 0.00754903 0.0100084 0.0133777 0.0171152 0.0207919 0.0239716 0.026247 0.0273223 0.0270802 0.0256075 0.0231655 0.0201203 0.0168549 0.0136936 0.0108569 0.00845356 0.00649949 0.00495207 0.00374302
 1.01583e-16 3.11984e-05 0.000183105 0.000870386 0.00335102 0.0104498 0.0263955 0.0540089 0.0895269 0.120236 0.130849 0.115439 0.0826815 0.0483469 0.0236386 0.0107123 0.0061816 0.00605078 0.00786412 0.0105229 0.0135398 0.016578 0.0193075 0.0214164 0.0226682 0.0229514 0.0223 0.0208744 0.0189131 0.0166727 0.0143757 0.0121803 0.0101753 0.00839354 0.00683369 0.0054802
 1.0184e-16 3.00959e-05 0.00017663 0.000839599 0.00323247 0.0100801 0.0254617 0.0520985 0.0863612 0.115987 0.126233 0.111385 0.0798179 0.0467531 0.0230096 0.0106808 0.00651343 0.0066622 0.00875738 0.0117242 0.0150615 0.0183996 0.021369 0.0236218 0.0248988 0.0250854 0.0242337 0.0225389 0.0202826 0.017762 0.0152298 0.0128592 0.0107392 0.0088914 0.00729766 0.00592512
 1.01599e-16 3.28048e-05 0.000192538 0.00091524 0.00352373 0.0109884 0.0277559 0.0567922 0.0941394 0.126427 0.137578 0.121354 0.0868704 0.0507008 0.0246111 0.0108505 0.0058403 0.00536536 0.00684 0.00912103 0.0117268 0.0143511 0.0167057 0.0185212 0.0195951 0.0198341 0.0192718 0.0180507 0.01638 0.0144822 0.0125477 0.0107088 0.00903562 0.00754963 0.00624323 0.00509835
 1.01602e-16 3.05174e-05 0.000179104 0.000851362 0.00327776 0.0102214 0.0258184 0.0528285 0.0875711 0.117612 0.128001 0.112945 0.0809333 0.0474025 0.0233214 0.0108115 0.00657231 0.00670208 0.00879502 0.0117581 0.01508 0.0183834 0.0212927 0.0234562 0.0246149 0.0246598 0.0236532 0.0218044 0.0194106 0.0167834 0.0141862 0.0117976 0.00970599 0.00792715 0.00643319 0.00517959
 1.01957e-16 2.96817e-05 0.000174198 0.000828037 0.00318795 0.00994131 0.025111 0.0513811 0.085172 0.11439 0.124496 0.109855 0.0787265 0.0461242 0.0227198 0.0105802 0.00649986 0.00668923 0.00881385 0.0118153 0.0151994 0.0185995 0.0216469 0.0239922 0.0253722 0.0256655 0.0249154 0.0233071 0.0211128 0.0186228 0.0160861 0.0136766 0.0114881 0.00954998 0.00785369 0.00637591
 1.01814e-16 3.20224e-05 0.000187944 0.000893398 0.00343962 0.0107261 0.0270934 0.0554368 0.0918931 0.123411 0.1343 0.11847 0.0848238 0.0495416 0.0241145 0.0107447 0.00594556 0.00560797 0.00720985 0.00963177 0.0123934 0.0151797 0.0176893 0.0196389 0.0208146 0.0211168 0.020578 0.0193446 0.0176326 0.0156723 0.0136605 0.0117342 0.00996658 0.00838089 0.00697143 0.0057225
 1.01629e-16 3.15031e-05 0.000184893 0.000878888 0.00338375 0.0105519 0.0266533 0.0545365 0.0904015 0.12141 0.132128 0.116569 0.083493 0.0488262 0.0238814 0.0108354 0.00626786 0.00614196 0.00797408 0.0106488 0.0136666 0.0166794 0.0193479 0.0213554 0.022467 0.0225815 0.0217508 0.0201579 0.0180646 0.0157461 0.0134352 0.0112903 0.0093907 0.00775257 0.00635448 0.00516123
 1.02997e-16 2.10191e-05 0.000123327 0.00058616 0.00225661 0.00703692 0.017775 0.0363722 0.0602991 0.081005 0.0882151 0.0779682 0.0561529 0.033459 0.0175249 0.00991451 0.00845997 0.0105524 0.0145514 0.0196264 0.0252366 0.0308329 0.0358084 0.0395813 0.0417161 0.0420196 0.0405782 0.0377183 0.0339122 0.0296597 0.0253865 0.0213861 0.0178108 0.0146997 0.0120242 0.00972941
 1.04715e-16 2.43534e-05 0.000142917 0.000679324 0.00261537 0.00815574 0.0206008 0.0421529 0.0698762 0.0938513 0.102154 0.0901668 0.064675 0.0380099 0.0189462 0.00920665 0.00619313 0.00683041 0.00923322 0.012553 0.0163878 0.0204199 0.024308 0.0277077 0.0303304 0.0319957 0.0326552 0.03238 0.0313212 0.0296593 0.0275635 0.0251695 0.0225801 0.0198772 0.0171374 0.0144403
 1.04362e-16 2.72298e-05 0.000159804 0.000759612 0.0029245 0.00911976 0.0230358 0.047135 0.0781338 0.104939 0.114212 0.100787 0.0722422 0.0423543 0.0209183 0.00983789 0.00618194 0.00648567 0.00862009 0.0116268 0.0150634 0.0186015 0.021906 0.0246535 0.0265915 0.0275891 0.0276563 0.0269241 0.0255957 0.0238874 0.0219797 0.0199932 0.0179904 0.015994 0.0140127 0.0120606
pSPR Fmed_Fpbrs
0.445623   0.6 0.325
Fs Fmed_Fpbrs
0.66   0.355789 1.11296
SSBpbr Bo_Bmed_Bpbrs
1.37439e+06  543740  755915 377957
Ro
41772.8
SPR SPRFo_SPRFmed_SPRFpbrs
865375 385631 281247
log_Ro
10.46
likeval ReclasPelacesDesembMPH_pf_preclas_ppelaces_ptallas_desvR_qrecl_qpela
 62.9449 18.0955 0.00904857 0.000603575 350.524 211.584 59.4749 0 16.109 1.5849e-05 3.76559e-05 5.08235e-16 0 0 0
q_reclas_q_pelaces
0.568851 2.39416
M
0.7
N
 42769.8 12158.2 4553.3 539.647 0.274356
 52226.7 19345.3 3321.92 1244.08 147.52
 28026.2 23948.3 5769.32 990.69 415.014
 40182.3 12261.6 5288.27 1273.98 310.408
 72391.6 19422.3 5122.76 2209.37 661.938
 52107.3 35760.1 9325.8 2459.74 1378.69
 91549.9 24583.9 12796.4 3337.15 1373.55
 86713.5 43975.1 9867.94 5136.46 1890.87
 109593 40428.8 14586.9 3273.27 2331.02
 120536 50652.5 12682.9 4576.05 1758.12
 63906.5 56674.6 17735 4440.67 2217.78
 42393 28486.6 14103.4 4413.31 1656.94
 46987.2 18978.9 7288.06 3608.23 1553.03
 25055.1 19652.8 3142.63 1206.8 854.63
 15911.2 9055.34 1278.16 204.387 134.069
 15305.9 5631.32 515.028 72.696 19.2499
 11319.6 6668.48 1210.71 110.729 19.768
 13647.8 5120.74 1823.69 331.103 35.6881
 15323.2 6344.51 1667.15 593.734 119.415
 24518.5 7219.63 2250.8 591.443 252.999
 31527.1 11533.3 2534.83 790.262 296.486
 39932.2 15270.3 4882.65 1073.12 460.076
 64822.2 19201.8 6172.09 1973.51 619.702
 92029.3 30963.8 7437.72 2390.73 1004.47
 49003.9 44047.5 12147.5 2917.92 1331.98
 53363 23610.4 18028.6 4971.96 1739.48
 65935.7 25716 9676.64 7388.97 2750.67
pred_Ctot
 2757.09 4068.95 1523.85 180.603 0.0918182
 2890.45 5721.43 982.467 367.939 43.6295
 2415.52 10012 2411.97 414.176 173.504
 771.158 1413.26 609.518 146.837 35.7771
 273.071 462.917 122.098 52.6589 15.7768
 1876.41 7321.89 1909.46 503.633 282.287
 2157.97 3430.71 1785.75 465.703 191.68
 3825.39 10746 2411.38 1255.17 462.062
 5482.22 10992.4 3966.09 889.984 633.791
 4622.2 10961 2744.54 990.239 380.451
 4733.92 21146.5 6617.31 1656.91 827.504
 3019.98 10313.1 5105.88 1597.76 599.869
 5383.04 9671.76 3714.05 1838.78 791.433
 4994.98 13668 2185.62 839.298 594.374
 3351.96 6455.05 911.127 145.696 95.5705
 1360.24 2407.5 220.185 31.079 8.22971
 728.616 2229.09 404.706 37.0135 6.60788
 629.148 1299.3 462.728 84.0115 9.05521
 566.004 1328.5 349.09 124.324 25.0048
 932.927 1551.68 483.754 127.116 54.376
 559.241 1234.53 271.329 84.5899 31.736
 911.054 2067.7 661.142 145.308 62.2973
 1779.5 3081.56 990.513 316.714 99.4514
 2398.87 4739.65 1138.5 365.95 153.755
 1050.71 5630.44 1552.77 372.988 170.263
 1136.35 2998.83 2289.87 631.504 220.937
 1422.46 3306.01 1244.01 949.914 353.621
F
 0.0933821 0.597459 0.597459 0.597459 0.597459
 0.079696 0.509896 0.509896 0.509896 0.509896
 0.126666 0.810407 0.810407 0.810407 0.810407
 0.0270055 0.172782 0.172782 0.172782 0.172782
 0.00525738 0.0336367 0.0336367 0.0336367 0.0336367
 0.0512141 0.327668 0.327668 0.327668 0.327668
 0.0332603 0.2128 0.2128 0.2128 0.2128
 0.0630668 0.403502 0.403502 0.403502 0.403502
 0.0717859 0.459286 0.459286 0.459286 0.459286
 0.0546186 0.34945 0.34945 0.34945 0.34945
 0.107989 0.690913 0.690913 0.690913 0.690913
 0.103657 0.663195 0.663195 0.663195 0.663195
 0.171658 1.09827 1.09827 1.09827 1.09827
 0.317724 2.0328 2.0328 2.0328 2.0328
 0.338682 2.16689 2.16689 2.16689 2.16689
 0.130843 0.837137 0.837137 0.837137 0.837137
 0.0932374 0.596533 0.596533 0.596533 0.596533
 0.0659867 0.422184 0.422184 0.422184 0.422184
 0.0525639 0.336304 0.336304 0.336304 0.336304
 0.054185 0.346676 0.346676 0.346676 0.346676
 0.0249381 0.159554 0.159554 0.159554 0.159554
 0.0321776 0.205872 0.205872 0.205872 0.205872
 0.0388309 0.24844 0.24844 0.24844 0.24844
 0.0368385 0.235693 0.235693 0.235693 0.235693
 0.0302142 0.19331 0.19331 0.19331 0.19331
 0.0300048 0.191971 0.191971 0.191971 0.191971
 0.0304028 0.194518 0.194518 0.194518 0.194518
Np
 30320.4 14242.2 11050.6 3657.6 1855.16
YTP_r0W_actual
 11522 80336 40803.7 38186.6 16160.5
YTP_p0W_proyectada
 10176.2 160530 74848.3 35205.7 43483.2
 10176.2 71981.9 78677.4 32551.3 18956.2
CTP_r0_actual
 1422.46 3306.01 1244.01 949.914 353.621
CTP_p0_proyectada
 1183.28 6979.57 2310.13 869.277 935.122
 1183.28 3129.65 2428.32 803.736 407.66
Wmedp
 8.6 23 32.4 40.5 46.5
nmprior
 10.8 10.6 4.6 0
nm_flota  nm_reclas  nm_pelaces    nm_pelaL
inf 18.9257 16.4989 67.0169
cv_recla  cv_pelaces  cv_mph
0.687086 0.451192 0.656601
 ------------------------------------------------
Talla a la edad & desviaci?n 
 7.2 14.2025 17.0495 18.207 18.6776
 1.08 2.13037 2.55742 2.73105 2.80164
