years
 1997 1998 1999 2000 2001 2002 2003 2004 2005 2006 2007 2008 2009 2010 2011 2012 2013 2014 2015 2016 2017 2018 2019 2020 2021 2022 2023
reclasobs
 0 0 0 370054 412103 1.49427e+06 250295 1.28982e+06 931140 785840 897777 1.04006e+06 184774 17550 25797 100020 73551 82996 120727 218422 84188 347160 605670 569463 516374 1.08416e+06 1.01767e+06
reclaspred
 3.80812e+06 651997 894135 215614 250914 350492 676743 642358 668210 853009 950532 700533 363336 144479 79690.4 79121.6 80872.8 108186 140626 143409 209211 235052 370521 468047 784315 760059 418559
pelacesobs
 0 0 0 0 0 0 0 0 0 2.06254e+06 1.5e+06 0 1.87456e+06 323000 250000 174000 83755 137374 0 501740 490994 745055 786931 1.00524e+06 1.33801e+06 1.41789e+06 1.42762e+06
pelacespred
 7.78944e+06 3.24673e+06 916340 528640 775831 627726 2.1342e+06 1.91586e+06 1.80205e+06 2.54999e+06 2.20247e+06 1.63399e+06 932815 301466 170292 169448 177170 258291 321775 298631 583183 594878 697087 1.08328e+06 1.7429e+06 1.65186e+06 784869
mphobs
 0 0 0 0 0 112323 0 153150 637223 0 255016 313432 73983 77613 109348 50772 17779 17303 59886 28197 0 207744 136588 643089 65757 70829 0
mphpred
 705583 294142 167595 62397.4 46743.5 133278 150429 281303 246318 271128 376354 258087 156161 94871 44768.3 32132.9 28412.5 33606.9 45480.6 43397.4 54706.9 75707.2 87535.7 122428 210738 200175 131274
desembarqueobs
 350755 77701 442110 56441 14545 235359 269955 359681 431902 328805 639364 411747 362871 311530 167758 66681 60226 58785 57116 73181 50977 67692 138656 160484 209506 203330 187013
desembarquepred
 350738 77669.6 441484 56412.1 14542.9 235182 269890 359097 431389 328501 638183 411031 362137 310944 167236 66603.6 60189.9 58697.4 57032.5 73089.1 50958.2 67615.4 138528 160364 209308 203057 186770
Reclutas
 13929.3 29915.4 2524.02 5796.96 38214.8 14046.3 64587.4 56583.5 64696.5 113797 65790.6 47195.6 57417 29207.1 12367.1 9282.86 6976.27 9049.41 7773.51 8960.62 15734.7 17540.5 28528.9 46228.6 21523.2 18986.5 6088.16
log_desv_Rt
 -0.378251 0.386129 -2.08639 -1.25491 0.630977 -0.369888 1.15577 1.02347 1.15746 1.72217 1.17423 0.842055 1.0381 0.362166 -0.497206 -0.784075 -1.06973 -0.809545 -0.961523 -0.819405 -0.256378 -0.147732 0.338672 0.821354 0.0568858 -0.0685149 -1.2059
SSB
 1.02322e+06 426559 243044 90487.5 67786.5 193278 218149 407939 357205 393185 545780 374273 226461 137580 64922.1 46598.5 41203.2 48736 65955 62934 79334.9 109789 126943 177542 305608 290290 190371
BT
 1.57116e+06 560225 371454 147443 254051 304695 1.0447e+06 941911 985618 1.13177e+06 1.15772e+06 806203 678343 392116 198062 104889 102754 128349 120942 135306 209511 183207 261186 419840 515870 462211 282374
Ftot
 0.306381 0.488101 1.6002 1.03012 0.279684 1.77953 1.67478 1.76666 2.10114 1.40794 1.94146 1.80068 3.12269 4.95303 4.95303 2.37751 2.24345 1.79491 1.22167 1.60927 0.85684 0.921678 1.20995 1.17118 0.819198 0.902799 1.3829
BD_Bspro_t
 0.961239 0.748735 0.531646 0.183023 0.237555 0.515036 0.387991 0.486289 0.403976 0.387086 0.429428 0.281842 0.192321 0.138967 0.0795758 0.0708611 0.0870482 0.140997 0.224316 0.259852 0.337295 0.477286 0.469544 0.479272 0.539813 0.451729 0.340801
BD_Bspro
 2.42917 1.01267 0.576995 0.214821 0.160928 0.458849 0.517895 0.968464 0.848019 0.933436 1.2957 0.888538 0.537627 0.32662 0.154128 0.110627 0.097818 0.115701 0.15658 0.149408 0.188344 0.260644 0.301366 0.421493 0.725524 0.68916 0.451949
BD_Bo
 2.00279 0.834921 0.475719 0.177115 0.132681 0.37831 0.426992 0.798476 0.699172 0.769596 1.06828 0.732579 0.443261 0.269291 0.127075 0.091209 0.0806487 0.095393 0.129096 0.123183 0.155285 0.214895 0.24847 0.347511 0.598178 0.568197 0.372622
BD_Brms
 3.64144 1.51804 0.864943 0.322027 0.241239 0.687837 0.77635 1.45177 1.27122 1.39927 1.94232 1.33196 0.805929 0.48962 0.231045 0.165835 0.146634 0.173442 0.234721 0.223969 0.282337 0.390717 0.451763 0.631838 1.0876 1.03309 0.677494
S_f
 0.0774331 0.740605 0.989809 0.999697 0.999991
 0.0774331 0.740605 0.989809 0.999697 0.999991
 0.0774331 0.740605 0.989809 0.999697 0.999991
 0.0774331 0.740605 0.989809 0.999697 0.999991
 0.0774331 0.740605 0.989809 0.999697 0.999991
 0.0774331 0.740605 0.989809 0.999697 0.999991
 0.0774331 0.740605 0.989809 0.999697 0.999991
 0.0774331 0.740605 0.989809 0.999697 0.999991
 0.0774331 0.740605 0.989809 0.999697 0.999991
 0.0774331 0.740605 0.989809 0.999697 0.999991
 0.0774331 0.740605 0.989809 0.999697 0.999991
 0.0774331 0.740605 0.989809 0.999697 0.999991
 0.0774331 0.740605 0.989809 0.999697 0.999991
 0.0774331 0.740605 0.989809 0.999697 0.999991
 0.0774331 0.740605 0.989809 0.999697 0.999991
 0.0774331 0.740605 0.989809 0.999697 0.999991
 0.0774331 0.740605 0.989809 0.999697 0.999991
 0.0774331 0.740605 0.989809 0.999697 0.999991
 0.0774331 0.740605 0.989809 0.999697 0.999991
 0.0774331 0.740605 0.989809 0.999697 0.999991
 0.0774331 0.740605 0.989809 0.999697 0.999991
 0.0774331 0.740605 0.989809 0.999697 0.999991
 0.0774331 0.740605 0.989809 0.999697 0.999991
 0.0774331 0.740605 0.989809 0.999697 0.999991
 0.0774331 0.740605 0.989809 0.999697 0.999991
 0.0774331 0.740605 0.989809 0.999697 0.999991
 0.0774331 0.740605 0.989809 0.999697 0.999991
Scru_reclas
 0.10726 0.376814 0.75266 0.938704 0.987191
 0.10726 0.376814 0.75266 0.938704 0.987191
 0.10726 0.376814 0.75266 0.938704 0.987191
 0.10726 0.376814 0.75266 0.938704 0.987191
 0.10726 0.376814 0.75266 0.938704 0.987191
 0.10726 0.376814 0.75266 0.938704 0.987191
 0.10726 0.376814 0.75266 0.938704 0.987191
 0.10726 0.376814 0.75266 0.938704 0.987191
 0.10726 0.376814 0.75266 0.938704 0.987191
 0.10726 0.376814 0.75266 0.938704 0.987191
 0.10726 0.376814 0.75266 0.938704 0.987191
 0.10726 0.376814 0.75266 0.938704 0.987191
 0.10726 0.376814 0.75266 0.938704 0.987191
 0.10726 0.376814 0.75266 0.938704 0.987191
 0.10726 0.376814 0.75266 0.938704 0.987191
 0.10726 0.376814 0.75266 0.938704 0.987191
 0.10726 0.376814 0.75266 0.938704 0.987191
 0.10726 0.376814 0.75266 0.938704 0.987191
 0.10726 0.376814 0.75266 0.938704 0.987191
 0.10726 0.376814 0.75266 0.938704 0.987191
 0.10726 0.376814 0.75266 0.938704 0.987191
 0.10726 0.376814 0.75266 0.938704 0.987191
 0.10726 0.376814 0.75266 0.938704 0.987191
 0.10726 0.376814 0.75266 0.938704 0.987191
 0.10726 0.376814 0.75266 0.938704 0.987191
 0.10726 0.376814 0.75266 0.938704 0.987191
 0.10726 0.376814 0.75266 0.938704 0.987191
Scru_pelaces
 0.206608 0.567203 0.868343 0.970754 0.994049
 0.206608 0.567203 0.868343 0.970754 0.994049
 0.206608 0.567203 0.868343 0.970754 0.994049
 0.206608 0.567203 0.868343 0.970754 0.994049
 0.206608 0.567203 0.868343 0.970754 0.994049
 0.206608 0.567203 0.868343 0.970754 0.994049
 0.206608 0.567203 0.868343 0.970754 0.994049
 0.206608 0.567203 0.868343 0.970754 0.994049
 0.206608 0.567203 0.868343 0.970754 0.994049
 0.206608 0.567203 0.868343 0.970754 0.994049
 0.206608 0.567203 0.868343 0.970754 0.994049
 0.206608 0.567203 0.868343 0.970754 0.994049
 0.206608 0.567203 0.868343 0.970754 0.994049
 0.206608 0.567203 0.868343 0.970754 0.994049
 0.206608 0.567203 0.868343 0.970754 0.994049
 0.206608 0.567203 0.868343 0.970754 0.994049
 0.206608 0.567203 0.868343 0.970754 0.994049
 0.206608 0.567203 0.868343 0.970754 0.994049
 0.206608 0.567203 0.868343 0.970754 0.994049
 0.206608 0.567203 0.868343 0.970754 0.994049
 0.206608 0.567203 0.868343 0.970754 0.994049
 0.206608 0.567203 0.868343 0.970754 0.994049
 0.206608 0.567203 0.868343 0.970754 0.994049
 0.206608 0.567203 0.868343 0.970754 0.994049
 0.206608 0.567203 0.868343 0.970754 0.994049
 0.206608 0.567203 0.868343 0.970754 0.994049
 0.206608 0.567203 0.868343 0.970754 0.994049
pf_obs 
 0.256992 0.487395 0.22802 0.0275931 0
 0.321318 0.546541 0.124235 0.00734118 0.000564706
 0.182869 0.594174 0.210203 0.0122559 0.00049798
 0.330522 0.361315 0.267642 0.0388342 0.00168674
 0.649043 0.306663 0.0425973 0.00169635 0
 0.582887 0.30429 0.105238 0.00758474 0
 0.465427 0.430635 0.0974691 0.00646863 0
 0.296916 0.608066 0.0921331 0.00288517 0
 0.311714 0.524322 0.152257 0.0117073 0
 0.15457 0.633149 0.183074 0.0267441 0.00246327
 0.131901 0.49318 0.331252 0.0422183 0.00144891
 0.196976 0.569456 0.194076 0.0375587 0.00193317
 0.518974 0.381816 0.0799577 0.0180837 0.00116848
 0.0928022 0.601141 0.25162 0.0475244 0.00691264
 0.122501 0.610282 0.24278 0.0234846 0.000952079
 0.383417 0.481906 0.127806 0.00687128 0
 0.0376549 0.599619 0.316969 0.0457579 0
 0.0361596 0.667082 0.258105 0.0386534 0
 0.158088 0.579412 0.248529 0.0139706 0
 0.0477256 0.309471 0.559284 0.082774 0.000745712
 0.0406174 0.521527 0.379366 0.0568643 0.0016247
 0.151134 0.462217 0.34131 0.0453401 0
 0.294876 0.26143 0.354403 0.0886775 0.000613685
 0.281977 0.475581 0.204845 0.0348837 0.00271318
 0.0841818 0.532909 0.334909 0.0458182 0.00218182
 0.115287 0.27431 0.454777 0.147771 0.00785563
 0.0989387 0.350907 0.424855 0.114687 0.0106128
pf_pred 
 0.0343038 0.638619 0.288677 0.0383967 3.76765e-06
 0.116788 0.21973 0.484617 0.158077 0.020788
 0.0172371 0.617099 0.117751 0.181698 0.0662145
 0.147366 0.203657 0.485086 0.0535168 0.110374
 0.541275 0.332299 0.0415995 0.0636679 0.0211588
 0.103036 0.826705 0.0552111 0.00498969 0.0100583
 0.533736 0.311959 0.147353 0.00548979 0.0014632
 0.239846 0.726776 0.0260514 0.00700242 0.000323479
 0.283159 0.607588 0.106532 0.00213384 0.000587083
 0.360096 0.570508 0.0634236 0.00582699 0.000145204
 0.165675 0.747666 0.080792 0.00537063 0.000496165
 0.180635 0.649915 0.159477 0.0093126 0.000660696
 0.330291 0.546496 0.10767 0.0146474 0.000895919
 0.25949 0.704227 0.0331482 0.00275083 0.000384058
 0.255355 0.722524 0.0218109 0.000284551 2.55844e-05
 0.286044 0.690567 0.0231926 0.000194438 2.62884e-06
 0.230032 0.695588 0.0731548 0.00121513 1.00515e-05
 0.308601 0.600602 0.0861149 0.0046074 7.5207e-05
 0.203515 0.706706 0.0828164 0.00661153 0.000351686
 0.24 0.592949 0.15489 0.0112327 0.000927893
 0.307567 0.580438 0.0963436 0.0145335 0.00111783
 0.212559 0.658795 0.114135 0.0125094 0.00200179
 0.280168 0.551331 0.149484 0.0169012 0.00211563
 0.302568 0.589967 0.0903555 0.0152085 0.00190102
 0.102591 0.762756 0.12091 0.0115869 0.00215647
 0.124883 0.492911 0.342131 0.0360387 0.00403601
 0.0642636 0.616412 0.211948 0.0962727 0.011104
pobs_RECLAS
 0 0 0 0 0
 0 0 0 0 0
 0 0 0 0 0
 0 0 0 0 0
 0.835266 0.146461 0.0176864 0.000547809 3.91292e-05
 0.385257 0.428462 0.181853 0.0044286 0
 0.867414 0.0963971 0.0333333 0.00285562 0
 0.441836 0.489002 0.0689373 0.000224442 0
 0.779404 0.147425 0.0564933 0.0165055 0.000172143
 0.814271 0.122319 0.05973 0.00367925 0
 0.40263 0.566651 0.0304383 0.000280538 0
 0.475488 0.404961 0.113038 0.00651328 0
 0.955842 0.0263864 0.0167828 0.000988607 0
 0.975058 0.0227948 0.00214734 0 0
 0.738997 0.206755 0.0527124 0.00153531 0
 0.850938 0.134255 0.0134407 0.00136685 0
 0.542534 0.407297 0.0501686 0 0
 0.764087 0.199537 0.0359546 0.000420521 0
 0.470689 0.182191 0.310203 0.0369168 0
 0.84361 0.089868 0.0606195 0.00523954 0.000663233
 0.607945 0.314616 0.071237 0.00620181 0
 0.523733 0.453247 0.0230204 0 0
 0.530135 0.295979 0.169645 0.0042399 0
 0.562478 0.366248 0.0663022 0.0049721 0
 0.250443 0.683176 0.0655157 0.000865301 0
 0.195077 0.31981 0.436473 0.0351445 0.0134964
 0.565238 0.351407 0.0832357 0.000118908 0
ppred_RECLAS
 0.0768249 0.518118 0.347921 0.0571303 5.89365e-06
 0.204834 0.138205 0.450507 0.181378 0.0250764
 0.0415439 0.486564 0.130066 0.247145 0.0946809
 0.261224 0.124575 0.429206 0.0583907 0.126604
 0.730024 0.162581 0.0302548 0.0571667 0.0199736
 0.256736 0.660952 0.0611103 0.00679737 0.0144043
 0.75645 0.143501 0.0944998 0.00433451 0.00121449
 0.490484 0.477567 0.0237199 0.00784741 0.00038109
 0.547877 0.363234 0.086153 0.00212175 0.000613653
 0.616742 0.32593 0.0513626 0.00581386 0.000152306
 0.377285 0.536278 0.0793201 0.00648644 0.000629945
 0.388715 0.447691 0.151866 0.010914 0.000813985
 0.636837 0.282052 0.0688925 0.0114806 0.000738099
 0.6455 0.336397 0.0162265 0.00163647 0.000240093
 0.640845 0.348197 0.0107714 0.00017078 1.61358e-05
 0.570667 0.410876 0.018266 0.000188112 2.67346e-06
 0.487916 0.447778 0.0630084 0.00128622 1.11843e-05
 0.569707 0.355152 0.0704234 0.00463719 7.95717e-05
 0.417171 0.491711 0.0825411 0.00812228 0.000454206
 0.46916 0.378838 0.138555 0.012373 0.00107447
 0.53994 0.356451 0.0862592 0.0160512 0.00129791
 0.417803 0.450741 0.113527 0.0153468 0.00258185
 0.507743 0.339506 0.131943 0.0183883 0.00241983
 0.541887 0.360261 0.0792477 0.0164434 0.0021608
 0.23271 0.60694 0.140492 0.0166089 0.00324974
 0.252064 0.346813 0.350258 0.0455075 0.00535791
 0.148034 0.474784 0.231752 0.129703 0.0157268
pobs_PELACES
 0 0 0 0 0
 0 0 0 0 0
 0 0 0 0 0
 0 0 0 0 0
 0 0 0 0 0
 0 0 0 0 0
 0 0 0 0 0
 0 0 0 0 0
 0 0 0 0 0
 0 0 0 0 0
 0.450072 0.473896 0.0757376 0.000293798 0
 0 0 0 0 0
 0.463077 0.371075 0.160297 0.00555027 0
 0.529543 0.364841 0.0842815 0.0213345 0
 0.631943 0.363953 0.00410389 0 0
 0.735681 0.248677 0.0153453 0.000297389 0
 0.695825 0.281241 0.0229344 0 0
 0.275771 0.60734 0.115278 0.00161068 0
 0 0 0 0 0
 0.896147 0.0623911 0.0374545 0.00400742 0
 0.803859 0.145111 0.0509908 3.86294e-05 0
 0.739449 0.233085 0.0266225 0.000797448 4.60066e-05
 0.878498 0.100942 0.0204185 0.000141795 0
 0.694673 0.275183 0.0284847 0.00165964 0
 0.469039 0.446079 0.0841089 0.000773354 0
 0.822795 0.102175 0.0682046 0.00682512 0
 0.69333 0.244118 0.0624202 0.000131731 0
ppred_PELACES
 0.114082 0.562248 0.282175 0.0414913 4.16763e-06
 0.325094 0.154044 0.369717 0.133213 0.0179323
 0.0884877 0.570597 0.102491 0.173656 0.064768
 0.436303 0.129779 0.314868 0.0382678 0.0807831
 0.807581 0.132203 0.0184271 0.0311815 0.0106078
 0.404591 0.551405 0.0337551 0.00334604 0.00690296
 0.869341 0.0893285 0.0392856 0.00160641 0.000438195
 0.649702 0.335828 0.0110556 0.0032597 0.00015411
 0.725397 0.237292 0.0362915 0.000795681 0.000224029
 0.746552 0.226552 0.0243718 0.00246148 6.27791e-05
 0.554923 0.403026 0.0389464 0.00283678 0.000268205
 0.570678 0.346337 0.0776514 0.0049729 0.000361071
 0.830545 0.145136 0.021017 0.0031076 0.000194478
 0.87605 0.120679 0.00296884 0.000264082 3.77076e-05
 0.87266 0.125333 0.0019774 2.76521e-05 2.54272e-06
 0.744127 0.248835 0.00697289 6.38708e-05 8.83664e-07
 0.676126 0.296772 0.0266143 0.000483438 4.09228e-06
 0.727481 0.239273 0.0313741 0.001841 3.07544e-05
 0.557218 0.392837 0.045711 0.00401592 0.000218643
 0.640179 0.284045 0.0697526 0.00555418 0.000469569
 0.660121 0.282322 0.048801 0.00811716 0.000639042
 0.546535 0.376597 0.0673928 0.00814165 0.00133356
 0.656054 0.263056 0.0709337 0.00882638 0.00113084
 0.677279 0.272312 0.0416954 0.0077254 0.00098837
 0.330936 0.563792 0.0935077 0.00988246 0.00188262
 0.384808 0.339569 0.244038 0.0283374 0.00324833
 0.262094 0.485356 0.162061 0.0809343 0.00955415
pobs_pel_tallas
 0 0 0 0 0 0 0 0 0 0 0 0 0 0 0 0 0 0 0 0 0 0 0 0 0 0 0 0 0 0 0 0 0 0 0 0
 0 0 0 0 0 0 0 0 0 0 0 0 0 0 0 0 0 0 0 0 0 0 0 0 0 0 0 0 0 0 0 0 0 0 0 0
 0 0 0 0 0 0 0 0 0 0 0 0 0 0 0 0 0 0 0 0 0 0 0 0 0 0 0 0 0 0 0 0 0 0 0 0
 0 0 0 0 0 0 0 0 0 0 0 0 0 0 0 0 0 0 0 0 0 0 0 0 0 0 0 0 0 0 0 0 0 0 0 0
 0 0 0 0 0 0 0 0 0 0 0 0 0 0 0 0 0 0 0 0 0 0 0 0 0 0 0 0 0 0 0 0 0 0 0 0
 0 0 0 0 0 0 0 0 0 0 0 0 0 0 0 0 0 0 0 0 0 0 0 0 0 0 0 0 0 0 0 0 0 0 0 0
 0 0 0 0 0 0 0 0 0 0 0 0 0 0 0 0 0 0 0 0 0 0 0 0 0 0 0 0 0 0 0 0 0 0 0 0
 0 0 0 0 0 0 0 0 0 0 0 0 0 0 0 0 0 0 0 0 0 0 0 0 0 0 0 0 0 0 0 0 0 0 0 0
 0 0 0 0 0 0 0 0 0 0 0 0 0 0 0 0 0 0 0 0 0 0 0 0 0 0 0 0 0 0 0 0 0 0 0 0
 0 0 0 0 0 0 0 0 0 0 0 0 0 0 0 0 0 0 0 0 0 0 0 0 0 0 0 0 0 0 0 0 0 0 0 0
 0 0 0 0 0 0 0 0 1.78061e-05 0.00172719 0.00360574 0.0105946 0.0120993 0.0124554 0.0147524 0.0171206 0.0266825 0.0428682 0.0675386 0.121331 0.153587 0.119568 0.100827 0.0573624 0.0630603 0.0341343 0.0324427 0.0444173 0.0211091 0.0280891 0.0125444 0.00206551 0 0 0 0
 0 0 0 0 0 0 0 0 0 0 0 0 0 0 0 0 0 0 0 0 0 0 0 0 0 0 0 0 0 0 0 0 0 0 0 0
 0 0 0 0 0 0 0.0133647 0.0140871 0.0187388 0.0205184 0.03894 0.0496705 0.03968 0.0493445 0.0407372 0.0367815 0.0215668 0.0243155 0.0234873 0.0199281 0.019796 0.0243948 0.0301388 0.0376714 0.0412746 0.0863199 0.0771752 0.113111 0.0741005 0.0525337 0.0229764 0.00759418 0.00175318 0 0 0
 0 0 0 0 0 0 0 0 0 0 0.00219441 0.00772107 0.0458388 0.0604681 0.0671733 0.0775358 0.0609151 0.0617685 0.073594 0.0568108 0.0755445 0.0548602 0.0670107 0.0636378 0.0643287 0.046367 0.0373049 0.0286899 0.0247887 0.0153202 0.00654259 0.00121912 0.000365735 0 0 0
 0 0 0 0 0 0 0 0 0 0 0 0 0.000112435 0.00938835 0.0111873 0.0202946 0.0414886 0.0713402 0.111592 0.104902 0.108894 0.110636 0.117776 0.105296 0.107544 0.0401394 0.0192827 0.0124803 0.00416011 0.0028671 0.000618394 0 0 0 0 0
 0 0 0 0 0 0 0 0 0 0 0.00291406 0.0102884 0.027416 0.0768956 0.0749926 0.110853 0.0956884 0.0897413 0.0766577 0.0534642 0.0500743 0.0551293 0.0594112 0.0620874 0.0668451 0.0424026 0.0208742 0.0120726 0.0048766 0.00582813 0.00118941 0.000297354 0 0 0 0
 0 0.00264628 0.0354308 0.0461629 0.0458689 0.0383711 0.0214643 0.0164657 0.0346957 0.0420465 0.0363128 0.0245516 0.0311673 0.0291091 0.0169068 0.0133784 0.00837989 0.0085269 0.0148486 0.0160247 0.0276389 0.0546898 0.0760071 0.122758 0.109233 0.0665981 0.0333725 0.0166128 0.00676272 0.00308733 0.000882094 0 0 0 0 0
 0 0 0 0 0 0 0 0.000805153 0.000690131 0.00759144 0.0133425 0.0154129 0.00931677 0.000345066 0.00356568 0.00563607 0.00851162 0.0253048 0.0502646 0.0516448 0.0657925 0.0565908 0.0611916 0.0827007 0.0866115 0.110766 0.145733 0.0935128 0.0569358 0.0249597 0.0138026 0.00621118 0.00161031 0.00115022 0 0
 0 0 0 0 0 0 0 0 0 0 0 0 0 0 0 0 0 0 0 0 0 0 0 0 0 0 0 0 0 0 0 0 0 0 0 0
 0.00147267 0.00158595 0.00478618 0.00569244 0.00954404 0.0108468 0.00647125 0.017049 0.0510054 0.094081 0.124002 0.0959785 0.0687766 0.0820023 0.061753 0.0591476 0.0492212 0.0479892 0.0443925 0.0268479 0.0217502 0.0140895 0.0121071 0.0120363 0.00920419 0.00665534 0.0049561 0.00860946 0.00930331 0.0156896 0.0114698 0.00855282 0.00243557 0.00046729 0 2.83206e-05
 0 0 0 0 0.000772559 0.00158375 0.000888443 0.00281984 0.00712685 0.0440552 0.0773331 0.111326 0.0921469 0.0852325 0.0710754 0.0886704 0.0786465 0.0553345 0.0373146 0.0185414 0.00753245 0.00457741 0.012979 0.0271748 0.0457355 0.0583668 0.034881 0.0177882 0.00938659 0.00492506 0.0015258 0.00185414 0.000309023 5.79419e-05 3.86279e-05 0
 0 0.00173294 0.00326652 0 0.00397197 0.00683976 0.00946217 0.0152591 0.00757587 0.0136028 0.0228656 0.0392903 0.0559909 0.0764795 0.0681675 0.0726916 0.0566044 0.0477403 0.0527397 0.0444891 0.0609904 0.0582453 0.0661739 0.0445044 0.0529084 0.0360697 0.0280645 0.0235558 0.0158879 0.00826598 0.00280645 0.00217768 0.000904811 0.00058276 9.20147e-05 0
 0 0 0 0 0 0 0 0 0 0 0 0 0 0 0 0 0 0 0 0 0 0 0 0 0 0 0 0 0 0 0 0 0 0 0 0
 0 0 0 0 0 0 0 0 0 0 0 0 0 0 0 0 0 0 0 0 0 0 0 0 0 0 0 0 0 0 0 0 0 0 0 0
 0 0 0 0 0 0 0 0 0 0 0 0 0 0 0 0 0 0 0 0 0 0 0 0 0 0 0 0 0 0 0 0 0 0 0 0
 0 0 0 0 0 0 0 0 0 0 0 0 0 0 0 0 0 0 0 0 0 0 0 0 0 0 0 0 0 0 0 0 0 0 0 0
 0 0 0 0 0 0 0 0 0 0 0 0 0 0 0 0 0 0 0 0 0 0 0 0 0 0 0 0 0 0 0 0 0 0 0 0
ppred_pel_tallas
 1.05615e-16 5.01061e-06 2.93247e-05 0.000139222 0.000535723 0.00167034 0.00421973 0.00863859 0.0143364 0.0193047 0.0211427 0.0189715 0.014284 0.00975788 0.0073984 0.00780949 0.010715 0.0156805 0.022373 0.0304523 0.0394073 0.0485012 0.0568437 0.063549 0.0679195 0.0695911 0.0685933 0.0653035 0.060322 0.0543137 0.0478715 0.0414375 0.0352894 0.029573 0.0243548 0.0196658
 1.10714e-16 1.41952e-05 8.32839e-05 0.000395833 0.00152388 0.00475197 0.0120032 0.024561 0.0407165 0.0546928 0.0595477 0.0525995 0.0378154 0.0224023 0.0115064 0.00617848 0.00496618 0.00615087 0.00871334 0.0122351 0.0165416 0.0214771 0.0268269 0.0323187 0.0376497 0.0425189 0.0466523 0.049816 0.0518239 0.052545 0.0519144 0.0499479 0.0467553 0.0425403 0.037587 0.032227
 1.10635e-16 3.89414e-06 2.27712e-05 0.000108069 0.000415779 0.0012963 0.00327496 0.00670549 0.0111322 0.015002 0.0164615 0.0148449 0.0113349 0.00804607 0.00658281 0.00747132 0.0105536 0.0155318 0.0221502 0.0300946 0.0388582 0.0477099 0.0557794 0.0622211 0.0664001 0.0680307 0.0672247 0.0644266 0.0602699 0.0554022 0.0503431 0.0454117 0.0407314 0.036289 0.0320155 0.0278532
 1.09602e-16 1.90433e-05 0.000111749 0.000531166 0.00204495 0.00637693 0.0161076 0.0329589 0.054635 0.0733796 0.0798683 0.0704895 0.0505469 0.0296807 0.0147528 0.00711573 0.00475389 0.00529409 0.00731444 0.0102264 0.0138091 0.0179127 0.0223535 0.0269034 0.0313121 0.0353338 0.0387474 0.0413674 0.0430485 0.0436893 0.0432392 0.04171 0.0391857 0.035824 0.0318455 0.0275108
 1.01872e-16 3.52323e-05 0.000206794 0.000983022 0.00378472 0.0118023 0.0298117 0.0609982 0.10111 0.135782 0.147745 0.130289 0.0931955 0.0542483 0.0260634 0.0110302 0.00527792 0.00425888 0.00519074 0.00686412 0.00880847 0.0107683 0.012524 0.0138765 0.0146805 0.0148747 0.0144938 0.0136524 0.0125111 0.0112342 0.00995485 0.00875649 0.00767264 0.00669979 0.00581629 0.00499882
 1.01097e-16 1.76771e-05 0.000103691 0.000492772 0.00189699 0.0059154 0.0149424 0.0305777 0.0506995 0.0681292 0.0742467 0.0657491 0.0476284 0.0289317 0.016161 0.0107254 0.0108909 0.0145175 0.0202074 0.0271407 0.0346246 0.041861 0.0479584 0.0520818 0.0536406 0.0524316 0.0486894 0.0430187 0.0362403 0.0291988 0.0225969 0.0168966 0.012301 0.00879994 0.0062472 0.00443942
 1.00663e-16 3.79237e-05 0.000222598 0.00105817 0.00407406 0.0127046 0.0320908 0.0656611 0.108837 0.146155 0.159019 0.140201 0.10022 0.0582054 0.0277175 0.0113054 0.00477927 0.0032277 0.00365428 0.00477765 0.00613679 0.0075237 0.00877957 0.00976165 0.0103611 0.0105242 0.0102619 0.00964177 0.00876725 0.00775152 0.00669459 0.00566984 0.00472142 0.00386945 0.00311884 0.00246729
 1.00386e-16 2.83563e-05 0.000166407 0.000790977 0.00304523 0.0094962 0.0239868 0.0490817 0.0813638 0.109286 0.118967 0.10504 0.0754132 0.0444595 0.022412 0.0112902 0.00807297 0.00916129 0.0123078 0.0164298 0.0209239 0.0252597 0.0288855 0.0312927 0.0321247 0.0312635 0.02886 0.025292 0.0210691 0.0167142 0.0126614 0.00919468 0.00643673 0.00437661 0.00291802 0.00192839
 1.00631e-16 3.1653e-05 0.000185771 0.000883053 0.00339978 0.0106019 0.0267796 0.0547951 0.0908309 0.12199 0.132765 0.117146 0.0839399 0.0491547 0.0241665 0.0111729 0.00674627 0.00683434 0.00893491 0.0119064 0.0152104 0.0184485 0.0212264 0.0231792 0.0240443 0.0237211 0.0222943 0.0200061 0.0171933 0.0142067 0.0113428 0.0088022 0.00668147 0.00499135 0.00368734 0.00270056
 1.00508e-16 3.2575e-05 0.000191184 0.000908794 0.00349889 0.0109109 0.0275603 0.0563924 0.0934781 0.125543 0.136628 0.120544 0.0863509 0.050519 0.0247484 0.0112918 0.00661271 0.00653328 0.00847603 0.0112712 0.0143787 0.0174112 0.0199913 0.0217723 0.0225071 0.0221058 0.0206566 0.0183993 0.0156629 0.0127883 0.0100614 0.00767297 0.00571137 0.00418003 0.00302818 0.00218165
 1.00795e-16 2.42263e-05 0.000142154 0.000675661 0.00260121 0.00811151 0.0204893 0.0419261 0.0695053 0.0933684 0.101668 0.0898333 0.0646426 0.0384054 0.0199074 0.0109268 0.00893617 0.0108993 0.0149015 0.0199731 0.0254952 0.0308587 0.0354063 0.0385243 0.0397749 0.0390012 0.0363643 0.0322953 0.0273843 0.022242 0.0173799 0.0131385 0.00967394 0.00698963 0.00499132 0.00354239
 1.01403e-16 2.49111e-05 0.000146179 0.000694808 0.00267495 0.00834148 0.0210702 0.0431141 0.0714729 0.0960058 0.104525 0.092322 0.0663562 0.0392688 0.0200724 0.0105704 0.00814033 0.00964849 0.0131356 0.0176447 0.0226128 0.0275141 0.0317841 0.0348882 0.0364337 0.0362583 0.0344642 0.0313812 0.0274764 0.0232422 0.019098 0.0153333 0.0120955 0.00941571 0.00725026 0.00552257
 1.00462e-16 3.62342e-05 0.000212675 0.00101098 0.00389235 0.012138 0.0306595 0.0627329 0.103985 0.139645 0.151949 0.134001 0.0958589 0.0558156 0.0268475 0.011414 0.00553497 0.00453198 0.00553781 0.00729768 0.00931101 0.011294 0.0129985 0.0142008 0.0147405 0.0145563 0.0137 0.0123192 0.010619 0.0088127 0.00707992 0.0055416 0.00425533 0.00322652 0.00242745 0.00181618
 1.00093e-16 3.82174e-05 0.00022432 0.00106635 0.00410554 0.0128028 0.0323388 0.0661687 0.109679 0.147288 0.160258 0.141309 0.101043 0.0587474 0.0280942 0.0116619 0.00523576 0.00386791 0.00452978 0.00590713 0.00749764 0.00904313 0.0103328 0.0111821 0.0114631 0.0111341 0.0102506 0.00894968 0.007416 0.00583895 0.00437559 0.00312867 0.00214231 0.00141209 0.000902376 0.000564205
 1.00071e-16 3.80698e-05 0.000223453 0.00106222 0.00408966 0.0127533 0.0322137 0.0659128 0.109255 0.146719 0.15964 0.140767 0.100662 0.0585379 0.0280171 0.0116696 0.00529908 0.00397794 0.00468901 0.00612056 0.00776707 0.00936406 0.0106932 0.0115631 0.0118414 0.0114854 0.0105537 0.00918995 0.00758696 0.00594243 0.00442018 0.00312712 0.00210886 0.00136012 0.000842959 0.000505382
 1.00183e-16 3.24702e-05 0.000190567 0.000905854 0.00348756 0.0108756 0.027471 0.05621 0.0931764 0.12514 0.136194 0.120172 0.0861102 0.050429 0.0247984 0.0114719 0.00693126 0.00701516 0.00914979 0.0121541 0.0154637 0.0186573 0.0213205 0.0230757 0.0236591 0.0229844 0.0211653 0.0184843 0.0153216 0.0120676 0.00904638 0.00647004 0.00443015 0.00291818 0.00186134 0.00115916
 1.00492e-16 2.9507e-05 0.000173166 0.000823118 0.00316899 0.00988215 0.0249617 0.051076 0.0846683 0.11372 0.123782 0.109262 0.0783821 0.0460844 0.0229997 0.0112083 0.00754591 0.00825512 0.0110008 0.0146831 0.0187269 0.0226547 0.0259772 0.0282417 0.0291266 0.0285179 0.0265365 0.0235028 0.0198542 0.0160434 0.0124492 0.0093236 0.00678177 0.00482519 0.00338243 0.00235023
 1.00589e-16 3.1744e-05 0.000186304 0.000885591 0.00340955 0.0106323 0.0268565 0.0549526 0.091092 0.12234 0.133147 0.117483 0.0841825 0.0492985 0.0242403 0.0112119 0.00677569 0.00686732 0.00897638 0.0119564 0.0152652 0.0185008 0.0212656 0.0231928 0.0240194 0.023647 0.0221647 0.0198211 0.0169594 0.0139365 0.0110526 0.00850958 0.00640295 0.00474004 0.00347185 0.00252469
 1.00926e-16 2.4326e-05 0.00014274 0.000678449 0.00261194 0.008145 0.0205739 0.0420991 0.0697917 0.0937522 0.102084 0.0901941 0.0648889 0.038525 0.0199205 0.0108567 0.00879172 0.0106749 0.0145855 0.0195571 0.024981 0.0302633 0.0347636 0.0378825 0.0391903 0.0385292 0.0360496 0.032164 0.0274401 0.022467 0.0177389 0.0135868 0.010165 0.00748148 0.00545122 0.00394854
 1.01296e-16 2.79391e-05 0.000163962 0.000779363 0.00300053 0.00935681 0.0236347 0.0483609 0.0801676 0.107675 0.117205 0.103462 0.0742323 0.0436674 0.0218372 0.0107177 0.00732095 0.00809919 0.0108523 0.0145495 0.0186544 0.0227191 0.0262778 0.0288908 0.0302336 0.0301693 0.0287762 0.0263185 0.0231728 0.0197375 0.0163529 0.0132549 0.0105659 0.00831493 0.00647149 0.00497895
 1.01094e-16 2.88086e-05 0.000169067 0.000803632 0.00309397 0.00964821 0.0243708 0.0498668 0.0826637 0.111027 0.12085 0.106672 0.076519 0.0449795 0.0224314 0.0109055 0.00731328 0.00798944 0.0106607 0.0142637 0.0182508 0.0221717 0.0255627 0.0279905 0.0291401 0.0288874 0.0273257 0.0247341 0.0215029 0.0180397 0.0146889 0.0116839 0.0091384 0.00706748 0.00542425 0.00413528
 1.01422e-16 2.38595e-05 0.000140003 0.000665439 0.00256186 0.00798882 0.0201794 0.0412917 0.0684532 0.0919536 0.100124 0.0884595 0.0636342 0.0377668 0.0195049 0.0105946 0.00854248 0.0103591 0.0141665 0.019027 0.0243584 0.0295947 0.0341236 0.0373674 0.0389052 0.0385706 0.0364872 0.0330264 0.0287085 0.0240777 0.019594 0.0155702 0.0121593 0.00938338 0.00718111 0.00545544
 1.01449e-16 2.86305e-05 0.000168023 0.000798673 0.00307488 0.00958869 0.0242204 0.049559 0.082153 0.11034 0.120099 0.106 0.0760194 0.0446501 0.0222016 0.0106869 0.00703258 0.00759546 0.0101217 0.0135682 0.0174125 0.0212352 0.0246045 0.0271129 0.0284572 0.0285061 0.0273256 0.0251523 0.0223264 0.0192091 0.0161095 0.0132428 0.0107226 0.00857891 0.00678952 0.0053095
 1.00993e-16 2.95563e-05 0.000173458 0.000824509 0.00317436 0.00989889 0.0250039 0.0511623 0.0848106 0.113909 0.123983 0.109426 0.0784725 0.0460822 0.0228967 0.010991 0.00718779 0.00772016 0.010254 0.0137042 0.0175231 0.0212715 0.0245013 0.0267951 0.0278514 0.0275537 0.0259961 0.0234526 0.020304 0.0169471 0.0137161 0.0108359 0.00841427 0.00646222 0.00492995 0.00374184
 1.01939e-16 1.44661e-05 8.48374e-05 0.000403139 0.00155187 0.00483916 0.0122239 0.0250156 0.0414808 0.0557521 0.0607869 0.0538978 0.0391913 0.0241021 0.0139952 0.0100791 0.0109925 0.015029 0.0210592 0.0283784 0.0363288 0.0441124 0.0508213 0.0555926 0.0577996 0.0571979 0.0539791 0.0487075 0.0421701 0.0351883 0.0284559 0.022443 0.0173773 0.0132873 0.0100748 0.00758671
 1.04701e-16 1.68064e-05 9.85971e-05 0.000468597 0.00180398 0.00562539 0.0142096 0.0290768 0.0482064 0.0647649 0.0705431 0.0623813 0.0449983 0.0269567 0.0143875 0.00857406 0.00782259 0.0100887 0.0140972 0.019207 0.0249873 0.030973 0.036624 0.0413937 0.0448331 0.0466766 0.0468816 0.0456072 0.0431485 0.039851 0.0360384 0.03197 0.0278348 0.0237661 0.019866 0.0162214
 1.05686e-16 1.14611e-05 6.7203e-05 0.000319318 0.00122917 0.00383284 0.00968191 0.019814 0.0328571 0.0441664 0.0481679 0.0427398 0.0311452 0.0192889 0.0114436 0.00859678 0.00970631 0.0134578 0.0189884 0.0257594 0.0332502 0.0408069 0.0476657 0.0530805 0.0564803 0.0575914 0.056485 0.0535297 0.0492754 0.0443089 0.0391314 0.0340905 0.0293734 0.025044 0.0210986 0.0175146
pSPR Fmed_Fpbrs
0.507813   0.6 0.325
Fs Fmed_Fpbrs
0.66   0.44433 1.55414
SSBpbr Bo_Bmed_Bpbrs
510897  233895  280994 140497
Ro
20333
SPR SPRFo_SPRFmed_SPRFpbrs
421223 213903 136898
log_Ro
9.74
likeval ReclasPelacesDesembMPH_pf_preclas_ppelaces_ptallas_desvR_qrecl_qpela
 73.6162 14.5188 0.23335 0.000521154 388.884 215.838 64.3878 0 32.4128 0.000141856 0.000432293 6.64961e-15 0 0 0
q_reclas_q_pelaces
5.40728 19.2599
M
0.7
N
 13929.3 29599.8 10338.3 1363.21 0.133729
 29915.4 6754.91 11714.9 3790.86 498.401
 2524.02 14304.6 2336.79 3588.5 1307.54
 5796.96 1107.32 2171.6 238.089 490.949
 38214.8 2657.99 256.413 389.009 129.246
 14046.3 18570.3 1072.97 96.5398 194.581
 64587.4 6077.31 2468.57 91.542 24.3955
 56583.5 28172.2 873.03 233.617 10.7906
 64696.5 24506 3780.81 75.4382 20.753
 113797 27303.4 2567.18 234.621 5.84569
 65790.6 50673.2 4779.24 316.389 29.226
 47195.6 28110.5 5974.75 347.361 24.6408
 57417 20386.4 3678.68 499.183 30.5307
 29207.1 22388.4 1002.19 83.0499 11.5946
 12367.1 9883.65 283.739 3.6965 0.332344
 9282.86 4185.01 125.261 1.04655 0.0141481
 6976.27 3834.63 357.263 5.91281 0.0489055
 9049.41 2911.87 361.52 19.2573 0.314297
 7773.51 3910.69 382.694 30.3775 1.6156
 8960.62 3511.78 785.792 56.7135 4.68422
 15734.7 3928.39 529.559 79.3463 6.10161
 17540.5 7312.01 1034.22 112.611 18.0169
 28528.9 8110.37 1834.77 206.256 25.8139
 46228.6 12900 1643.86 275.077 34.3778
 21523.2 20966.2 2690.81 256.096 47.6529
 18986.5 10031.2 5675.78 593.921 66.5008
 6088.16 8791.83 2552.52 1153.28 132.997
pred_Ctot
 235.18 4378.23 1979.1 263.239 0.0258302
 799.701 1504.59 3318.39 1082.43 142.345
 213.058 7627.63 1455.46 2245.87 818.442
 321.097 443.749 1056.96 116.608 240.495
 589.526 361.922 45.3078 69.3435 23.045
 1310.68 10516.2 702.32 63.472 127.948
 5691.86 3326.79 1571.4 58.5442 15.6039
 5243.96 15890.1 569.583 153.1 7.07249
 7052.03 15131.9 2653.18 53.143 14.6213
 8506.4 13476.9 1498.23 137.648 3.4301
 6661.59 30062.8 3248.55 215.947 19.9502
 4453.08 16021.9 3931.49 229.578 16.2877
 8993.34 14880.3 2931.68 398.826 24.3945
 6839.77 18562.4 873.738 72.5078 10.1232
 2896.15 8194.63 247.372 3.22728 0.290169
 1134.5 2738.9 91.9859 0.771176 0.0104264
 808.105 2443.61 256.993 4.26875 0.0353111
 851.274 1656.76 237.547 12.7095 0.207458
 507.365 1761.83 206.462 16.4826 0.876759
 760.445 1878.77 490.772 35.5911 2.94004
 729.205 1376.15 228.419 34.4572 2.65023
 872.492 2704.15 468.49 51.3472 8.21675
 1844.9 3630.5 984.35 111.294 13.9314
 2897.49 5649.72 865.275 145.642 18.2048
 954.862 7099.34 1125.37 107.845 20.0713
 925.665 3653.58 2535.96 267.128 29.9159
 447.375 4291.18 1475.49 670.208 77.3009
F
 0.023724 0.226907 0.303258 0.306288 0.306378
 0.0377952 0.36149 0.483127 0.487954 0.488097
 0.123908 1.18512 1.58389 1.59971 1.60018
 0.0797651 0.762909 1.01962 1.0298 1.03011
 0.0216568 0.207135 0.276833 0.279599 0.279681
 0.137794 1.31793 1.76139 1.77899 1.77951
 0.129683 1.24035 1.65771 1.67427 1.67476
 0.136798 1.3084 1.74866 1.76613 1.76664
 0.162698 1.55611 2.07972 2.1005 2.10112
 0.109021 1.04273 1.39359 1.40751 1.40793
 0.150333 1.43785 1.92167 1.94087 1.94144
 0.139432 1.33359 1.78233 1.80013 1.80066
 0.2418 2.31268 3.09087 3.12175 3.12266
 0.383529 3.66824 4.90255 4.95153 4.95299
 0.383529 3.66824 4.90255 4.95153 4.95299
 0.184098 1.76079 2.35328 2.37679 2.37748
 0.173717 1.66151 2.22059 2.24277 2.24343
 0.138985 1.32932 1.77661 1.79436 1.79489
 0.094598 0.904778 1.20922 1.2213 1.22166
 0.124611 1.19183 1.59287 1.60878 1.60926
 0.0663478 0.63458 0.848108 0.856581 0.856833
 0.0713684 0.682599 0.912284 0.921399 0.921669
 0.0936906 0.896098 1.19762 1.20959 1.20994
 0.0906885 0.867385 1.15925 1.17083 1.17117
 0.0634331 0.606702 0.81085 0.81895 0.819191
 0.0699065 0.668617 0.893598 0.902526 0.902791
 0.107082 1.02418 1.36881 1.38248 1.38289
Np
 13418.3 6437.99 970.63 501.495 135.407
YTP_r0W_actual
 3623.73 104276 48395.9 26942.4 3532.65
YTP_p0W_proyectada
 2812.37 12839 13330.1 3455.45 1988.94
 2812.37 30430.3 8252.97 5373.71 1666.29
CTP_r0_actual
 447.375 4291.18 1475.49 670.208 77.3009
CTP_p0_proyectada
 327.019 558.217 411.423 85.3199 42.7729
 327.019 1323.06 254.721 132.684 35.8341
Wmedp
 8.6 23 32.4 40.5 46.5
nmprior
 10.8 10.6 4.6 0
nm_flota  nm_reclas  nm_pelaces    nm_pelaL
inf 20.158 13.1995 47.9554
cv_recla  cv_pelaces  cv_mph
0.743049 0.40415 0.610125
 ------------------------------------------------
Talla a la edad & desviaci?n 
 7.2 14.2025 17.0495 18.207 18.6776
 1.08 2.13037 2.55742 2.73105 2.80164
