years
 1997 1998 1999 2000 2001 2002 2003 2004 2005 2006 2007 2008 2009 2010 2011 2012 2013 2014 2015 2016 2017 2018 2019 2020 2021 2022 2023
reclasobs
 0 0 0 370054 412103 1.49427e+06 250295 1.28982e+06 931140 785840 897777 1.04006e+06 184774 17550 25797 100020 73551 82996 120727 218422 84188 347160 605670 569463 516374 1.08416e+06 1.01767e+06
reclaspred
 655846 157120 382082 220475 337387 425427 921360 659398 750765 820907 728538 493549 294116 117025 68848.7 68504.1 80644.2 108481 121061 158696 241872 234388 393958 521619 720108 680184 586142
pelacesobs
 0 0 0 0 0 0 0 0 0 2.06254e+06 1.5e+06 0 1.87456e+06 323000 250000 174000 83755 137374 0 501740 490994 745055 786931 1.00524e+06 1.33801e+06 1.41789e+06 1.42762e+06
pelacespred
 2.41444e+06 536974 686356 673623 955517 829360 2.51147e+06 1.96788e+06 2.13448e+06 2.33701e+06 1.67969e+06 1.16859e+06 746785 237279 153955 152532 185604 259490 276340 370227 662959 577122 794189 1.23277e+06 1.59039e+06 1.57061e+06 1.35284e+06
mphobs
 0 0 0 0 0 112323 0 153150 637223 0 255016 313432 73983 77613 109348 50772 17779 17303 59886 28197 0 207744 136588 643089 65757 70829 0
mphpred
 199947 105559 109102 91804.8 95250.2 161962 222827 294872 260669 288602 319086 214889 129611 69606.6 30504.6 25148 27372.5 34512.1 43646.7 49418.9 73500 91632.2 112089 158669 244009 257807 220999
desembarqueobs
 350755 77701 442110 56441 14545 235359 269955 359681 431902 328805 639364 411747 362871 311530 167758 66681 60226 58785 57116 73181 50977 67692 138656 160484 209506 203330 187013
desembarquepred
 350752 77693.4 442019 56442.8 14545.2 235434 270010 359599 431873 328766 639108 411680 362828 311532 167526 66667.4 60247 58767.6 57093 73170 50977.1 67674.1 138649 160481 209472 203289 186994
Reclutas
 35036.5 44248.1 17878.6 24851.2 50059.7 34516.1 72185 70260 92876.3 117117 63007.7 44434.1 51398.5 27180.3 14710.8 12397.7 8936.61 10769.5 11410.7 17347.6 23355.6 28543.9 46716.1 67420.7 34246 34842.4 39857.4
log_desv_Rt
 0.064147 0.297567 -0.608642 -0.279337 0.420972 0.0491813 0.786988 0.759958 1.03902 1.27093 0.651012 0.301762 0.447365 -0.189752 -0.803663 -0.974734 -1.30209 -1.11553 -1.05769 -0.638793 -0.341409 -0.1408 0.351844 0.718707 0.0413264 0.0585907 0.193064
SSB
 502691 265389 274296 230808 239470 407191 560213 741342 655353 725579 802221 540257 325858 174999 76692.2 63225.1 68817.6 86767.5 109733 124245 184788 230374 281804 398913 613466 648158 555616
BT
 1.56737e+06 396986 593401 397925 500933 587328 1.51366e+06 1.39834e+06 1.51002e+06 1.51649e+06 1.41061e+06 963259 740853 410350 217626 133415 143656 181000 185552 247581 381104 345300 493063 753228 939328 937256 821920
Ftot
 0.647204 0.636123 1.15624 0.307734 0.0589761 0.562342 0.386285 0.665628 0.749725 0.517846 0.922769 0.901212 1.5174 2.71781 2.86779 1.15575 0.891348 0.671325 0.526753 0.566945 0.257682 0.322146 0.397347 0.376934 0.303042 0.316356 0.344558
BD_Bspro_t
 0.92138 0.655936 0.560999 0.346664 0.480049 0.66634 0.600662 0.632353 0.565108 0.542732 0.535006 0.367711 0.262032 0.177397 0.0965301 0.097353 0.142159 0.230187 0.327408 0.414066 0.541584 0.658429 0.666042 0.675495 0.704373 0.652681 0.608071
BD_Bspro
 0.738461 0.38986 0.402945 0.339061 0.351785 0.59817 0.822961 1.08904 0.962725 1.06589 1.17848 0.793646 0.478691 0.257076 0.112662 0.0928786 0.101094 0.127463 0.161199 0.182518 0.271456 0.338423 0.413974 0.58601 0.901192 0.952155 0.816209
BD_Bo
 0.550247 0.290495 0.300245 0.252643 0.262124 0.445712 0.61321 0.811475 0.717351 0.79422 0.878112 0.591366 0.356685 0.191554 0.0839474 0.0692063 0.0753279 0.0949758 0.120114 0.135999 0.202269 0.252168 0.308463 0.436651 0.671501 0.709475 0.608179
BD_Brms
 1.00045 0.528172 0.5459 0.459351 0.47659 0.810386 1.11493 1.47541 1.30427 1.44404 1.59657 1.07521 0.648518 0.348281 0.152632 0.12583 0.13696 0.172683 0.218389 0.24727 0.367762 0.458487 0.560842 0.793911 1.22091 1.28995 1.10578
S_f
 0.137059 1 1 1 1
 0.137059 1 1 1 1
 0.137059 1 1 1 1
 0.137059 1 1 1 1
 0.137059 1 1 1 1
 0.137059 1 1 1 1
 0.137059 1 1 1 1
 0.137059 1 1 1 1
 0.137059 1 1 1 1
 0.137059 1 1 1 1
 0.137059 1 1 1 1
 0.137059 1 1 1 1
 0.137059 1 1 1 1
 0.137059 1 1 1 1
 0.137059 1 1 1 1
 0.137059 1 1 1 1
 0.137059 1 1 1 1
 0.137059 1 1 1 1
 0.137059 1 1 1 1
 0.137059 1 1 1 1
 0.137059 1 1 1 1
 0.137059 1 1 1 1
 0.137059 1 1 1 1
 0.137059 1 1 1 1
 0.137059 1 1 1 1
 0.137059 1 1 1 1
 0.137059 1 1 1 1
Scru_reclas
 0.478531 0.822009 0.958749 0.991523 0.998304
 0.478531 0.822009 0.958749 0.991523 0.998304
 0.478531 0.822009 0.958749 0.991523 0.998304
 0.478531 0.822009 0.958749 0.991523 0.998304
 0.478531 0.822009 0.958749 0.991523 0.998304
 0.478531 0.822009 0.958749 0.991523 0.998304
 0.478531 0.822009 0.958749 0.991523 0.998304
 0.478531 0.822009 0.958749 0.991523 0.998304
 0.478531 0.822009 0.958749 0.991523 0.998304
 0.478531 0.822009 0.958749 0.991523 0.998304
 0.478531 0.822009 0.958749 0.991523 0.998304
 0.478531 0.822009 0.958749 0.991523 0.998304
 0.478531 0.822009 0.958749 0.991523 0.998304
 0.478531 0.822009 0.958749 0.991523 0.998304
 0.478531 0.822009 0.958749 0.991523 0.998304
 0.478531 0.822009 0.958749 0.991523 0.998304
 0.478531 0.822009 0.958749 0.991523 0.998304
 0.478531 0.822009 0.958749 0.991523 0.998304
 0.478531 0.822009 0.958749 0.991523 0.998304
 0.478531 0.822009 0.958749 0.991523 0.998304
 0.478531 0.822009 0.958749 0.991523 0.998304
 0.478531 0.822009 0.958749 0.991523 0.998304
 0.478531 0.822009 0.958749 0.991523 0.998304
 0.478531 0.822009 0.958749 0.991523 0.998304
 0.478531 0.822009 0.958749 0.991523 0.998304
 0.478531 0.822009 0.958749 0.991523 0.998304
 0.478531 0.822009 0.958749 0.991523 0.998304
Scru_pelaces
 0.825213 1 1 1 1
 0.825213 1 1 1 1
 0.825213 1 1 1 1
 0.825213 1 1 1 1
 0.825213 1 1 1 1
 0.825213 1 1 1 1
 0.825213 1 1 1 1
 0.825213 1 1 1 1
 0.825213 1 1 1 1
 0.825213 1 1 1 1
 0.825213 1 1 1 1
 0.825213 1 1 1 1
 0.825213 1 1 1 1
 0.825213 1 1 1 1
 0.825213 1 1 1 1
 0.825213 1 1 1 1
 0.825213 1 1 1 1
 0.825213 1 1 1 1
 0.825213 1 1 1 1
 0.825213 1 1 1 1
 0.825213 1 1 1 1
 0.825213 1 1 1 1
 0.825213 1 1 1 1
 0.825213 1 1 1 1
 0.825213 1 1 1 1
 0.825213 1 1 1 1
 0.825213 1 1 1 1
pf_obs 
 0.256992 0.487395 0.22802 0.0275931 0
 0.321318 0.546541 0.124235 0.00734118 0.000564706
 0.182869 0.594174 0.210203 0.0122559 0.00049798
 0.330522 0.361315 0.267642 0.0388342 0.00168674
 0.649043 0.306663 0.0425973 0.00169635 0
 0.582887 0.30429 0.105238 0.00758474 0
 0.465427 0.430635 0.0974691 0.00646863 0
 0.296916 0.608066 0.0921331 0.00288517 0
 0.311714 0.524322 0.152257 0.0117073 0
 0.15457 0.633149 0.183074 0.0267441 0.00246327
 0.131901 0.49318 0.331252 0.0422183 0.00144891
 0.196976 0.569456 0.194076 0.0375587 0.00193317
 0.518974 0.381816 0.0799577 0.0180837 0.00116848
 0.0928022 0.601141 0.25162 0.0475244 0.00691264
 0.122501 0.610282 0.24278 0.0234846 0.000952079
 0.383417 0.481906 0.127806 0.00687128 0
 0.0376549 0.599619 0.316969 0.0457579 0
 0.0361596 0.667082 0.258105 0.0386534 0
 0.158088 0.579412 0.248529 0.0139706 0
 0.0477256 0.309471 0.559284 0.082774 0.000745712
 0.0406174 0.521527 0.379366 0.0568643 0.0016247
 0.151134 0.462217 0.34131 0.0453401 0
 0.294876 0.26143 0.354403 0.0886775 0.000613685
 0.281977 0.475581 0.204845 0.0348837 0.00271318
 0.0841818 0.532909 0.334909 0.0458182 0.00218182
 0.115287 0.27431 0.454777 0.147771 0.00785563
 0.0989387 0.350907 0.424855 0.114687 0.0106128
pf_pred 
 0.263976 0.514809 0.197343 0.0238627 9.42198e-06
 0.272585 0.570389 0.109831 0.0421018 0.00509296
 0.124366 0.69218 0.143852 0.0276993 0.0119025
 0.248218 0.49285 0.204684 0.0425382 0.0117106
 0.304177 0.51291 0.119913 0.0498006 0.013199
 0.152529 0.649546 0.145896 0.0341089 0.0179201
 0.313367 0.436306 0.191864 0.0430949 0.0153684
 0.223347 0.622372 0.0980342 0.0431101 0.0131362
 0.279771 0.53749 0.146438 0.0230664 0.0132342
 0.272645 0.586292 0.105273 0.0286812 0.00710982
 0.146084 0.666094 0.151396 0.0271841 0.00924217
 0.167794 0.555876 0.21555 0.0489921 0.0117877
 0.292782 0.495659 0.141312 0.0547962 0.0154512
 0.253632 0.651194 0.0667034 0.0190171 0.00945356
 0.308775 0.6378 0.0466119 0.00477457 0.00203791
 0.324794 0.638385 0.0339746 0.00248294 0.00036289
 0.215631 0.679009 0.0996138 0.00530141 0.000444065
 0.266245 0.558097 0.152064 0.0223084 0.0012867
 0.234088 0.603729 0.123357 0.0336109 0.00521528
 0.291445 0.52711 0.143023 0.0292233 0.00919792
 0.261137 0.59088 0.110088 0.0298706 0.00802432
 0.226792 0.576309 0.157463 0.0293372 0.0100986
 0.280783 0.514273 0.152755 0.0417367 0.0104527
 0.272689 0.564617 0.116334 0.0345547 0.0118058
 0.112457 0.681053 0.1603 0.0330282 0.0131622
 0.145531 0.442389 0.316208 0.074426 0.0214458
 0.181462 0.484825 0.172775 0.123495 0.0374428
pobs_RECLAS
 0 0 0 0 0
 0 0 0 0 0
 0 0 0 0 0
 0 0 0 0 0
 0.835266 0.146461 0.0176864 0.000547809 3.91292e-05
 0.385257 0.428462 0.181853 0.0044286 0
 0.867414 0.0963971 0.0333333 0.00285562 0
 0.441836 0.489002 0.0689373 0.000224442 0
 0.779404 0.147425 0.0564933 0.0165055 0.000172143
 0.814271 0.122319 0.05973 0.00367925 0
 0.40263 0.566651 0.0304383 0.000280538 0
 0.475488 0.404961 0.113038 0.00651328 0
 0.955842 0.0263864 0.0167828 0.000988607 0
 0.975058 0.0227948 0.00214734 0 0
 0.738997 0.206755 0.0527124 0.00153531 0
 0.850938 0.134255 0.0134407 0.00136685 0
 0.542534 0.407297 0.0501686 0 0
 0.764087 0.199537 0.0359546 0.000420521 0
 0.470689 0.182191 0.310203 0.0369168 0
 0.84361 0.089868 0.0606195 0.00523954 0.000663233
 0.607945 0.314616 0.071237 0.00620181 0
 0.523733 0.453247 0.0230204 0 0
 0.530135 0.295979 0.169645 0.0042399 0
 0.562478 0.366248 0.0663022 0.0049721 0
 0.250443 0.683176 0.0655157 0.000865301 0
 0.195077 0.31981 0.436473 0.0351445 0.0134964
 0.565238 0.351407 0.0832357 0.000118908 0
ppred_RECLAS
 0.60339 0.263873 0.117978 0.0147535 5.86512e-06
 0.616462 0.28958 0.0650356 0.0257825 0.00314018
 0.393558 0.462386 0.11208 0.0223193 0.00965629
 0.574133 0.26331 0.127545 0.0274132 0.00759834
 0.640033 0.25331 0.0690727 0.0296669 0.00791662
 0.433221 0.41711 0.109273 0.0264202 0.0139755
 0.651314 0.208194 0.106782 0.0248044 0.00890617
 0.553591 0.345276 0.063434 0.0288484 0.00885058
 0.626371 0.266985 0.0848394 0.0138205 0.00798361
 0.614849 0.300158 0.0628607 0.0177117 0.00442059
 0.430972 0.427463 0.11332 0.0210428 0.00720316
 0.46627 0.336879 0.152361 0.0358137 0.00867582
 0.66259 0.224382 0.0746127 0.0299213 0.00849477
 0.677759 0.274873 0.0328396 0.00968261 0.00484621
 0.74294 0.234085 0.0199533 0.00211373 0.000908364
 0.693037 0.287566 0.01785 0.00134911 0.000198525
 0.551808 0.379399 0.0649185 0.00357304 0.000301337
 0.609072 0.285597 0.0907608 0.0137702 0.000799662
 0.565012 0.330548 0.0787745 0.0221973 0.00346782
 0.63529 0.259666 0.0821766 0.0173647 0.00550287
 0.595537 0.312381 0.0678816 0.0190483 0.00515204
 0.548955 0.321862 0.10257 0.0197633 0.00684953
 0.618366 0.259789 0.0900016 0.0254315 0.00641273
 0.610785 0.290561 0.0698262 0.0214495 0.00737845
 0.345044 0.482831 0.132549 0.0282439 0.0113325
 0.404798 0.284041 0.236798 0.0576405 0.0167227
 0.472142 0.29056 0.120771 0.0892745 0.0272525
pobs_PELACES
 0 0 0 0 0
 0 0 0 0 0
 0 0 0 0 0
 0 0 0 0 0
 0 0 0 0 0
 0 0 0 0 0
 0 0 0 0 0
 0 0 0 0 0
 0 0 0 0 0
 0 0 0 0 0
 0.450072 0.473896 0.0757376 0.000293798 0
 0 0 0 0 0
 0.463077 0.371075 0.160297 0.00555027 0
 0.529543 0.364841 0.0842815 0.0213345 0
 0.631943 0.363953 0.00410389 0 0
 0.735681 0.248677 0.0153453 0.000297389 0
 0.695825 0.281241 0.0229344 0 0
 0.275771 0.60734 0.115278 0.00161068 0
 0 0 0 0 0
 0.896147 0.0623911 0.0374545 0.00400742 0
 0.803859 0.145111 0.0509908 3.86294e-05 0
 0.739449 0.233085 0.0266225 0.000797448 4.60066e-05
 0.878498 0.100942 0.0204185 0.000141795 0
 0.694673 0.275183 0.0284847 0.00165964 0
 0.469039 0.446079 0.0841089 0.000773354 0
 0.822795 0.102175 0.0682046 0.00682512 0
 0.69333 0.244118 0.0624202 0.000131731 0
ppred_PELACES
 0.731619 0.187718 0.0719586 0.00870123 3.4356e-06
 0.739323 0.204405 0.0393592 0.0150877 0.00182512
 0.570013 0.339901 0.0706396 0.013602 0.00584482
 0.688654 0.204111 0.0847685 0.0176169 0.00484987
 0.728618 0.200043 0.0467681 0.0194231 0.00514784
 0.569783 0.32974 0.0740637 0.0173153 0.00909708
 0.758777 0.15328 0.0674042 0.0151398 0.00539912
 0.687637 0.250313 0.0394285 0.0173385 0.00528326
 0.754454 0.183246 0.0499248 0.007864 0.0045119
 0.730637 0.217123 0.0389859 0.0106216 0.002633
 0.591813 0.318405 0.0723698 0.0129945 0.00441792
 0.628797 0.247947 0.0961455 0.0218528 0.00525785
 0.818821 0.12698 0.0362021 0.014038 0.00395835
 0.868635 0.114614 0.0117402 0.00334713 0.00166388
 0.90379 0.0887736 0.00648777 0.000664559 0.00028365
 0.817812 0.172253 0.00916722 0.000669961 9.7917e-05
 0.697013 0.262289 0.038479 0.00204784 0.000171534
 0.735712 0.201018 0.0547711 0.00803517 0.000463449
 0.689348 0.244871 0.0500334 0.0136325 0.0021153
 0.751986 0.184503 0.0500621 0.010229 0.00321953
 0.699315 0.240462 0.0448009 0.012156 0.00326555
 0.663882 0.250525 0.0684501 0.012753 0.00438991
 0.729852 0.193168 0.0573769 0.0156769 0.0039262
 0.720306 0.217129 0.0447373 0.0132883 0.00454003
 0.458695 0.415369 0.0977655 0.0201436 0.00802749
 0.533694 0.241423 0.172563 0.0406162 0.0117036
 0.600794 0.236452 0.0842636 0.0602294 0.0182611
pobs_pel_tallas
 0 0 0 0 0 0 0 0 0 0 0 0 0 0 0 0 0 0 0 0 0 0 0 0 0 0 0 0 0 0 0 0 0 0 0 0
 0 0 0 0 0 0 0 0 0 0 0 0 0 0 0 0 0 0 0 0 0 0 0 0 0 0 0 0 0 0 0 0 0 0 0 0
 0 0 0 0 0 0 0 0 0 0 0 0 0 0 0 0 0 0 0 0 0 0 0 0 0 0 0 0 0 0 0 0 0 0 0 0
 0 0 0 0 0 0 0 0 0 0 0 0 0 0 0 0 0 0 0 0 0 0 0 0 0 0 0 0 0 0 0 0 0 0 0 0
 0 0 0 0 0 0 0 0 0 0 0 0 0 0 0 0 0 0 0 0 0 0 0 0 0 0 0 0 0 0 0 0 0 0 0 0
 0 0 0 0 0 0 0 0 0 0 0 0 0 0 0 0 0 0 0 0 0 0 0 0 0 0 0 0 0 0 0 0 0 0 0 0
 0 0 0 0 0 0 0 0 0 0 0 0 0 0 0 0 0 0 0 0 0 0 0 0 0 0 0 0 0 0 0 0 0 0 0 0
 0 0 0 0 0 0 0 0 0 0 0 0 0 0 0 0 0 0 0 0 0 0 0 0 0 0 0 0 0 0 0 0 0 0 0 0
 0 0 0 0 0 0 0 0 0 0 0 0 0 0 0 0 0 0 0 0 0 0 0 0 0 0 0 0 0 0 0 0 0 0 0 0
 0 0 0 0 0 0 0 0 0 0 0 0 0 0 0 0 0 0 0 0 0 0 0 0 0 0 0 0 0 0 0 0 0 0 0 0
 0 0 0 0 0 0 0 0 1.78061e-05 0.00172719 0.00360574 0.0105946 0.0120993 0.0124554 0.0147524 0.0171206 0.0266825 0.0428682 0.0675386 0.121331 0.153587 0.119568 0.100827 0.0573624 0.0630603 0.0341343 0.0324427 0.0444173 0.0211091 0.0280891 0.0125444 0.00206551 0 0 0 0
 0 0 0 0 0 0 0 0 0 0 0 0 0 0 0 0 0 0 0 0 0 0 0 0 0 0 0 0 0 0 0 0 0 0 0 0
 0 0 0 0 0 0 0.0133647 0.0140871 0.0187388 0.0205184 0.03894 0.0496705 0.03968 0.0493445 0.0407372 0.0367815 0.0215668 0.0243155 0.0234873 0.0199281 0.019796 0.0243948 0.0301388 0.0376714 0.0412746 0.0863199 0.0771752 0.113111 0.0741005 0.0525337 0.0229764 0.00759418 0.00175318 0 0 0
 0 0 0 0 0 0 0 0 0 0 0.00219441 0.00772107 0.0458388 0.0604681 0.0671733 0.0775358 0.0609151 0.0617685 0.073594 0.0568108 0.0755445 0.0548602 0.0670107 0.0636378 0.0643287 0.046367 0.0373049 0.0286899 0.0247887 0.0153202 0.00654259 0.00121912 0.000365735 0 0 0
 0 0 0 0 0 0 0 0 0 0 0 0 0.000112435 0.00938835 0.0111873 0.0202946 0.0414886 0.0713402 0.111592 0.104902 0.108894 0.110636 0.117776 0.105296 0.107544 0.0401394 0.0192827 0.0124803 0.00416011 0.0028671 0.000618394 0 0 0 0 0
 0 0 0 0 0 0 0 0 0 0 0.00291406 0.0102884 0.027416 0.0768956 0.0749926 0.110853 0.0956884 0.0897413 0.0766577 0.0534642 0.0500743 0.0551293 0.0594112 0.0620874 0.0668451 0.0424026 0.0208742 0.0120726 0.0048766 0.00582813 0.00118941 0.000297354 0 0 0 0
 0 0.00264628 0.0354308 0.0461629 0.0458689 0.0383711 0.0214643 0.0164657 0.0346957 0.0420465 0.0363128 0.0245516 0.0311673 0.0291091 0.0169068 0.0133784 0.00837989 0.0085269 0.0148486 0.0160247 0.0276389 0.0546898 0.0760071 0.122758 0.109233 0.0665981 0.0333725 0.0166128 0.00676272 0.00308733 0.000882094 0 0 0 0 0
 0 0 0 0 0 0 0 0.000805153 0.000690131 0.00759144 0.0133425 0.0154129 0.00931677 0.000345066 0.00356568 0.00563607 0.00851162 0.0253048 0.0502646 0.0516448 0.0657925 0.0565908 0.0611916 0.0827007 0.0866115 0.110766 0.145733 0.0935128 0.0569358 0.0249597 0.0138026 0.00621118 0.00161031 0.00115022 0 0
 0 0 0 0 0 0 0 0 0 0 0 0 0 0 0 0 0 0 0 0 0 0 0 0 0 0 0 0 0 0 0 0 0 0 0 0
 0.00147267 0.00158595 0.00478618 0.00569244 0.00954404 0.0108468 0.00647125 0.017049 0.0510054 0.094081 0.124002 0.0959785 0.0687766 0.0820023 0.061753 0.0591476 0.0492212 0.0479892 0.0443925 0.0268479 0.0217502 0.0140895 0.0121071 0.0120363 0.00920419 0.00665534 0.0049561 0.00860946 0.00930331 0.0156896 0.0114698 0.00855282 0.00243557 0.00046729 0 2.83206e-05
 0 0 0 0 0.000772559 0.00158375 0.000888443 0.00281984 0.00712685 0.0440552 0.0773331 0.111326 0.0921469 0.0852325 0.0710754 0.0886704 0.0786465 0.0553345 0.0373146 0.0185414 0.00753245 0.00457741 0.012979 0.0271748 0.0457355 0.0583668 0.034881 0.0177882 0.00938659 0.00492506 0.0015258 0.00185414 0.000309023 5.79419e-05 3.86279e-05 0
 0 0.00173294 0.00326652 0 0.00397197 0.00683976 0.00946217 0.0152591 0.00757587 0.0136028 0.0228656 0.0392903 0.0559909 0.0764795 0.0681675 0.0726916 0.0566044 0.0477403 0.0527397 0.0444891 0.0609904 0.0582453 0.0661739 0.0445044 0.0529084 0.0360697 0.0280645 0.0235558 0.0158879 0.00826598 0.00280645 0.00217768 0.000904811 0.00058276 9.20147e-05 0
 0 0 0 0 0 0 0 0 0 0 0 0 0 0 0 0 0 0 0 0 0 0 0 0 0 0 0 0 0 0 0 0 0 0 0 0
 0 0 0 0 0 0 0 0 0 0 0 0 0 0 0 0 0 0 0 0 0 0 0 0 0 0 0 0 0 0 0 0 0 0 0 0
 0 0 0 0 0 0 0 0 0 0 0 0 0 0 0 0 0 0 0 0 0 0 0 0 0 0 0 0 0 0 0 0 0 0 0 0
 0 0 0 0 0 0 0 0 0 0 0 0 0 0 0 0 0 0 0 0 0 0 0 0 0 0 0 0 0 0 0 0 0 0 0 0
 0 0 0 0 0 0 0 0 0 0 0 0 0 0 0 0 0 0 0 0 0 0 0 0 0 0 0 0 0 0 0 0 0 0 0 0
ppred_pel_tallas
 1.01382e-16 3.19224e-05 0.000187356 0.000890602 0.00342886 0.0106926 0.0270086 0.0552633 0.0916058 0.123026 0.133882 0.118105 0.0845701 0.0494091 0.0240794 0.0107792 0.00603584 0.00575534 0.00742409 0.00992399 0.0127706 0.0156408 0.0182222 0.0202202 0.0214102 0.0216849 0.021074 0.019726 0.0178644 0.0157306 0.0135355 0.011431 0.00950459 0.0077914 0.00629399 0.00500038
 1.0123e-16 3.22589e-05 0.000189331 0.000899985 0.00346498 0.0108052 0.0272931 0.0558457 0.0925714 0.124324 0.135297 0.11936 0.0854818 0.0499686 0.0244014 0.0110047 0.00627148 0.00606333 0.00783367 0.0104394 0.0133713 0.0162789 0.0188235 0.0206914 0.0216528 0.0216136 0.0206345 0.0189081 0.016706 0.0143121 0.0119659 0.00982899 0.0079802 0.00643133 0.00515335 0.00410136
 1.01854e-16 2.48818e-05 0.000146008 0.000693995 0.00267182 0.00833174 0.0210455 0.0430636 0.0713891 0.0958927 0.104401 0.0922087 0.0662673 0.0392014 0.0200107 0.0104939 0.00802931 0.00948545 0.012906 0.0173386 0.0222282 0.02706 0.0312821 0.0343728 0.035949 0.0358529 0.0341847 0.0312658 0.0275497 0.0235124 0.0195566 0.0159564 0.0128478 0.0102541 0.00812887 0.00639724
 1.02102e-16 3.00496e-05 0.00017636 0.00083832 0.00322755 0.0100648 0.0254229 0.0520191 0.086229 0.115808 0.126034 0.111199 0.0796623 0.0466174 0.0228606 0.0104755 0.0062083 0.00621804 0.00814423 0.0109289 0.0140969 0.0173118 0.0202391 0.0225591 0.0240254 0.0245157 0.0240529 0.022786 0.0209436 0.0187735 0.0164921 0.0142552 0.0121535 0.0102264 0.00848325 0.00692158
 1.01638e-16 3.1792e-05 0.00018659 0.000886955 0.00341481 0.0106488 0.026898 0.0550371 0.091231 0.122524 0.133338 0.117632 0.0842443 0.0492456 0.0240493 0.0108486 0.00618823 0.00599175 0.00775245 0.0103478 0.0132808 0.0162108 0.0188083 0.0207658 0.0218556 0.0219796 0.021188 0.0196579 0.0176427 0.0154083 0.0131793 0.011108 0.00927017 0.00768065 0.00631846 0.00514989
 1.02179e-16 2.48714e-05 0.000145948 0.000693711 0.00267073 0.00832833 0.0210369 0.043046 0.0713595 0.0958521 0.104354 0.0921626 0.066223 0.0391527 0.0199447 0.0103933 0.00787479 0.00925749 0.0125878 0.0169206 0.0217125 0.026465 0.030644 0.0337436 0.03539 0.035426 0.0339421 0.0312411 0.0277535 0.0239312 0.0201567 0.0166903 0.0136619 0.0110958 0.00895184 0.00716508
 1.0178e-16 3.31052e-05 0.000194304 0.000923637 0.00355606 0.0110893 0.0280106 0.0573132 0.0950024 0.127584 0.138832 0.122449 0.0876293 0.0510935 0.0247083 0.0107356 0.00555617 0.00491263 0.00619874 0.00827383 0.0106755 0.0131274 0.0153742 0.0171752 0.018344 0.0187861 0.0185144 0.0176358 0.0163162 0.0147363 0.0130542 0.0113842 0.00979368 0.00831372 0.00695454 0.00571899
 1.01484e-16 3.0007e-05 0.000176106 0.000837104 0.00322286 0.0100501 0.025386 0.0519438 0.0861053 0.115645 0.125867 0.111075 0.0796232 0.0466947 0.0230838 0.0108864 0.00686641 0.00719302 0.0094983 0.012694 0.0162513 0.0197631 0.0228189 0.0250367 0.0261389 0.0260158 0.024748 0.0225789 0.0198475 0.0169063 0.0140503 0.0114763 0.00927653 0.00745866 0.00597928 0.00477561
 1.0125e-16 3.29179e-05 0.000193201 0.00091839 0.00353585 0.0110262 0.0278514 0.0569877 0.0944637 0.126863 0.138054 0.121779 0.0871842 0.0509034 0.0247454 0.0109704 0.00598954 0.00557406 0.00712701 0.00949468 0.0121825 0.0148684 0.0172471 0.0190345 0.0200194 0.0201094 0.0193486 0.0178989 0.0159934 0.0138791 0.0117668 0.00980252 0.00806235 0.00656588 0.00529795 0.00422928
 1.01113e-16 3.18807e-05 0.000187109 0.00088942 0.0034243 0.0106783 0.0269727 0.0551901 0.0914851 0.122866 0.133714 0.117972 0.0845062 0.0494351 0.0242093 0.0110337 0.00644835 0.00636728 0.00827306 0.0110286 0.0141155 0.0171657 0.0198198 0.0217444 0.0226967 0.0225796 0.0214614 0.0195521 0.0171461 0.0145509 0.0120256 0.00974503 0.00779384 0.00618323 0.00487889 0.00382818
 1.01785e-16 2.58315e-05 0.000151585 0.000720517 0.00277394 0.0086502 0.0218499 0.0447093 0.0741162 0.0995527 0.108377 0.0957012 0.0687348 0.0405755 0.0205545 0.010524 0.00774748 0.00896336 0.0121405 0.016305 0.0209123 0.025475 0.029475 0.0324225 0.0339558 0.0339236 0.032415 0.0297256 0.0262757 0.0225072 0.0187957 0.0153982 0.0124448 0.00996174 0.00791085 0.00622741
 1.02443e-16 2.74414e-05 0.000161043 0.000765494 0.00294714 0.00919032 0.0232141 0.0475001 0.0787399 0.105755 0.115109 0.101597 0.0728621 0.0427973 0.0212845 0.0102553 0.00676749 0.00733553 0.00980832 0.013198 0.017018 0.0208803 0.0243821 0.0271367 0.0288475 0.0293702 0.0287376 0.0271371 0.0248521 0.0221886 0.0194123 0.0167129 0.0141986 0.011913 0.00986179 0.00803612
 1.01223e-16 3.57223e-05 0.000209671 0.000996701 0.00383739 0.0119666 0.0302265 0.061847 0.102516 0.137671 0.149798 0.132097 0.0944804 0.0549805 0.0263858 0.0111164 0.00524522 0.00415982 0.0050395 0.00666095 0.00855253 0.0104624 0.0121752 0.0134939 0.0142715 0.0144415 0.0140296 0.0131412 0.01193 0.0105583 0.00916418 0.00784246 0.00664217 0.00557644 0.00463763 0.00381114
 1.00397e-16 3.78938e-05 0.000222421 0.00105732 0.00407079 0.0126944 0.032065 0.0656085 0.108751 0.146041 0.1589 0.140109 0.100181 0.0582372 0.0278339 0.0115265 0.00513555 0.00375576 0.00438698 0.00573139 0.00729868 0.00884224 0.0101623 0.0110829 0.0114789 0.011305 0.0106049 0.00949859 0.00815055 0.00673079 0.00538117 0.00419563 0.0032167 0.00244481 0.00185402 0.00140758
 1.00158e-16 3.94257e-05 0.000231417 0.00110009 0.00423548 0.013208 0.0333623 0.0682627 0.113149 0.151945 0.165316 0.145749 0.104175 0.0604809 0.0287597 0.0116561 0.0048077 0.00310056 0.00341169 0.00440224 0.00558879 0.0067551 0.00774138 0.00841059 0.00866691 0.00847698 0.00787788 0.00696631 0.0058739 0.00473642 0.00366712 0.0027409 0.00199131 0.00141767 0.000997433 0.000698712
 1.00214e-16 3.56801e-05 0.000209419 0.000995494 0.00383273 0.011952 0.0301898 0.0617722 0.102394 0.13751 0.149633 0.131974 0.0944427 0.0550594 0.0266115 0.011532 0.00591215 0.00515091 0.0064216 0.00847222 0.0107789 0.0130192 0.0149007 0.0161607 0.0166146 0.0162 0.014992 0.0131817 0.0110282 0.00879821 0.00671362 0.00492069 0.00348388 0.00239998 0.00162232 0.00108556
 1.00711e-16 3.04164e-05 0.000178508 0.000848521 0.00326681 0.0101872 0.0257322 0.0526523 0.08728 0.117224 0.127586 0.112596 0.0807224 0.0473566 0.0234427 0.0111076 0.0070728 0.00745487 0.00985003 0.0131471 0.0167973 0.0203711 0.0234349 0.0255862 0.026535 0.0261713 0.0245892 0.0220576 0.0189491 0.0156519 0.0124934 0.00969472 0.00736162 0.00550479 0.0040739 0.00299188
 1.01141e-16 3.21014e-05 0.000188406 0.00089559 0.00344806 0.0107524 0.0271598 0.0555729 0.0921192 0.123716 0.134636 0.118776 0.0850626 0.0497213 0.0242768 0.0109428 0.00622995 0.00602135 0.00778512 0.0103871 0.0133244 0.0162524 0.0188367 0.0207653 0.0218061 0.0218582 0.0209713 0.019325 0.0171782 0.0148056 0.0124427 0.0102533 0.00832405 0.00667828 0.00529976 0.0041552
 1.01358e-16 3.00815e-05 0.000176543 0.000839184 0.00323087 0.0100751 0.0254491 0.0520728 0.0863191 0.115932 0.126177 0.111346 0.0798114 0.0467924 0.0231088 0.0108598 0.00679962 0.00708748 0.009351 0.0125032 0.0160208 0.0195039 0.0225499 0.0247825 0.0259254 0.0258651 0.0246736 0.0225816 0.0199153 0.0170164 0.0141743 0.0115854 0.00934708 0.00747591 0.00593873 0.00468217
 1.01273e-16 3.28103e-05 0.00019257 0.000915388 0.00352429 0.0109902 0.0277603 0.0568014 0.0941549 0.126448 0.137604 0.121382 0.0869029 0.050744 0.0246772 0.0109559 0.00600405 0.00560745 0.00717788 0.00956487 0.012274 0.0149821 0.017382 0.0191876 0.0201865 0.0202852 0.0195279 0.0180769 0.0161661 0.0140437 0.0119211 0.00994482 0.0081913 0.00668033 0.00539705 0.00431265
 1.01285e-16 3.05159e-05 0.000179094 0.000851312 0.00327756 0.0102207 0.0258169 0.0528254 0.0875664 0.117606 0.127998 0.112948 0.0809485 0.0474374 0.0233869 0.0109223 0.00674689 0.00696079 0.00915603 0.0122319 0.0156636 0.0190554 0.0220115 0.0241628 0.02524 0.0251343 0.0239199 0.0218277 0.0191817 0.0163207 0.0135305 0.0110042 0.00883558 0.00703795 0.00557471 0.00438926
 1.01697e-16 2.89713e-05 0.000170025 0.000808194 0.00311155 0.00970303 0.0245092 0.0501498 0.0831319 0.111653 0.121524 0.10725 0.0768964 0.0451266 0.0223669 0.0106476 0.00685214 0.00728966 0.00968001 0.012975 0.0166617 0.0203384 0.0235946 0.0260429 0.0273945 0.0275228 0.0264875 0.0245092 0.0219062 0.0190157 0.0161258 0.013436 0.0110508 0.00899734 0.00725579 0.00578686
 1.016e-16 3.18455e-05 0.000186905 0.000888454 0.00342058 0.0106668 0.0269434 0.05513 0.0913849 0.12273 0.133561 0.117825 0.084375 0.0493068 0.024051 0.0108024 0.00609766 0.00585309 0.00755939 0.010097 0.0129762 0.0158663 0.0184483 0.0204227 0.021565 0.0217736 0.0210887 0.0196727 0.0177625 0.0156098 0.0134298 0.011372 0.00951553 0.00788342 0.00646515 0.00523745
 1.01375e-16 3.14302e-05 0.000184464 0.000876847 0.00337589 0.0105274 0.0265914 0.0544099 0.0901919 0.12113 0.131825 0.116308 0.0833193 0.0487512 0.023894 0.0109238 0.00643192 0.00639294 0.00832706 0.0111143 0.014243 0.0173483 0.0200717 0.0220798 0.0231278 0.0231142 0.0221014 0.0202922 0.0179728 0.0154431 0.0129563 0.0106839 0.00871016 0.00704871 0.00567042 0.00452941
 1.02591e-16 2.00309e-05 0.000117522 0.000558554 0.00215031 0.00670541 0.0169377 0.0346592 0.057461 0.0771971 0.0840813 0.0743452 0.0536104 0.032078 0.0170461 0.0100287 0.00898233 0.0114355 0.0158228 0.0213265 0.0273773 0.0333738 0.0386473 0.0425597 0.0446385 0.0446832 0.0428059 0.0393864 0.0349663 0.0301158 0.0253189 0.0209071 0.0170484 0.0137777 0.0110486 0.00878144
 1.04471e-16 2.32944e-05 0.000136697 0.000649748 0.00250149 0.00780059 0.0197038 0.0403176 0.066835 0.0897699 0.0977201 0.0862738 0.0619274 0.0364852 0.0183537 0.00919671 0.0065457 0.00747126 0.0101721 0.0138235 0.0180099 0.0223797 0.0265496 0.0301344 0.0328153 0.0343999 0.0348487 0.0342602 0.0328244 0.0307644 0.0282867 0.0255552 0.0226892 0.0197764 0.0168914 0.0141067
 1.04197e-16 2.62197e-05 0.000153872 0.000731406 0.0028159 0.00878106 0.0221804 0.0453848 0.0752335 0.101046 0.109984 0.097074 0.069621 0.0408986 0.0203502 0.00982313 0.00650965 0.0070837 0.00949632 0.0128118 0.0165751 0.0204264 0.0239915 0.0269092 0.0288999 0.0298223 0.0296961 0.0286786 0.0270097 0.024945 0.0226992 0.0204172 0.0181745 0.0159974 0.013891 0.0118616
pSPR Fmed_Fpbrs
0.450878   0.6 0.325
Fs Fmed_Fpbrs
0.66   0.361539 1.14719
SSBpbr Bo_Bmed_Bpbrs
913574  366232  502466 251233
Ro
32859.6
SPR SPRFo_SPRFmed_SPRFpbrs
680728 306925 221237
log_Ro
10.22
likeval ReclasPelacesDesembMPH_pf_preclas_ppelaces_ptallas_desvR_qrecl_qpela
 66.0038 14.4075 0.0148841 0.000556918 353.6 208.202 60.6883 0 17.0073 2.35694e-07 9.0349e-05 2.47945e-15 0 0 0
q_reclas_q_pelaces
1.07122 3.86633
M
0.7
N
 35036.5 11793.1 4520.68 546.641 0.215836
 44248.1 15921.8 3065.81 1175.22 142.164
 17878.6 20138.3 4185.24 805.886 346.292
 24851.2 7577.09 3146.81 653.984 180.039
 50059.7 11831.1 2765.98 1148.73 304.456
 34516.1 24658.8 5538.67 1294.88 680.302
 72185 15868.7 6978.21 1567.39 558.958
 70260 33997.6 5355.19 2354.92 717.574
 92876.3 31847.9 8676.87 1366.76 784.164
 117117 41617.1 7472.63 2035.9 504.681
 63007.7 54173.9 12313.1 2210.9 751.672
 44434.1 27571.5 10691.3 2430.01 584.669
 51398.5 19501.4 5559.85 2155.92 607.917
 27180.3 20731.1 2123.54 605.421 300.959
 14710.8 9299.77 679.649 69.6181 29.7148
 12397.7 4930.91 262.421 19.1783 2.80298
 8936.61 5254.6 770.874 41.0257 3.43645
 10769.5 3927.44 1070.1 156.989 9.05475
 11410.7 4877.86 996.669 271.561 42.1371
 17347.6 5271.72 1430.4 292.267 91.9898
 23355.6 7970.49 1484.99 402.93 108.242
 28543.9 11195.6 3058.93 569.914 196.178
 46716.1 13562.3 4028.41 1100.67 275.657
 67420.7 21968.9 4526.48 1344.5 459.356
 34246 31794.4 7483.46 1541.89 614.464
 34842.4 16314.2 11661 2744.65 790.87
 39857.4 16568 5904.29 4220.24 1279.54
pred_Ctot
 2149.84 4192.64 1607.18 194.34 0.0767332
 2670.33 5587.71 1075.94 412.443 49.8923
 1901.64 10583.9 2199.59 423.541 181.997
 739.934 1469.18 610.159 126.806 34.9092
 289.969 488.951 114.312 47.4743 12.5825
 1849.54 7876.27 1769.11 413.598 217.295
 2685.19 3738.64 1644.05 369.273 131.689
 4428.99 12341.7 1944.03 854.876 260.492
 6561.43 12605.7 3434.38 540.973 310.379
 5794.53 12460.5 2237.36 609.563 151.105
 5422.75 24725.9 5619.91 1009.09 343.076
 3739.65 12388.8 4803.98 1091.89 262.712
 7024.47 11891.9 3390.39 1314.68 370.707
 6210.28 15944.7 1633.26 465.642 231.474
 3516.8 7264.23 530.886 54.38 23.2107
 1318.16 2590.85 137.884 10.0769 1.47277
 744.323 2343.82 343.85 18.2996 1.53284
 684.457 1434.75 390.923 57.3502 3.30782
 573.965 1480.3 302.462 82.4113 12.7875
 936.918 1694.52 459.781 93.945 29.5688
 584.051 1321.55 246.219 66.8077 17.947
 888.914 2258.85 617.177 114.987 39.5815
 1786.36 3271.84 971.837 265.532 66.501
 2448.63 5070.01 1044.63 310.286 106.011
 1004.4 6082.77 1431.7 294.988 117.557
 1065.93 3240.24 2316.04 545.128 157.078
 1325.81 3542.25 1262.34 902.286 273.566
F
 0.0887055 0.647204 0.647204 0.647204 0.647204
 0.0871867 0.636123 0.636123 0.636123 0.636123
 0.158473 1.15624 1.15624 1.15624 1.15624
 0.0421779 0.307734 0.307734 0.307734 0.307734
 0.00808324 0.0589761 0.0589761 0.0589761 0.0589761
 0.0770743 0.562342 0.562342 0.562342 0.562342
 0.052944 0.386285 0.386285 0.386285 0.386285
 0.0912306 0.665628 0.665628 0.665628 0.665628
 0.102757 0.749725 0.749725 0.749725 0.749725
 0.0709757 0.517846 0.517846 0.517846 0.517846
 0.126474 0.922769 0.922769 0.922769 0.922769
 0.12352 0.901212 0.901212 0.901212 0.901212
 0.207974 1.5174 1.5174 1.5174 1.5174
 0.372502 2.71781 2.71781 2.71781 2.71781
 0.393058 2.86779 2.86779 2.86779 2.86779
 0.158407 1.15575 1.15575 1.15575 1.15575
 0.122168 0.891348 0.891348 0.891348 0.891348
 0.0920114 0.671325 0.671325 0.671325 0.671325
 0.0721964 0.526753 0.526753 0.526753 0.526753
 0.0777052 0.566945 0.566945 0.566945 0.566945
 0.0353177 0.257682 0.257682 0.257682 0.257682
 0.0441532 0.322146 0.322146 0.322146 0.322146
 0.0544602 0.397347 0.397347 0.397347 0.397347
 0.0516624 0.376934 0.376934 0.376934 0.376934
 0.0415348 0.303042 0.303042 0.303042 0.303042
 0.0433596 0.316356 0.316356 0.316356 0.316356
 0.047225 0.344558 0.344558 0.344558 0.344558
Np
 22348.7 10561.5 6530.9 2016.53 967.212
YTP_r0W_actual
 10739 86076.6 41404.7 36271.9 12502
YTP_p0W_proyectada
 6701.51 96732 42074.5 18742.4 20793.1
 6701.51 54113.2 47137.5 18193.2 10019
CTP_r0_actual
 1325.81 3542.25 1262.34 902.286 273.566
CTP_p0_proyectada
 779.245 4205.74 1298.6 462.776 447.164
 779.245 2352.75 1454.86 449.214 215.462
Wmedp
 8.6 23 32.4 40.5 46.5
nmprior
 10.8 10.6 4.6 0
nm_flota  nm_reclas  nm_pelaces    nm_pelaL
inf 23.5581 15.7488 62.4985
cv_recla  cv_pelaces  cv_mph
0.703583 0.402597 0.630713
 ------------------------------------------------
Talla a la edad & desviaci?n 
 7.2 14.2025 17.0495 18.207 18.6776
 1.08 2.13037 2.55742 2.73105 2.80164
