years
 1997 1998 1999 2000 2001 2002 2003 2004 2005 2006 2007 2008 2009 2010 2011 2012 2013 2014 2015 2016 2017 2018 2019 2020 2021 2022 2023
reclasobs
 0 0 0 370054 412103 1.49427e+06 250295 1.28982e+06 931140 785840 897777 1.04006e+06 184774 17550 25797 100020 73551 82996 120727 218422 84188 347160 605670 569463 516374 1.08416e+06 1.01767e+06
reclaspred
 448188 130154 429672 307179 420547 501802 1.08097e+06 698913 742361 639348 493738 327181 199240 90329.5 63562.5 66565.4 84708.2 120202 131059 185940 263623 239100 412885 562517 728944 723094 710182
pelacesobs
 0 0 0 0 0 0 0 0 0 2.06254e+06 1.5e+06 0 1.87456e+06 323000 250000 174000 83755 137374 0 501740 490994 745055 786931 1.00524e+06 1.33801e+06 1.41789e+06 1.42762e+06
pelacespred
 1.76892e+06 439718 891084 970473 1.13433e+06 1.12398e+06 2.71734e+06 2.2297e+06 2.07338e+06 1.8073e+06 1.24201e+06 845344 510170 189437 133719 150637 200877 289925 323051 449786 709925 626755 884102 1.35389e+06 1.74153e+06 1.88861e+06 1.83869e+06
mphobs
 0 0 0 0 0 112323 0 153150 637223 0 255016 313432 73983 77613 109348 50772 17779 17303 59886 28197 0 207744 136588 643089 65757 70829 0
mphpred
 119544 79291.5 103289 135148 133963 197106 296310 342434 283261 271800 240559 165073 100511 52342.4 24706.1 21916.5 27473.7 38614.4 49933.4 58604.2 86307.3 100248 125172 178775 268542 305189 291311
desembarqueobs
 350755 77701 442110 56441 14545 235359 269955 359681 431902 328805 639364 411747 362871 311530 167758 66681 60226 58785 57116 73181 50977 67692 138656 160484 209506 203330 187013
desembarquepred
 350767 77705.4 442163 56443.3 14545.1 235404 269989 359716 431983 328866 639718 412071 363315 312071 167820 66697 60249.8 58789.2 57114.2 73184.2 50978.6 67688.9 138662 160494 209507 203328 187013
Reclutas
 62996.9 78435.6 49288.3 71715.4 119288 90404.7 136825 122476 139268 129979 65888.5 40673.6 42895.8 23618.6 18159.8 21711.8 17445.8 21231.6 24113.9 40359.8 49856.9 64063.3 104606 148589 81026.9 92815.3 117470
log_desv_Rt
 0.0508403 0.270033 -0.194559 0.180461 0.689299 0.412052 0.82646 0.71567 0.844153 0.775131 0.0957188 -0.386665 -0.333471 -0.930212 -1.19303 -1.01439 -1.23315 -1.03675 -0.909455 -0.39441 -0.183089 0.0676263 0.557957 0.908937 0.302536 0.438366 0.673942
SSB
 747068 495516 645481 844579 837173 1.23177e+06 1.85173e+06 2.13997e+06 1.77018e+06 1.69856e+06 1.50333e+06 1.03159e+06 628121 327103 154395 136963 171691 241313 312048 366235 539359 626477 782239 1.11722e+06 1.6782e+06 1.90722e+06 1.82049e+06
BT
 2.59903e+06 703994 1.40135e+06 1.32416e+06 1.48874e+06 1.65103e+06 3.72242e+06 3.3157e+06 3.09765e+06 2.67449e+06 2.20217e+06 1.48314e+06 1.02162e+06 545743 315887 251089 310791 424707 469739 645483 966622 880399 1.24822e+06 1.89457e+06 2.42995e+06 2.63592e+06 2.5586e+06
Ftot
 0.409926 0.304474 0.419174 0.0785131 0.0165776 0.170545 0.106883 0.215406 0.250162 0.210878 0.461378 0.438054 0.703138 1.26236 1.21272 0.464413 0.322716 0.216095 0.174885 0.179235 0.0849632 0.113531 0.136348 0.128784 0.10668 0.102505 0.0997601
BD_Bspro_t
 0.951624 0.781259 0.754738 0.651855 0.757084 0.857982 0.831242 0.8351 0.782819 0.740654 0.695374 0.53936 0.422702 0.308765 0.191847 0.207161 0.31812 0.480973 0.601073 0.689387 0.781772 0.844934 0.850141 0.855263 0.86845 0.848542 0.83707
BD_Bspro
 0.602296 0.399491 0.520395 0.68091 0.674939 0.993071 1.49289 1.72527 1.42714 1.3694 1.212 0.83168 0.506399 0.263715 0.124476 0.110421 0.13842 0.19455 0.251577 0.295263 0.434839 0.505074 0.630651 0.900714 1.35298 1.53762 1.4677
BD_Bo
 0.306096 0.203028 0.264473 0.346049 0.343015 0.504694 0.758709 0.876811 0.725296 0.69595 0.615958 0.422673 0.25736 0.134024 0.0632605 0.0561178 0.070347 0.0988732 0.127856 0.150058 0.220992 0.256687 0.320507 0.457757 0.687607 0.781444 0.745909
BD_Brms
 0.556539 0.369141 0.48086 0.629181 0.623663 0.917626 1.37947 1.5942 1.31872 1.26536 1.11992 0.768497 0.467927 0.24368 0.115019 0.102032 0.127904 0.179769 0.232465 0.272832 0.401803 0.466703 0.58274 0.832286 1.25019 1.42081 1.3562
S_f
 0.182481 1 1 1 1
 0.182481 1 1 1 1
 0.182481 1 1 1 1
 0.182481 1 1 1 1
 0.182481 1 1 1 1
 0.182481 1 1 1 1
 0.182481 1 1 1 1
 0.182481 1 1 1 1
 0.182481 1 1 1 1
 0.182481 1 1 1 1
 0.182481 1 1 1 1
 0.182481 1 1 1 1
 0.182481 1 1 1 1
 0.182481 1 1 1 1
 0.182481 1 1 1 1
 0.182481 1 1 1 1
 0.182481 1 1 1 1
 0.182481 1 1 1 1
 0.182481 1 1 1 1
 0.182481 1 1 1 1
 0.182481 1 1 1 1
 0.182481 1 1 1 1
 0.182481 1 1 1 1
 0.182481 1 1 1 1
 0.182481 1 1 1 1
 0.182481 1 1 1 1
 0.182481 1 1 1 1
Scru_reclas
 0.959076 1 1 1 1
 0.959076 1 1 1 1
 0.959076 1 1 1 1
 0.959076 1 1 1 1
 0.959076 1 1 1 1
 0.959076 1 1 1 1
 0.959076 1 1 1 1
 0.959076 1 1 1 1
 0.959076 1 1 1 1
 0.959076 1 1 1 1
 0.959076 1 1 1 1
 0.959076 1 1 1 1
 0.959076 1 1 1 1
 0.959076 1 1 1 1
 0.959076 1 1 1 1
 0.959076 1 1 1 1
 0.959076 1 1 1 1
 0.959076 1 1 1 1
 0.959076 1 1 1 1
 0.959076 1 1 1 1
 0.959076 1 1 1 1
 0.959076 1 1 1 1
 0.959076 1 1 1 1
 0.959076 1 1 1 1
 0.959076 1 1 1 1
 0.959076 1 1 1 1
 0.959076 1 1 1 1
Scru_pelaces
 1 1 1 1 1
 1 1 1 1 1
 1 1 1 1 1
 1 1 1 1 1
 1 1 1 1 1
 1 1 1 1 1
 1 1 1 1 1
 1 1 1 1 1
 1 1 1 1 1
 1 1 1 1 1
 1 1 1 1 1
 1 1 1 1 1
 1 1 1 1 1
 1 1 1 1 1
 1 1 1 1 1
 1 1 1 1 1
 1 1 1 1 1
 1 1 1 1 1
 1 1 1 1 1
 1 1 1 1 1
 1 1 1 1 1
 1 1 1 1 1
 1 1 1 1 1
 1 1 1 1 1
 1 1 1 1 1
 1 1 1 1 1
 1 1 1 1 1
pf_obs 
 0.256992 0.487395 0.22802 0.0275931 0
 0.321318 0.546541 0.124235 0.00734118 0.000564706
 0.182869 0.594174 0.210203 0.0122559 0.00049798
 0.330522 0.361315 0.267642 0.0388342 0.00168674
 0.649043 0.306663 0.0425973 0.00169635 0
 0.582887 0.30429 0.105238 0.00758474 0
 0.465427 0.430635 0.0974691 0.00646863 0
 0.296916 0.608066 0.0921331 0.00288517 0
 0.311714 0.524322 0.152257 0.0117073 0
 0.15457 0.633149 0.183074 0.0267441 0.00246327
 0.131901 0.49318 0.331252 0.0422183 0.00144891
 0.196976 0.569456 0.194076 0.0375587 0.00193317
 0.518974 0.381816 0.0799577 0.0180837 0.00116848
 0.0928022 0.601141 0.25162 0.0475244 0.00691264
 0.122501 0.610282 0.24278 0.0234846 0.000952079
 0.383417 0.481906 0.127806 0.00687128 0
 0.0376549 0.599619 0.316969 0.0457579 0
 0.0361596 0.667082 0.258105 0.0386534 0
 0.158088 0.579412 0.248529 0.0139706 0
 0.0477256 0.309471 0.559284 0.082774 0.000745712
 0.0406174 0.521527 0.379366 0.0568643 0.0016247
 0.151134 0.462217 0.34131 0.0453401 0
 0.294876 0.26143 0.354403 0.0886775 0.000613685
 0.281977 0.475581 0.204845 0.0348837 0.00271318
 0.0841818 0.532909 0.334909 0.0458182 0.00218182
 0.115287 0.27431 0.454777 0.147771 0.00785563
 0.0989387 0.350907 0.424855 0.114687 0.0106128
pf_pred 
 0.370358 0.444892 0.16528 0.0194586 1.09956e-05
 0.303998 0.554292 0.100129 0.0371986 0.00438192
 0.171556 0.608116 0.175468 0.0316971 0.0131628
 0.256265 0.431674 0.229068 0.066096 0.016898
 0.292219 0.468466 0.138902 0.0737082 0.0267054
 0.171004 0.576231 0.1673 0.0496051 0.0358601
 0.246966 0.414322 0.235437 0.0683556 0.0349194
 0.191326 0.528648 0.154071 0.0875503 0.0384042
 0.218453 0.460314 0.209998 0.0612024 0.0500335
 0.196537 0.508186 0.173911 0.0793392 0.0420261
 0.119183 0.525416 0.22479 0.0769275 0.0536844
 0.121045 0.421819 0.272686 0.116664 0.0677864
 0.203621 0.383417 0.198184 0.128117 0.0866608
 0.184794 0.540539 0.132239 0.0683527 0.0740757
 0.267795 0.513373 0.145101 0.0354978 0.0382331
 0.33585 0.522348 0.099422 0.0281008 0.014279
 0.218092 0.606343 0.13808 0.0262818 0.0112029
 0.246797 0.482078 0.210248 0.0478791 0.0129977
 0.234997 0.508737 0.16402 0.0715338 0.0207124
 0.304177 0.449542 0.16378 0.0528037 0.0296973
 0.258886 0.535414 0.132894 0.0484169 0.0243891
 0.249475 0.499553 0.181313 0.0450035 0.0246551
 0.297155 0.462089 0.160248 0.0581623 0.0223453
 0.28504 0.508761 0.135567 0.0470133 0.0236191
 0.129601 0.608108 0.186645 0.0497342 0.0259123
 0.170451 0.382841 0.312094 0.0957904 0.0388235
 0.210017 0.427668 0.16721 0.136311 0.0587941
pobs_RECLAS
 0 0 0 0 0
 0 0 0 0 0
 0 0 0 0 0
 0 0 0 0 0
 0.835266 0.146461 0.0176864 0.000547809 3.91292e-05
 0.385257 0.428462 0.181853 0.0044286 0
 0.867414 0.0963971 0.0333333 0.00285562 0
 0.441836 0.489002 0.0689373 0.000224442 0
 0.779404 0.147425 0.0564933 0.0165055 0.000172143
 0.814271 0.122319 0.05973 0.00367925 0
 0.40263 0.566651 0.0304383 0.000280538 0
 0.475488 0.404961 0.113038 0.00651328 0
 0.955842 0.0263864 0.0167828 0.000988607 0
 0.975058 0.0227948 0.00214734 0 0
 0.738997 0.206755 0.0527124 0.00153531 0
 0.850938 0.134255 0.0134407 0.00136685 0
 0.542534 0.407297 0.0501686 0 0
 0.764087 0.199537 0.0359546 0.000420521 0
 0.470689 0.182191 0.310203 0.0369168 0
 0.84361 0.089868 0.0606195 0.00523954 0.000663233
 0.607945 0.314616 0.071237 0.00620181 0
 0.523733 0.453247 0.0230204 0 0
 0.530135 0.295979 0.169645 0.0042399 0
 0.562478 0.366248 0.0663022 0.0049721 0
 0.250443 0.683176 0.0655157 0.000865301 0
 0.195077 0.31981 0.436473 0.0351445 0.0134964
 0.565238 0.351407 0.0832357 0.000118908 0
ppred_RECLAS
 0.760344 0.169336 0.0629094 0.00740641 4.18517e-06
 0.700359 0.238633 0.0431074 0.0160146 0.00188649
 0.527807 0.346612 0.100012 0.0180666 0.00750248
 0.645153 0.205957 0.109291 0.0315353 0.00806228
 0.684706 0.208686 0.0618762 0.0328347 0.0118964
 0.522484 0.331919 0.0963678 0.0285734 0.020656
 0.634128 0.201304 0.11439 0.0332115 0.0169661
 0.557225 0.289452 0.084359 0.0479366 0.0210276
 0.598422 0.236521 0.107902 0.0314473 0.0257085
 0.565363 0.274905 0.0940781 0.0429189 0.0227342
 0.422923 0.344232 0.147273 0.0503998 0.0351719
 0.426762 0.275102 0.177841 0.076086 0.0442091
 0.586086 0.199279 0.103005 0.0665881 0.0450415
 0.573198 0.283 0.0692336 0.0357861 0.0387824
 0.682743 0.222439 0.0628707 0.0153808 0.016566
 0.732593 0.210313 0.0400304 0.0113143 0.00574917
 0.599127 0.310863 0.0707919 0.0134743 0.00574358
 0.635434 0.233336 0.101765 0.0231745 0.00629119
 0.619749 0.252872 0.0815274 0.0355564 0.0102953
 0.698796 0.194595 0.0708963 0.0228574 0.0128552
 0.648365 0.254037 0.0630542 0.0229723 0.0115719
 0.637327 0.241397 0.0876152 0.0217468 0.011914
 0.691175 0.203039 0.070412 0.0255561 0.00981838
 0.678409 0.228842 0.0609783 0.0211467 0.010624
 0.440366 0.390991 0.120006 0.0319773 0.0166607
 0.520526 0.22128 0.180389 0.0553663 0.0224398
 0.584096 0.225156 0.0880315 0.0717639 0.0309535
pobs_PELACES
 0 0 0 0 0
 0 0 0 0 0
 0 0 0 0 0
 0 0 0 0 0
 0 0 0 0 0
 0 0 0 0 0
 0 0 0 0 0
 0 0 0 0 0
 0 0 0 0 0
 0 0 0 0 0
 0.450072 0.473896 0.0757376 0.000293798 0
 0 0 0 0 0
 0.463077 0.371075 0.160297 0.00555027 0
 0.529543 0.364841 0.0842815 0.0213345 0
 0.631943 0.363953 0.00410389 0 0
 0.735681 0.248677 0.0153453 0.000297389 0
 0.695825 0.281241 0.0229344 0 0
 0.275771 0.60734 0.115278 0.00161068 0
 0 0 0 0 0
 0.896147 0.0623911 0.0374545 0.00400742 0
 0.803859 0.145111 0.0509908 3.86294e-05 0
 0.739449 0.233085 0.0266225 0.000797448 4.60066e-05
 0.878498 0.100942 0.0204185 0.000141795 0
 0.694673 0.275183 0.0284847 0.00165964 0
 0.469039 0.446079 0.0841089 0.000773354 0
 0.822795 0.102175 0.0682046 0.00682512 0
 0.69333 0.244118 0.0624202 0.000131731 0
ppred_PELACES
 0.787001 0.150501 0.0559119 0.00658259 3.71966e-06
 0.725704 0.218448 0.0394612 0.01466 0.00172692
 0.566163 0.318456 0.0918885 0.0165991 0.00689306
 0.659433 0.197669 0.104893 0.0302663 0.00773784
 0.694606 0.202134 0.0599334 0.0318037 0.0115229
 0.544331 0.316733 0.0919588 0.0272661 0.019711
 0.650352 0.192378 0.109318 0.0317388 0.0162137
 0.581712 0.273445 0.0796937 0.0452856 0.0198647
 0.624377 0.221234 0.100928 0.0294148 0.0240469
 0.589436 0.25968 0.0888675 0.0405418 0.0214751
 0.463931 0.31977 0.136808 0.0468184 0.0326726
 0.466273 0.25614 0.165583 0.0708416 0.0411619
 0.640903 0.172887 0.0893636 0.0577694 0.0390764
 0.663127 0.223371 0.0546459 0.0282459 0.0306108
 0.756827 0.170497 0.0481895 0.0117892 0.0126976
 0.764028 0.18559 0.0353245 0.0099842 0.00507332
 0.629641 0.287201 0.0654033 0.0124486 0.00530639
 0.65829 0.218707 0.0953845 0.0217216 0.00589676
 0.64048 0.239085 0.0770825 0.0336179 0.00973398
 0.717422 0.182562 0.0665121 0.0214439 0.0120602
 0.662972 0.243484 0.0604349 0.0220181 0.0110912
 0.653893 0.230371 0.0836132 0.0207535 0.0113698
 0.707689 0.192181 0.0666468 0.0241895 0.00929335
 0.694872 0.217127 0.0578566 0.0200641 0.0100801
 0.457822 0.378795 0.116262 0.0309798 0.016141
 0.537824 0.213296 0.173881 0.0533687 0.0216302
 0.600682 0.216176 0.0845208 0.0689019 0.0297191
pobs_pel_tallas
 0 0 0 0 0 0 0 0 0 0 0 0 0 0 0 0 0 0 0 0 0 0 0 0 0 0 0 0 0 0 0 0 0 0 0 0
 0 0 0 0 0 0 0 0 0 0 0 0 0 0 0 0 0 0 0 0 0 0 0 0 0 0 0 0 0 0 0 0 0 0 0 0
 0 0 0 0 0 0 0 0 0 0 0 0 0 0 0 0 0 0 0 0 0 0 0 0 0 0 0 0 0 0 0 0 0 0 0 0
 0 0 0 0 0 0 0 0 0 0 0 0 0 0 0 0 0 0 0 0 0 0 0 0 0 0 0 0 0 0 0 0 0 0 0 0
 0 0 0 0 0 0 0 0 0 0 0 0 0 0 0 0 0 0 0 0 0 0 0 0 0 0 0 0 0 0 0 0 0 0 0 0
 0 0 0 0 0 0 0 0 0 0 0 0 0 0 0 0 0 0 0 0 0 0 0 0 0 0 0 0 0 0 0 0 0 0 0 0
 0 0 0 0 0 0 0 0 0 0 0 0 0 0 0 0 0 0 0 0 0 0 0 0 0 0 0 0 0 0 0 0 0 0 0 0
 0 0 0 0 0 0 0 0 0 0 0 0 0 0 0 0 0 0 0 0 0 0 0 0 0 0 0 0 0 0 0 0 0 0 0 0
 0 0 0 0 0 0 0 0 0 0 0 0 0 0 0 0 0 0 0 0 0 0 0 0 0 0 0 0 0 0 0 0 0 0 0 0
 0 0 0 0 0 0 0 0 0 0 0 0 0 0 0 0 0 0 0 0 0 0 0 0 0 0 0 0 0 0 0 0 0 0 0 0
 0 0 0 0 0 0 0 0 1.78061e-05 0.00172719 0.00360574 0.0105946 0.0120993 0.0124554 0.0147524 0.0171206 0.0266825 0.0428682 0.0675386 0.121331 0.153587 0.119568 0.100827 0.0573624 0.0630603 0.0341343 0.0324427 0.0444173 0.0211091 0.0280891 0.0125444 0.00206551 0 0 0 0
 0 0 0 0 0 0 0 0 0 0 0 0 0 0 0 0 0 0 0 0 0 0 0 0 0 0 0 0 0 0 0 0 0 0 0 0
 0 0 0 0 0 0 0.0133647 0.0140871 0.0187388 0.0205184 0.03894 0.0496705 0.03968 0.0493445 0.0407372 0.0367815 0.0215668 0.0243155 0.0234873 0.0199281 0.019796 0.0243948 0.0301388 0.0376714 0.0412746 0.0863199 0.0771752 0.113111 0.0741005 0.0525337 0.0229764 0.00759418 0.00175318 0 0 0
 0 0 0 0 0 0 0 0 0 0 0.00219441 0.00772107 0.0458388 0.0604681 0.0671733 0.0775358 0.0609151 0.0617685 0.073594 0.0568108 0.0755445 0.0548602 0.0670107 0.0636378 0.0643287 0.046367 0.0373049 0.0286899 0.0247887 0.0153202 0.00654259 0.00121912 0.000365735 0 0 0
 0 0 0 0 0 0 0 0 0 0 0 0 0.000112435 0.00938835 0.0111873 0.0202946 0.0414886 0.0713402 0.111592 0.104902 0.108894 0.110636 0.117776 0.105296 0.107544 0.0401394 0.0192827 0.0124803 0.00416011 0.0028671 0.000618394 0 0 0 0 0
 0 0 0 0 0 0 0 0 0 0 0.00291406 0.0102884 0.027416 0.0768956 0.0749926 0.110853 0.0956884 0.0897413 0.0766577 0.0534642 0.0500743 0.0551293 0.0594112 0.0620874 0.0668451 0.0424026 0.0208742 0.0120726 0.0048766 0.00582813 0.00118941 0.000297354 0 0 0 0
 0 0.00264628 0.0354308 0.0461629 0.0458689 0.0383711 0.0214643 0.0164657 0.0346957 0.0420465 0.0363128 0.0245516 0.0311673 0.0291091 0.0169068 0.0133784 0.00837989 0.0085269 0.0148486 0.0160247 0.0276389 0.0546898 0.0760071 0.122758 0.109233 0.0665981 0.0333725 0.0166128 0.00676272 0.00308733 0.000882094 0 0 0 0 0
 0 0 0 0 0 0 0 0.000805153 0.000690131 0.00759144 0.0133425 0.0154129 0.00931677 0.000345066 0.00356568 0.00563607 0.00851162 0.0253048 0.0502646 0.0516448 0.0657925 0.0565908 0.0611916 0.0827007 0.0866115 0.110766 0.145733 0.0935128 0.0569358 0.0249597 0.0138026 0.00621118 0.00161031 0.00115022 0 0
 0 0 0 0 0 0 0 0 0 0 0 0 0 0 0 0 0 0 0 0 0 0 0 0 0 0 0 0 0 0 0 0 0 0 0 0
 0.00147267 0.00158595 0.00478618 0.00569244 0.00954404 0.0108468 0.00647125 0.017049 0.0510054 0.094081 0.124002 0.0959785 0.0687766 0.0820023 0.061753 0.0591476 0.0492212 0.0479892 0.0443925 0.0268479 0.0217502 0.0140895 0.0121071 0.0120363 0.00920419 0.00665534 0.0049561 0.00860946 0.00930331 0.0156896 0.0114698 0.00855282 0.00243557 0.00046729 0 2.83206e-05
 0 0 0 0 0.000772559 0.00158375 0.000888443 0.00281984 0.00712685 0.0440552 0.0773331 0.111326 0.0921469 0.0852325 0.0710754 0.0886704 0.0786465 0.0553345 0.0373146 0.0185414 0.00753245 0.00457741 0.012979 0.0271748 0.0457355 0.0583668 0.034881 0.0177882 0.00938659 0.00492506 0.0015258 0.00185414 0.000309023 5.79419e-05 3.86279e-05 0
 0 0.00173294 0.00326652 0 0.00397197 0.00683976 0.00946217 0.0152591 0.00757587 0.0136028 0.0228656 0.0392903 0.0559909 0.0764795 0.0681675 0.0726916 0.0566044 0.0477403 0.0527397 0.0444891 0.0609904 0.0582453 0.0661739 0.0445044 0.0529084 0.0360697 0.0280645 0.0235558 0.0158879 0.00826598 0.00280645 0.00217768 0.000904811 0.00058276 9.20147e-05 0
 0 0 0 0 0 0 0 0 0 0 0 0 0 0 0 0 0 0 0 0 0 0 0 0 0 0 0 0 0 0 0 0 0 0 0 0
 0 0 0 0 0 0 0 0 0 0 0 0 0 0 0 0 0 0 0 0 0 0 0 0 0 0 0 0 0 0 0 0 0 0 0 0
 0 0 0 0 0 0 0 0 0 0 0 0 0 0 0 0 0 0 0 0 0 0 0 0 0 0 0 0 0 0 0 0 0 0 0 0
 0 0 0 0 0 0 0 0 0 0 0 0 0 0 0 0 0 0 0 0 0 0 0 0 0 0 0 0 0 0 0 0 0 0 0 0
 0 0 0 0 0 0 0 0 0 0 0 0 0 0 0 0 0 0 0 0 0 0 0 0 0 0 0 0 0 0 0 0 0 0 0 0
ppred_pel_tallas
 1.0107e-16 3.43358e-05 0.000201528 0.000957986 0.00368832 0.0115017 0.0290523 0.0594446 0.0985352 0.132327 0.143991 0.126993 0.0908674 0.0529536 0.0255551 0.0110119 0.00556343 0.0047873 0.0059751 0.00794143 0.0102085 0.0124959 0.0145494 0.0161321 0.0170648 0.0172625 0.0167507 0.0156502 0.014142 0.0124212 0.010658 0.00897427 0.00743991 0.00608197 0.00490093 0.0038854
 1.01216e-16 3.16657e-05 0.000185846 0.000883418 0.00340119 0.0106063 0.0267906 0.0548176 0.0908678 0.122037 0.132813 0.117179 0.0839417 0.0491126 0.0240658 0.0109929 0.00645874 0.00640634 0.00833588 0.0111175 0.0142346 0.0173185 0.0200083 0.0219689 0.0229559 0.0228705 0.0217803 0.0198943 0.0175062 0.0149226 0.0124018 0.0101178 0.00815459 0.00652353 0.00519114 0.00410633
 1.02301e-16 2.47131e-05 0.000145019 0.0006893 0.00265375 0.00827538 0.0209032 0.0427722 0.0709054 0.0952416 0.103688 0.0915701 0.0657887 0.0388789 0.0197742 0.0102555 0.00771417 0.00903913 0.0122931 0.0165449 0.021267 0.0259791 0.0301652 0.0333332 0.0351142 0.0353442 0.0340948 0.0316413 0.028383 0.0247439 0.021087 0.0176643 0.0146093 0.0119592 0.00969265 0.00776457
 1.02955e-16 2.87752e-05 0.000168879 0.000802755 0.00309062 0.00963778 0.0243443 0.0498121 0.0825707 0.110895 0.120689 0.106487 0.0762942 0.0446624 0.0219325 0.0101041 0.00606721 0.00615087 0.00810254 0.010917 0.0141461 0.017472 0.0205744 0.0231424 0.0249287 0.0257984 0.0257497 0.0248981 0.0234338 0.0215682 0.019489 0.017335 0.0151941 0.0131163 0.0111315 0.00926482
 1.02548e-16 3.0309e-05 0.000177883 0.000845562 0.00325544 0.0101518 0.0256426 0.0524685 0.0869737 0.116807 0.12712 0.112155 0.08034 0.0469997 0.0230212 0.0105029 0.00615922 0.00611259 0.0079795 0.0106921 0.0137733 0.0168895 0.0197124 0.0219318 0.0233132 0.023747 0.023268 0.0220342 0.0202781 0.0182452 0.0161428 0.0141112 0.0122222 0.0104946 0.0089195 0.00748117
 1.03267e-16 2.3761e-05 0.00013943 0.000662728 0.00255144 0.00795635 0.0200973 0.0411233 0.0681724 0.0915717 0.0996955 0.0880512 0.0632758 0.0374247 0.019092 0.00999598 0.00763562 0.00902601 0.0123088 0.0165892 0.0213561 0.0261387 0.0304291 0.0337409 0.0357081 0.0361641 0.0351731 0.0329965 0.0300158 0.026634 0.023193 0.0199267 0.0169551 0.0143092 0.0119688 0.0098972
 1.03463e-16 2.8379e-05 0.000166553 0.0007917 0.00304806 0.00950505 0.0240091 0.0491261 0.0814336 0.109368 0.119026 0.105019 0.0752412 0.044043 0.0216232 0.00995374 0.00596815 0.00604738 0.00797278 0.0107574 0.0139651 0.0172892 0.0204204 0.0230564 0.0249545 0.0259782 0.026117 0.025472 0.0242152 0.0225391 0.0206147 0.0185687 0.0164827 0.014406 0.0123734 0.0104186
 1.03705e-16 2.53892e-05 0.000148993 0.0007082 0.00272653 0.00850238 0.0214765 0.0439449 0.0728479 0.097846 0.106511 0.0940332 0.0674934 0.0397559 0.0199802 0.00997325 0.00703385 0.00795229 0.0107418 0.0144738 0.0186627 0.0228959 0.0267373 0.0297696 0.0316763 0.0323096 0.0317156 0.0301063 0.0277932 0.0251044 0.0223156 0.0196121 0.0170865 0.0147617 0.0126242 0.0106537
 1.0364e-16 2.72475e-05 0.000159908 0.000760101 0.00292638 0.00912561 0.0230506 0.0471654 0.0781844 0.105007 0.114289 0.10086 0.0723061 0.0424149 0.0209912 0.00994417 0.00634484 0.00672891 0.00896584 0.0120919 0.0156544 0.0193092 0.0227021 0.0254897 0.0274029 0.0283008 0.0281924 0.0272178 0.025598 0.0235732 0.0213513 0.0190795 0.0168429 0.0146811 0.0126116 0.0106485
 1.03743e-16 2.57255e-05 0.000150968 0.000717594 0.00276271 0.00861519 0.0217614 0.0445278 0.0738137 0.0991417 0.107917 0.0952656 0.0683576 0.040224 0.0201398 0.00992922 0.00684854 0.00764166 0.0102969 0.0138823 0.0179233 0.0220262 0.0257768 0.0287767 0.0307207 0.0314605 0.0310297 0.0296185 0.0275113 0.0250108 0.0223733 0.019774 0.0173047 0.0149947 0.0128416 0.0108372
 1.05182e-16 2.02554e-05 0.000118848 0.00056488 0.0021747 0.00678149 0.0171297 0.0350515 0.0581085 0.0780588 0.0849979 0.0751037 0.0540445 0.0321124 0.0166561 0.00916993 0.00755465 0.00929552 0.0128269 0.0173853 0.0225092 0.0277463 0.0325931 0.036556 0.0392495 0.0404746 0.0402507 0.0387865 0.0364075 0.0334654 0.0302623 0.0270101 0.0238283 0.0207687 0.0178499 0.0150859
 1.06792e-16 2.0355e-05 0.000119439 0.0005677 0.00218558 0.00681543 0.0172154 0.0352263 0.0583966 0.0784403 0.0853992 0.0754248 0.0542026 0.0320606 0.0163633 0.00858898 0.00660741 0.0078819 0.0108511 0.0147899 0.0193093 0.0240567 0.0286378 0.0326544 0.0357772 0.0378056 0.0386947 0.0385366 0.0375107 0.0358221 0.0336522 0.0311351 0.0283613 0.0253978 0.0223109 0.0191808
 1.05136e-16 2.79661e-05 0.000164131 0.000780189 0.00300375 0.00936688 0.02366 0.0484118 0.080249 0.107775 0.11729 0.103478 0.0741173 0.0433456 0.0212076 0.00964005 0.00561528 0.00556428 0.00730407 0.00987408 0.0128666 0.0160104 0.0190367 0.0216823 0.0237338 0.0250673 0.0256636 0.0255947 0.0249867 0.0239773 0.022681 0.0211738 0.0194982 0.0176789 0.0157428 0.0137309
 1.0325e-16 2.89372e-05 0.000169827 0.00080726 0.00310796 0.00969185 0.0244809 0.0500918 0.083035 0.11152 0.121374 0.107102 0.0767586 0.0449812 0.0221754 0.0103581 0.0064064 0.00662804 0.0087488 0.0117379 0.015114 0.0185198 0.0215968 0.0240063 0.025495 0.0259493 0.025415 0.0240738 0.0221866 0.0200252 0.0178144 0.0157006 0.0137508 0.0119724 0.0103423 0.00883328
 1.01739e-16 3.30208e-05 0.000193807 0.000921272 0.00354695 0.0110608 0.0279388 0.0571665 0.0947597 0.127259 0.138483 0.122149 0.0874337 0.0510173 0.0247416 0.0108686 0.00579315 0.0052705 0.00669699 0.00892296 0.011467 0.0140268 0.0163199 0.0180834 0.0191207 0.0193435 0.0187879 0.0175967 0.015977 0.0141476 0.0122935 0.0105412 0.00895465 0.00754924 0.00631224 0.00522176
 1.01143e-16 3.33354e-05 0.000195652 0.000930044 0.00358072 0.0111661 0.0282048 0.0577108 0.0956623 0.128473 0.139805 0.123323 0.0882873 0.0515429 0.0250476 0.0110885 0.00602934 0.00558521 0.00712309 0.0094714 0.0121264 0.01476 0.0170631 0.0187505 0.0196143 0.0195696 0.0186725 0.017099 0.0150966 0.0129239 0.0107986 0.00886743 0.00720112 0.00580932 0.00466424 0.00372365
 1.01698e-16 2.74797e-05 0.000161265 0.000766539 0.00295115 0.00920283 0.0232458 0.0475651 0.0788487 0.105905 0.11528 0.101767 0.073026 0.042978 0.0215298 0.0106288 0.00733986 0.00817661 0.010976 0.0147222 0.0188818 0.0230057 0.0266252 0.0292983 0.030699 0.0306904 0.0293521 0.0269499 0.0238613 0.0204833 0.017153 0.0141008 0.0114428 0.00920219 0.00734464 0.0058125
 1.02448e-16 2.87262e-05 0.000168589 0.000801373 0.00308529 0.00962116 0.0243024 0.0497265 0.0824293 0.110707 0.120489 0.106321 0.0761995 0.044655 0.0220179 0.0102919 0.00637932 0.00661837 0.00875647 0.0117763 0.015206 0.0186947 0.0218864 0.0244385 0.0260853 0.0266924 0.0262794 0.0250002 0.0230931 0.0208178 0.0184016 0.0160088 0.0137364 0.011629 0.00970068 0.00795453
 1.02783e-16 2.79504e-05 0.000164033 0.000779708 0.00300187 0.00936101 0.0236453 0.0483821 0.0802016 0.107717 0.117241 0.10347 0.0741868 0.043538 0.0215832 0.0102825 0.00663212 0.00707562 0.00941991 0.0126626 0.0163196 0.0200144 0.0233609 0.0259905 0.0276235 0.0281274 0.0275407 0.0260488 0.0239267 0.0214665 0.0189171 0.0164501 0.0141563 0.0120643 0.0101683 0.00845265
 1.02305e-16 3.13031e-05 0.000183721 0.000873321 0.00336232 0.0104851 0.0264845 0.054191 0.0898282 0.120639 0.131284 0.115813 0.0829281 0.0484486 0.0236094 0.0105663 0.00591468 0.00564171 0.00728529 0.00975325 0.0125763 0.0154444 0.0180587 0.0201363 0.0214609 0.0219274 0.0215594 0.0204923 0.0189296 0.0170893 0.0151578 0.0132653 0.0114824 0.00983465 0.00832266 0.00694026
 1.02213e-16 2.89313e-05 0.000169791 0.000807082 0.00310727 0.00968968 0.0244755 0.0500808 0.0830173 0.111498 0.121355 0.107096 0.076778 0.0450405 0.0222935 0.0105615 0.00672968 0.00711061 0.00942796 0.012639 0.0162395 0.0198396 0.0230432 0.0254769 0.0268626 0.0270787 0.026183 0.0243871 0.0219943 0.0193239 0.0166452 0.0141407 0.0119016 0.00994635 0.00825159 0.00677963
 1.02507e-16 2.85349e-05 0.000167465 0.000796027 0.00306471 0.00955696 0.0241402 0.0493948 0.0818798 0.10997 0.11969 0.105623 0.0757136 0.0443996 0.0219464 0.0103489 0.00653439 0.00686751 0.00910865 0.0122395 0.0157771 0.0193545 0.0225971 0.0251476 0.026733 0.0272221 0.0266485 0.0251883 0.0231055 0.0206833 0.0181652 0.0157224 0.0134493 0.0113802 0.00951479 0.00784129
 1.02275e-16 3.08791e-05 0.000181231 0.00086148 0.00331673 0.0103429 0.0261254 0.0534563 0.0886106 0.119005 0.129508 0.114254 0.0818267 0.0478356 0.0233674 0.0105542 0.00604289 0.00587864 0.00763295 0.0102234 0.013176 0.0161685 0.0188865 0.0210327 0.0223803 0.0228205 0.0223812 0.0212084 0.0195201 0.0175492 0.0154949 0.0134956 0.0116264 0.00991284 0.00835357 0.00693913
 1.02053e-16 3.03212e-05 0.000177953 0.000845894 0.00325671 0.0101557 0.0256526 0.0524891 0.0870083 0.116855 0.127176 0.112211 0.0803972 0.0470672 0.0231172 0.010652 0.00638972 0.00645335 0.00845574 0.0113189 0.0145482 0.017786 0.0206773 0.0228881 0.0241691 0.0244093 0.023657 0.0220967 0.0199954 0.0176343 0.0152517 0.0130098 0.0109907 0.00921347 0.00766058 0.00630222
 1.03593e-16 1.99914e-05 0.000117293 0.000557474 0.00214616 0.00669249 0.016905 0.0345921 0.0573487 0.0770435 0.0839062 0.0741723 0.0534464 0.0319013 0.0168101 0.00967124 0.0084344 0.0106285 0.0146988 0.0198532 0.0255654 0.0312919 0.0364273 0.040388 0.0427332 0.043261 0.0420451 0.039397 0.0357728 0.031657 0.0274634 0.023478 0.0198521 0.0166298 0.0137926 0.0113002
 1.05383e-16 2.34733e-05 0.00013775 0.00065476 0.0025208 0.00786081 0.0198559 0.0406286 0.0673497 0.0904586 0.098463 0.0869136 0.0623516 0.0366647 0.0183142 0.00896489 0.00611843 0.00681687 0.00924877 0.0126005 0.0164863 0.0205985 0.0246033 0.0281605 0.0309811 0.0328782 0.0337906 0.0337715 0.0329511 0.0314892 0.0295369 0.0272179 0.0246302 0.0218581 0.0189875 0.0161122
 1.05027e-16 2.6214e-05 0.000153841 0.000731259 0.00281534 0.00877933 0.022176 0.0453756 0.0752178 0.101023 0.109954 0.0970375 0.0695715 0.0408228 0.0202261 0.0096208 0.00619277 0.00661322 0.00883685 0.0119409 0.0154939 0.0191685 0.0226271 0.0255419 0.027655 0.0288297 0.0290696 0.0284984 0.0273116 0.0257166 0.0238854 0.0219311 0.0199111 0.0178473 0.0157516 0.0136457
pSPR Fmed_Fpbrs
0.438576   0.6 0.325
Fs Fmed_Fpbrs
0.66   0.348302 1.07049
SSBpbr Bo_Bmed_Bpbrs
2.44063e+06  948370  1.34235e+06 671173
Ro
59874.1
SPR SPRFo_SPRFmed_SPRFpbrs
1.24037e+06 543995 403119
log_Ro
10.82
likeval ReclasPelacesDesembMPH_pf_preclas_ppelaces_ptallas_desvR_qrecl_qpela
 63.2811 23.681 0.02973 0.000644789 353.647 219.23 58.9735 0 17.1925 7.09176e-05 4.99861e-06 2.70159e-16 0 0 0
q_reclas_q_pelaces
0.303211 1.37449
M
0.7
N
 62996.9 15910.5 5910.82 695.89 0.39323
 78435.6 29028.6 5243.82 1948.11 229.483
 49288.3 36844.9 10631.3 1920.48 797.515
 71715.4 22673.5 12031.7 3471.66 887.561
 119288 35106.2 10409.1 5523.6 2001.27
 90404.7 59057.9 17146.6 5084.03 3675.3
 136825 43518 24728.9 7179.68 3667.74
 122476 66633.1 19419.8 11035.2 4840.63
 139268 58475.5 26676.8 7774.79 6355.96
 129979 66072.2 22611.2 10315.3 5464.05
 65888.5 62109.2 26572.3 9093.57 6346.02
 40673.6 30077.3 19443.6 8318.58 4833.43
 42895.8 18646.2 9638.03 6230.53 4214.46
 23618.6 18736.3 4583.69 2369.26 2567.63
 18159.8 9315.46 2632.94 644.128 693.762
 21711.8 7227.63 1375.68 388.826 197.576
 17445.8 9905.67 2255.79 429.359 183.019
 21231.6 8167.88 3562.25 811.219 220.222
 24113.9 10135.6 3267.79 1425.18 412.657
 40359.8 11598.5 4225.65 1362.37 766.211
 49856.9 19397.2 4814.55 1754.07 883.577
 64063.3 24377.3 8847.76 2196.09 1203.13
 104606 31160.6 10806.2 3922.13 1506.84
 148589 50669.4 13501.6 4682.22 2352.32
 81026.9 72073.1 22121.2 5894.51 3071.14
 92815.3 39461 32168.9 9873.53 4001.71
 117470 45236.6 17686.6 14418.3 6218.95
pred_Ctot
 3279.49 3939.48 1463.54 172.305 0.0973649
 3058.41 5576.54 1007.36 374.242 44.0849
 2621.8 9293.5 2681.58 484.409 201.16
 734.267 1236.86 656.34 189.383 48.4173
 259.171 415.486 123.193 65.3724 23.6852
 1995.81 6725.26 1952.58 578.947 418.528
 1902.75 3192.14 1813.92 526.646 269.037
 3402.79 9402.19 2740.21 1557.11 683.032
 4481.14 9442.46 4307.7 1255.45 1026.34
 3536.62 9144.63 3129.47 1427.68 756.245
 3844.78 16949.7 7251.62 2481.65 1731.84
 2257.62 7867.38 5085.9 2175.91 1264.29
 3742.43 7046.98 3642.51 2354.71 1592.77
 3541.47 10359.1 2534.27 1309.94 1419.62
 2625.95 5034.06 1422.84 348.085 374.907
 1274.97 1982.96 377.431 106.678 54.2067
 719.965 2001.65 455.83 86.7612 36.983
 591.739 1155.87 504.108 114.799 31.1644
 545.705 1181.38 380.884 166.114 48.098
 935.743 1382.93 503.839 162.441 91.3581
 552.115 1141.85 283.418 103.257 52.0135
 945.797 1893.88 687.387 170.615 93.4715
 1851.34 2878.9 998.379 362.363 139.216
 2485.37 4436.07 1182.05 409.926 205.944
 1124.67 5277.15 1619.7 431.593 224.867
 1238.3 2781.27 2267.31 695.901 282.046
 1525.6 3106.66 1214.64 990.187 427.092
F
 0.0748039 0.409926 0.409926 0.409926 0.409926
 0.0555609 0.304474 0.304474 0.304474 0.304474
 0.0764914 0.419174 0.419174 0.419174 0.419174
 0.0143272 0.0785131 0.0785131 0.0785131 0.0785131
 0.00302511 0.0165776 0.0165776 0.0165776 0.0165776
 0.0311213 0.170545 0.170545 0.170545 0.170545
 0.0195041 0.106883 0.106883 0.106883 0.106883
 0.0393076 0.215406 0.215406 0.215406 0.215406
 0.0456499 0.250162 0.250162 0.250162 0.250162
 0.0384813 0.210878 0.210878 0.210878 0.210878
 0.0841929 0.461378 0.461378 0.461378 0.461378
 0.0799368 0.438054 0.438054 0.438054 0.438054
 0.12831 0.703138 0.703138 0.703138 0.703138
 0.230358 1.26236 1.26236 1.26236 1.26236
 0.2213 1.21272 1.21272 1.21272 1.21272
 0.0847467 0.464413 0.464413 0.464413 0.464413
 0.0588896 0.322716 0.322716 0.322716 0.322716
 0.0394334 0.216095 0.216095 0.216095 0.216095
 0.0319133 0.174885 0.174885 0.174885 0.174885
 0.032707 0.179235 0.179235 0.179235 0.179235
 0.0155042 0.0849632 0.0849632 0.0849632 0.0849632
 0.0207172 0.113531 0.113531 0.113531 0.113531
 0.0248809 0.136348 0.136348 0.136348 0.136348
 0.0235007 0.128784 0.128784 0.128784 0.128784
 0.0194671 0.10668 0.10668 0.10668 0.10668
 0.0187053 0.102505 0.102505 0.102505 0.102505
 0.0182044 0.0997601 0.0997601 0.0997601 0.0997601
Np
 47480.9 22126.4 20079.1 7126.67 3763.11
YTP_r0W_actual
 12357.4 75491.9 39840.3 39805.5 19518.1
YTP_p0W_proyectada
 18150.5 284296 142145 69469.8 94245.7
 18150.5 109816 140384 62282.9 37759.6
CTP_r0_actual
 1525.6 3106.66 1214.64 990.187 427.092
CTP_p0_proyectada
 2110.52 12360.7 4387.18 1715.3 2026.79
 2110.52 4774.6 4332.83 1537.85 812.034
Wmedp
 8.6 23 32.4 40.5 46.5
nmprior
 10.8 10.6 4.6 0
nm_flota  nm_reclas  nm_pelaces    nm_pelaL
inf 13.0489 19.4421 85.7265
cv_recla  cv_pelaces  cv_mph
0.688918 0.51615 0.678649
 ------------------------------------------------
Talla a la edad & desviaci?n 
 7.2 14.2025 17.0495 18.207 18.6776
 1.08 2.13037 2.55742 2.73105 2.80164
