years
 1997 1998 1999 2000 2001 2002 2003 2004 2005 2006 2007 2008 2009 2010 2011 2012 2013 2014 2015 2016 2017 2018 2019 2020 2021 2022 2023
reclasobs
 0 0 0 370054 412103 1.49427e+06 250295 1.28982e+06 931140 785840 897777 1.04006e+06 184774 17550 25797 100020 73551 82996 120727 218422 84188 347160 605670 569463 516374 1.08416e+06 1.01767e+06
reclaspred
 593903 145377 328020 194795 322511 408934 891363 649092 742433 836226 755982 528741 309782 121589 71526.2 71621.6 81549.7 108160 122067 155508 239729 235349 392783 510430 711639 679106 596807
pelacesobs
 0 0 0 0 0 0 0 0 0 2.06254e+06 1.5e+06 0 1.87456e+06 323000 250000 174000 83755 137374 0 501740 490994 745055 786931 1.00524e+06 1.33801e+06 1.41789e+06 1.42762e+06
pelacespred
 2.25718e+06 471097 598306 592421 911272 779974 2.42905e+06 1.9062e+06 2.10338e+06 2.36993e+06 1.74228e+06 1.25809e+06 783180 250114 159231 157537 183688 256844 274415 353553 650091 574028 771656 1.17881e+06 1.55053e+06 1.54127e+06 1.34292e+06
mphobs
 0 0 0 0 0 112323 0 153150 637223 0 255016 313432 73983 77613 109348 50772 17779 17303 59886 28197 0 207744 136588 643089 65757 70829 0
mphpred
 182634 95103.8 98397 77820.1 87434.5 154147 209575 286332 255357 289616 324223 224096 138011 72976 32536.4 26695.4 27792.4 34190.3 43405.1 48196.1 71196.9 89666.5 109231 153073 234164 246116 214584
desembarqueobs
 350755 77701 442110 56441 14545 235359 269955 359681 431902 328805 639364 411747 362871 311530 167758 66681 60226 58785 57116 73181 50977 67692 138656 160484 209506 203330 187013
desembarquepred
 350752 77691.1 441989 56443.3 14545.3 235450 270035 359585 431867 328756 639055 411632 362760 311483 167495 66659.8 60243.7 58765.6 57087.8 73166.2 50978.3 67673.9 138648 160487 209476 203289 186993
Reclutas
 32606.8 40932.6 16307.2 22990.4 45508.1 30878.3 68516.6 66457.8 89377.6 113172 64481.7 45918 49256.5 26632.5 14165.8 11714.3 8379 10266.7 10573.3 15692.1 21622.7 26361.2 42449.3 60544.1 31323.1 33619.3 38365.8
log_desv_Rt
 0.052277 0.279682 -0.640639 -0.297169 0.385645 -0.00218952 0.794831 0.764323 1.06063 1.29666 0.734136 0.394612 0.464797 -0.150111 -0.781412 -0.971433 -1.30652 -1.10334 -1.07392 -0.679087 -0.358503 -0.160353 0.316066 0.671127 0.0121109 0.0828542 0.214922
SSB
 419275 218330 225891 178652 200724 353875 481123 657335 586224 664874 744321 514458 316833 167531 74694.1 61284.8 63803.2 78490.8 99645.4 110644 163447 205848 250761 351412 537572 565011 492621
BT
 1.41196e+06 341686 525501 330616 436688 520855 1.38464e+06 1.28445e+06 1.41263e+06 1.43019e+06 1.36221e+06 947261 725970 405702 214777 129070 135455 168990 171016 224330 345347 312900 445480 673887 837387 839860 747442
Ftot
 1.16225 1.14957 2.1722 0.556341 0.0977886 0.924899 0.618892 1.11271 1.23085 0.840302 1.44425 1.28079 2.15864 4.3024 4.73941 1.93427 1.49895 1.09853 0.853788 0.916594 0.426867 0.502576 0.620188 0.616133 0.488368 0.457655 0.501562
BD_Bspro_t
 0.899774 0.609369 0.508311 0.293733 0.438608 0.633467 0.564621 0.604493 0.538583 0.523567 0.51719 0.358781 0.258076 0.172203 0.0953477 0.0961747 0.135384 0.215977 0.31022 0.389271 0.515327 0.636394 0.642069 0.649661 0.680399 0.626076 0.584009
BD_Bspro
 0.654008 0.340564 0.352357 0.278671 0.3131 0.551994 0.750482 1.02535 0.914425 1.03711 1.16103 0.802479 0.494213 0.261325 0.116512 0.0955954 0.0995237 0.122434 0.155432 0.172589 0.254954 0.321093 0.391151 0.548151 0.838534 0.881335 0.768417
BD_Bo
 0.620389 0.323057 0.334243 0.264346 0.297005 0.523619 0.711903 0.972639 0.867418 0.983793 1.10135 0.761227 0.468808 0.247891 0.110523 0.0906813 0.0944076 0.11614 0.147442 0.163717 0.241848 0.304587 0.371044 0.519973 0.795429 0.836029 0.728917
BD_Brms
 1.12798 0.587376 0.607715 0.480629 0.540009 0.952034 1.29437 1.76843 1.57712 1.78872 2.00245 1.38405 0.852378 0.450711 0.20095 0.164875 0.17165 0.211165 0.268077 0.297667 0.439724 0.553795 0.674626 0.945405 1.44623 1.52005 1.3253
S_f
 0.0767632 0.612368 0.967758 0.99825 0.999908
 0.0767632 0.612368 0.967758 0.99825 0.999908
 0.0767632 0.612368 0.967758 0.99825 0.999908
 0.0767632 0.612368 0.967758 0.99825 0.999908
 0.0767632 0.612368 0.967758 0.99825 0.999908
 0.0767632 0.612368 0.967758 0.99825 0.999908
 0.0767632 0.612368 0.967758 0.99825 0.999908
 0.0767632 0.612368 0.967758 0.99825 0.999908
 0.0767632 0.612368 0.967758 0.99825 0.999908
 0.0767632 0.612368 0.967758 0.99825 0.999908
 0.0767632 0.612368 0.967758 0.99825 0.999908
 0.0767632 0.612368 0.967758 0.99825 0.999908
 0.0767632 0.612368 0.967758 0.99825 0.999908
 0.0767632 0.612368 0.967758 0.99825 0.999908
 0.0767632 0.612368 0.967758 0.99825 0.999908
 0.0767632 0.612368 0.967758 0.99825 0.999908
 0.0767632 0.612368 0.967758 0.99825 0.999908
 0.0767632 0.612368 0.967758 0.99825 0.999908
 0.0767632 0.612368 0.967758 0.99825 0.999908
 0.0767632 0.612368 0.967758 0.99825 0.999908
 0.0767632 0.612368 0.967758 0.99825 0.999908
 0.0767632 0.612368 0.967758 0.99825 0.999908
 0.0767632 0.612368 0.967758 0.99825 0.999908
 0.0767632 0.612368 0.967758 0.99825 0.999908
 0.0767632 0.612368 0.967758 0.99825 0.999908
 0.0767632 0.612368 0.967758 0.99825 0.999908
 0.0767632 0.612368 0.967758 0.99825 0.999908
Scru_reclas
 0.422739 0.786575 0.948843 0.9894 0.997876
 0.422739 0.786575 0.948843 0.9894 0.997876
 0.422739 0.786575 0.948843 0.9894 0.997876
 0.422739 0.786575 0.948843 0.9894 0.997876
 0.422739 0.786575 0.948843 0.9894 0.997876
 0.422739 0.786575 0.948843 0.9894 0.997876
 0.422739 0.786575 0.948843 0.9894 0.997876
 0.422739 0.786575 0.948843 0.9894 0.997876
 0.422739 0.786575 0.948843 0.9894 0.997876
 0.422739 0.786575 0.948843 0.9894 0.997876
 0.422739 0.786575 0.948843 0.9894 0.997876
 0.422739 0.786575 0.948843 0.9894 0.997876
 0.422739 0.786575 0.948843 0.9894 0.997876
 0.422739 0.786575 0.948843 0.9894 0.997876
 0.422739 0.786575 0.948843 0.9894 0.997876
 0.422739 0.786575 0.948843 0.9894 0.997876
 0.422739 0.786575 0.948843 0.9894 0.997876
 0.422739 0.786575 0.948843 0.9894 0.997876
 0.422739 0.786575 0.948843 0.9894 0.997876
 0.422739 0.786575 0.948843 0.9894 0.997876
 0.422739 0.786575 0.948843 0.9894 0.997876
 0.422739 0.786575 0.948843 0.9894 0.997876
 0.422739 0.786575 0.948843 0.9894 0.997876
 0.422739 0.786575 0.948843 0.9894 0.997876
 0.422739 0.786575 0.948843 0.9894 0.997876
 0.422739 0.786575 0.948843 0.9894 0.997876
 0.422739 0.786575 0.948843 0.9894 0.997876
Scru_pelaces
 0.740994 1 1 1 1
 0.740994 1 1 1 1
 0.740994 1 1 1 1
 0.740994 1 1 1 1
 0.740994 1 1 1 1
 0.740994 1 1 1 1
 0.740994 1 1 1 1
 0.740994 1 1 1 1
 0.740994 1 1 1 1
 0.740994 1 1 1 1
 0.740994 1 1 1 1
 0.740994 1 1 1 1
 0.740994 1 1 1 1
 0.740994 1 1 1 1
 0.740994 1 1 1 1
 0.740994 1 1 1 1
 0.740994 1 1 1 1
 0.740994 1 1 1 1
 0.740994 1 1 1 1
 0.740994 1 1 1 1
 0.740994 1 1 1 1
 0.740994 1 1 1 1
 0.740994 1 1 1 1
 0.740994 1 1 1 1
 0.740994 1 1 1 1
 0.740994 1 1 1 1
 0.740994 1 1 1 1
pf_obs 
 0.256992 0.487395 0.22802 0.0275931 0
 0.321318 0.546541 0.124235 0.00734118 0.000564706
 0.182869 0.594174 0.210203 0.0122559 0.00049798
 0.330522 0.361315 0.267642 0.0388342 0.00168674
 0.649043 0.306663 0.0425973 0.00169635 0
 0.582887 0.30429 0.105238 0.00758474 0
 0.465427 0.430635 0.0974691 0.00646863 0
 0.296916 0.608066 0.0921331 0.00288517 0
 0.311714 0.524322 0.152257 0.0117073 0
 0.15457 0.633149 0.183074 0.0267441 0.00246327
 0.131901 0.49318 0.331252 0.0422183 0.00144891
 0.196976 0.569456 0.194076 0.0375587 0.00193317
 0.518974 0.381816 0.0799577 0.0180837 0.00116848
 0.0928022 0.601141 0.25162 0.0475244 0.00691264
 0.122501 0.610282 0.24278 0.0234846 0.000952079
 0.383417 0.481906 0.127806 0.00687128 0
 0.0376549 0.599619 0.316969 0.0457579 0
 0.0361596 0.667082 0.258105 0.0386534 0
 0.158088 0.579412 0.248529 0.0139706 0
 0.0477256 0.309471 0.559284 0.082774 0.000745712
 0.0406174 0.521527 0.379366 0.0568643 0.0016247
 0.151134 0.462217 0.34131 0.0453401 0
 0.294876 0.26143 0.354403 0.0886775 0.000613685
 0.281977 0.475581 0.204845 0.0348837 0.00271318
 0.0841818 0.532909 0.334909 0.0458182 0.00218182
 0.115287 0.27431 0.454777 0.147771 0.00785563
 0.0989387 0.350907 0.424855 0.114687 0.0106128
pf_pred 
 0.251361 0.507166 0.215299 0.0261602 1.33861e-05
 0.256385 0.574715 0.136722 0.0288512 0.00332663
 0.118525 0.690332 0.167066 0.0196847 0.0043924
 0.232702 0.487363 0.25336 0.0234473 0.00312716
 0.267828 0.501908 0.172902 0.0521105 0.00525202
 0.130832 0.616749 0.195931 0.0427498 0.0137392
 0.280329 0.404918 0.2592 0.0435795 0.011974
 0.202406 0.61684 0.125839 0.045553 0.00936219
 0.25492 0.526688 0.190724 0.0195657 0.00810292
 0.246535 0.581176 0.143357 0.025439 0.0034924
 0.134594 0.642496 0.192548 0.0254572 0.0049046
 0.143476 0.540336 0.272775 0.0377991 0.00561384
 0.237219 0.509202 0.198357 0.0480011 0.00722115
 0.228432 0.657008 0.0967141 0.0141913 0.00365456
 0.281234 0.66038 0.0564997 0.0016246 0.000261181
 0.296408 0.65889 0.0440398 0.000643164 1.84826e-05
 0.194212 0.671822 0.130386 0.00353077 4.93942e-05
 0.240117 0.543006 0.198806 0.0176162 0.000455266
 0.203765 0.594915 0.167576 0.0310625 0.00268202
 0.251413 0.512189 0.2003 0.0302774 0.00582073
 0.233205 0.566349 0.161191 0.0334984 0.0057563
 0.194872 0.546086 0.214337 0.0362122 0.00849246
 0.2383 0.489796 0.213298 0.0488167 0.00978913
 0.236289 0.54388 0.167483 0.0414292 0.0109192
 0.0966716 0.631154 0.221661 0.0388618 0.0116524
 0.119496 0.382375 0.398218 0.0819506 0.0179607
 0.149602 0.446912 0.228948 0.140591 0.0339463
pobs_RECLAS
 0 0 0 0 0
 0 0 0 0 0
 0 0 0 0 0
 0 0 0 0 0
 0.835266 0.146461 0.0176864 0.000547809 3.91292e-05
 0.385257 0.428462 0.181853 0.0044286 0
 0.867414 0.0963971 0.0333333 0.00285562 0
 0.441836 0.489002 0.0689373 0.000224442 0
 0.779404 0.147425 0.0564933 0.0165055 0.000172143
 0.814271 0.122319 0.05973 0.00367925 0
 0.40263 0.566651 0.0304383 0.000280538 0
 0.475488 0.404961 0.113038 0.00651328 0
 0.955842 0.0263864 0.0167828 0.000988607 0
 0.975058 0.0227948 0.00214734 0 0
 0.738997 0.206755 0.0527124 0.00153531 0
 0.850938 0.134255 0.0134407 0.00136685 0
 0.542534 0.407297 0.0501686 0 0
 0.764087 0.199537 0.0359546 0.000420521 0
 0.470689 0.182191 0.310203 0.0369168 0
 0.84361 0.089868 0.0606195 0.00523954 0.000663233
 0.607945 0.314616 0.071237 0.00620181 0
 0.523733 0.453247 0.0230204 0 0
 0.530135 0.295979 0.169645 0.0042399 0
 0.562478 0.366248 0.0663022 0.0049721 0
 0.250443 0.683176 0.0655157 0.000865301 0
 0.195077 0.31981 0.436473 0.0351445 0.0134964
 0.565238 0.351407 0.0832357 0.000118908 0
ppred_RECLAS
 0.625604 0.278413 0.0855262 0.0104511 5.38318e-06
 0.62489 0.309212 0.0532776 0.0113077 0.00131243
 0.415898 0.493602 0.0791194 0.00929389 0.00208652
 0.593873 0.283835 0.110578 0.0103272 0.0013867
 0.629572 0.274311 0.0719699 0.0219229 0.00222473
 0.421408 0.444598 0.103801 0.022812 0.00738056
 0.657956 0.216223 0.103424 0.0175431 0.0048529
 0.550023 0.37089 0.0549398 0.0200079 0.00413934
 0.629231 0.285456 0.0744371 0.007676 0.00319986
 0.607394 0.322002 0.0586641 0.0104905 0.00144987
 0.437312 0.451613 0.0958857 0.0127228 0.00246708
 0.460738 0.379716 0.137533 0.0191506 0.00286287
 0.631898 0.276737 0.0715007 0.0172524 0.00261132
 0.667792 0.305491 0.0226527 0.00322859 0.000835335
 0.732323 0.25697 0.0103726 0.000287956 4.64955e-05
 0.673898 0.311755 0.0141348 0.000206282 5.96499e-06
 0.540482 0.402853 0.0551455 0.00149801 2.10922e-05
 0.607428 0.304216 0.0809511 0.00721703 0.000187752
 0.549402 0.360453 0.0749325 0.013996 0.00121657
 0.620667 0.283126 0.0814123 0.0123959 0.00239903
 0.586005 0.326686 0.0700636 0.0147016 0.00254354
 0.53477 0.342839 0.101082 0.0172381 0.00407021
 0.601697 0.28135 0.091547 0.0211378 0.00426748
 0.594408 0.311322 0.0716451 0.0178799 0.00474447
 0.335564 0.501538 0.132394 0.0234308 0.0070734
 0.407447 0.298883 0.23426 0.0486706 0.0107396
 0.4653 0.318014 0.122385 0.0758595 0.0184413
pobs_PELACES
 0 0 0 0 0
 0 0 0 0 0
 0 0 0 0 0
 0 0 0 0 0
 0 0 0 0 0
 0 0 0 0 0
 0 0 0 0 0
 0 0 0 0 0
 0 0 0 0 0
 0 0 0 0 0
 0.450072 0.473896 0.0757376 0.000293798 0
 0 0 0 0 0
 0.463077 0.371075 0.160297 0.00555027 0
 0.529543 0.364841 0.0842815 0.0213345 0
 0.631943 0.363953 0.00410389 0 0
 0.735681 0.248677 0.0153453 0.000297389 0
 0.695825 0.281241 0.0229344 0 0
 0.275771 0.60734 0.115278 0.00161068 0
 0 0 0 0 0
 0.896147 0.0623911 0.0374545 0.00400742 0
 0.803859 0.145111 0.0509908 3.86294e-05 0
 0.739449 0.233085 0.0266225 0.000797448 4.60066e-05
 0.878498 0.100942 0.0204185 0.000141795 0
 0.694673 0.275183 0.0284847 0.00165964 0
 0.469039 0.446079 0.0841089 0.000773354 0
 0.822795 0.102175 0.0682046 0.00682512 0
 0.69333 0.244118 0.0624202 0.000131731 0
ppred_PELACES
 0.753004 0.19792 0.0439793 0.00509396 2.59986e-06
 0.747569 0.218968 0.0273314 0.00549908 0.000632434
 0.604269 0.354321 0.0364932 0.00402213 0.000894254
 0.704802 0.221438 0.0669986 0.0059672 0.000794208
 0.714877 0.222045 0.0477434 0.0139333 0.00140187
 0.557487 0.362261 0.0629062 0.0131351 0.0042115
 0.764132 0.163262 0.0602045 0.00973265 0.00266854
 0.683489 0.2746 0.0295947 0.0102209 0.00209531
 0.75696 0.200373 0.0374924 0.00366212 0.00151263
 0.721726 0.239208 0.0327368 0.00556684 0.000762496
 0.595458 0.345527 0.0513398 0.00643862 0.00123694
 0.617872 0.294514 0.0760966 0.0100315 0.00148585
 0.792177 0.171815 0.0285694 0.00646888 0.000969668
 0.86073 0.133501 0.00495467 0.000648528 0.000165978
 0.899035 0.0990083 0.00190031 4.82366e-05 7.70249e-06
 0.802815 0.191371 0.00573298 7.869e-05 2.25374e-06
 0.687148 0.285017 0.027129 0.000696163 9.71084e-06
 0.734113 0.219606 0.0425871 0.0036011 9.28316e-05
 0.67326 0.2755 0.0429539 0.00762832 0.000657133
 0.739649 0.208116 0.044553 0.00644586 0.00123628
 0.688114 0.258012 0.0436321 0.00874249 0.00149935
 0.648009 0.275704 0.0635295 0.0103375 0.00241947
 0.714133 0.21705 0.0544395 0.0119796 0.00239719
 0.704569 0.240033 0.0426003 0.0101326 0.00266497
 0.445439 0.442942 0.0915339 0.0154593 0.00462605
 0.535932 0.262982 0.161942 0.0321182 0.00702523
 0.591618 0.268394 0.0807334 0.0477491 0.011506
pobs_pel_tallas
 0 0 0 0 0 0 0 0 0 0 0 0 0 0 0 0 0 0 0 0 0 0 0 0 0 0 0 0 0 0 0 0 0 0 0 0
 0 0 0 0 0 0 0 0 0 0 0 0 0 0 0 0 0 0 0 0 0 0 0 0 0 0 0 0 0 0 0 0 0 0 0 0
 0 0 0 0 0 0 0 0 0 0 0 0 0 0 0 0 0 0 0 0 0 0 0 0 0 0 0 0 0 0 0 0 0 0 0 0
 0 0 0 0 0 0 0 0 0 0 0 0 0 0 0 0 0 0 0 0 0 0 0 0 0 0 0 0 0 0 0 0 0 0 0 0
 0 0 0 0 0 0 0 0 0 0 0 0 0 0 0 0 0 0 0 0 0 0 0 0 0 0 0 0 0 0 0 0 0 0 0 0
 0 0 0 0 0 0 0 0 0 0 0 0 0 0 0 0 0 0 0 0 0 0 0 0 0 0 0 0 0 0 0 0 0 0 0 0
 0 0 0 0 0 0 0 0 0 0 0 0 0 0 0 0 0 0 0 0 0 0 0 0 0 0 0 0 0 0 0 0 0 0 0 0
 0 0 0 0 0 0 0 0 0 0 0 0 0 0 0 0 0 0 0 0 0 0 0 0 0 0 0 0 0 0 0 0 0 0 0 0
 0 0 0 0 0 0 0 0 0 0 0 0 0 0 0 0 0 0 0 0 0 0 0 0 0 0 0 0 0 0 0 0 0 0 0 0
 0 0 0 0 0 0 0 0 0 0 0 0 0 0 0 0 0 0 0 0 0 0 0 0 0 0 0 0 0 0 0 0 0 0 0 0
 0 0 0 0 0 0 0 0 1.78061e-05 0.00172719 0.00360574 0.0105946 0.0120993 0.0124554 0.0147524 0.0171206 0.0266825 0.0428682 0.0675386 0.121331 0.153587 0.119568 0.100827 0.0573624 0.0630603 0.0341343 0.0324427 0.0444173 0.0211091 0.0280891 0.0125444 0.00206551 0 0 0 0
 0 0 0 0 0 0 0 0 0 0 0 0 0 0 0 0 0 0 0 0 0 0 0 0 0 0 0 0 0 0 0 0 0 0 0 0
 0 0 0 0 0 0 0.0133647 0.0140871 0.0187388 0.0205184 0.03894 0.0496705 0.03968 0.0493445 0.0407372 0.0367815 0.0215668 0.0243155 0.0234873 0.0199281 0.019796 0.0243948 0.0301388 0.0376714 0.0412746 0.0863199 0.0771752 0.113111 0.0741005 0.0525337 0.0229764 0.00759418 0.00175318 0 0 0
 0 0 0 0 0 0 0 0 0 0 0.00219441 0.00772107 0.0458388 0.0604681 0.0671733 0.0775358 0.0609151 0.0617685 0.073594 0.0568108 0.0755445 0.0548602 0.0670107 0.0636378 0.0643287 0.046367 0.0373049 0.0286899 0.0247887 0.0153202 0.00654259 0.00121912 0.000365735 0 0 0
 0 0 0 0 0 0 0 0 0 0 0 0 0.000112435 0.00938835 0.0111873 0.0202946 0.0414886 0.0713402 0.111592 0.104902 0.108894 0.110636 0.117776 0.105296 0.107544 0.0401394 0.0192827 0.0124803 0.00416011 0.0028671 0.000618394 0 0 0 0 0
 0 0 0 0 0 0 0 0 0 0 0.00291406 0.0102884 0.027416 0.0768956 0.0749926 0.110853 0.0956884 0.0897413 0.0766577 0.0534642 0.0500743 0.0551293 0.0594112 0.0620874 0.0668451 0.0424026 0.0208742 0.0120726 0.0048766 0.00582813 0.00118941 0.000297354 0 0 0 0
 0 0.00264628 0.0354308 0.0461629 0.0458689 0.0383711 0.0214643 0.0164657 0.0346957 0.0420465 0.0363128 0.0245516 0.0311673 0.0291091 0.0169068 0.0133784 0.00837989 0.0085269 0.0148486 0.0160247 0.0276389 0.0546898 0.0760071 0.122758 0.109233 0.0665981 0.0333725 0.0166128 0.00676272 0.00308733 0.000882094 0 0 0 0 0
 0 0 0 0 0 0 0 0.000805153 0.000690131 0.00759144 0.0133425 0.0154129 0.00931677 0.000345066 0.00356568 0.00563607 0.00851162 0.0253048 0.0502646 0.0516448 0.0657925 0.0565908 0.0611916 0.0827007 0.0866115 0.110766 0.145733 0.0935128 0.0569358 0.0249597 0.0138026 0.00621118 0.00161031 0.00115022 0 0
 0 0 0 0 0 0 0 0 0 0 0 0 0 0 0 0 0 0 0 0 0 0 0 0 0 0 0 0 0 0 0 0 0 0 0 0
 0.00147267 0.00158595 0.00478618 0.00569244 0.00954404 0.0108468 0.00647125 0.017049 0.0510054 0.094081 0.124002 0.0959785 0.0687766 0.0820023 0.061753 0.0591476 0.0492212 0.0479892 0.0443925 0.0268479 0.0217502 0.0140895 0.0121071 0.0120363 0.00920419 0.00665534 0.0049561 0.00860946 0.00930331 0.0156896 0.0114698 0.00855282 0.00243557 0.00046729 0 2.83206e-05
 0 0 0 0 0.000772559 0.00158375 0.000888443 0.00281984 0.00712685 0.0440552 0.0773331 0.111326 0.0921469 0.0852325 0.0710754 0.0886704 0.0786465 0.0553345 0.0373146 0.0185414 0.00753245 0.00457741 0.012979 0.0271748 0.0457355 0.0583668 0.034881 0.0177882 0.00938659 0.00492506 0.0015258 0.00185414 0.000309023 5.79419e-05 3.86279e-05 0
 0 0.00173294 0.00326652 0 0.00397197 0.00683976 0.00946217 0.0152591 0.00757587 0.0136028 0.0228656 0.0392903 0.0559909 0.0764795 0.0681675 0.0726916 0.0566044 0.0477403 0.0527397 0.0444891 0.0609904 0.0582453 0.0661739 0.0445044 0.0529084 0.0360697 0.0280645 0.0235558 0.0158879 0.00826598 0.00280645 0.00217768 0.000904811 0.00058276 9.20147e-05 0
 0 0 0 0 0 0 0 0 0 0 0 0 0 0 0 0 0 0 0 0 0 0 0 0 0 0 0 0 0 0 0 0 0 0 0 0
 0 0 0 0 0 0 0 0 0 0 0 0 0 0 0 0 0 0 0 0 0 0 0 0 0 0 0 0 0 0 0 0 0 0 0 0
 0 0 0 0 0 0 0 0 0 0 0 0 0 0 0 0 0 0 0 0 0 0 0 0 0 0 0 0 0 0 0 0 0 0 0 0
 0 0 0 0 0 0 0 0 0 0 0 0 0 0 0 0 0 0 0 0 0 0 0 0 0 0 0 0 0 0 0 0 0 0 0 0
 0 0 0 0 0 0 0 0 0 0 0 0 0 0 0 0 0 0 0 0 0 0 0 0 0 0 0 0 0 0 0 0 0 0 0 0
ppred_pel_tallas
 1.00865e-16 3.28553e-05 0.000192832 0.000916633 0.00352908 0.0110051 0.0277981 0.0568787 0.0942834 0.126622 0.137795 0.121558 0.0870434 0.0508553 0.0247855 0.0110953 0.00620751 0.00590392 0.00758992 0.0101045 0.0129371 0.0157429 0.0181913 0.0199761 0.0208727 0.0207882 0.0197806 0.0180375 0.0158246 0.0134219 0.0110677 0.00892605 0.00708031 0.00554767 0.00430335 0.00330424
 1.00678e-16 3.26191e-05 0.000191444 0.000910029 0.00350365 0.0109258 0.0275977 0.0564689 0.0936048 0.125713 0.136811 0.120701 0.0864545 0.0505617 0.024736 0.0112305 0.00650099 0.00636299 0.00823673 0.0109558 0.0139883 0.0169586 0.0195022 0.0212837 0.0220629 0.0217501 0.0204261 0.0183174 0.015736 0.013006 0.0103993 0.00809752 0.00618568 0.00466886 0.00350168 0.00261743
 1.00814e-16 2.63761e-05 0.000154779 0.000735693 0.00283236 0.00883238 0.0223101 0.0456512 0.0756783 0.101653 0.110669 0.0977387 0.070227 0.0415141 0.0211352 0.0109896 0.00828876 0.00970228 0.0131454 0.0175989 0.0224682 0.0272064 0.0312338 0.0340105 0.0351508 0.0345151 0.0322424 0.0287085 0.024429 0.0199374 0.0156806 0.0119565 0.00890205 0.00652121 0.00473322 0.00342083
 1.01266e-16 3.07544e-05 0.000180496 0.000857981 0.00330325 0.0103008 0.0260192 0.0532392 0.0882517 0.118525 0.128993 0.113816 0.0815476 0.0477426 0.0234523 0.0108118 0.00649201 0.00655975 0.00859209 0.0114928 0.0147557 0.0180127 0.0208973 0.0230646 0.0242566 0.0243587 0.0234211 0.0216375 0.0192892 0.0166763 0.0140576 0.011615 0.00944723 0.00758452 0.00601402 0.00470369
 1.01295e-16 3.11937e-05 0.000183075 0.000870242 0.00335046 0.0104481 0.026391 0.054 0.0895128 0.120218 0.130835 0.115438 0.0827045 0.0484084 0.0237577 0.010915 0.00650044 0.00652118 0.00851645 0.0113721 0.0145747 0.0177527 0.0205397 0.0225937 0.0236635 0.0236442 0.0225988 0.0207339 0.0183421 0.015731 0.013161 0.0108097 0.00876569 0.00704556 0.00562156 0.0044481
 1.0166e-16 2.43365e-05 0.000142804 0.000678761 0.00261316 0.00814879 0.0205835 0.0421184 0.0698229 0.0937915 0.10212 0.0902105 0.0648668 0.038444 0.0197548 0.0105705 0.00833871 0.0100035 0.0136494 0.01833 0.0234723 0.0285301 0.0329153 0.0360734 0.0376005 0.0373366 0.0353992 0.0321433 0.0280654 0.0236837 0.0194351 0.0156147 0.012365 0.00970415 0.00757215 0.00587704
 1.01368e-16 3.33391e-05 0.000195676 0.00093016 0.00358118 0.0111676 0.0282084 0.057718 0.0956737 0.128486 0.139815 0.12332 0.0882621 0.0514806 0.0249292 0.0108881 0.00571461 0.00512137 0.00648062 0.00863625 0.0111107 0.0136102 0.0158616 0.0176093 0.0186589 0.0189182 0.0184132 0.0172731 0.015691 0.0138748 0.0120051 0.0102105 0.00856377 0.00709262 0.00579736 0.004667
 1.00959e-16 2.98271e-05 0.000175048 0.000832068 0.00320346 0.00998964 0.0252332 0.0516313 0.0855881 0.114953 0.125119 0.110428 0.079189 0.046499 0.0230961 0.0110731 0.00722212 0.0077396 0.0102678 0.0137092 0.0175095 0.0212244 0.0244024 0.0266249 0.0275927 0.0271953 0.0255365 0.0229017 0.0196832 0.016287 0.0130522 0.0102038 0.00784436 0.0059764 0.00453956 0.00344781
 1.00795e-16 3.30279e-05 0.000193845 0.000921449 0.00354762 0.0110629 0.0279441 0.0571776 0.0947788 0.127288 0.13852 0.122197 0.0875017 0.0511244 0.0249188 0.0111581 0.00624602 0.00594116 0.00763377 0.0101545 0.0129871 0.015782 0.0182045 0.0199457 0.0207811 0.020621 0.0195301 0.0177047 0.01542 0.0129644 0.0105821 0.00843897 0.00661699 0.0051286 0.00394237 0.00300795
 1.0077e-16 3.1493e-05 0.000184831 0.000878587 0.00338258 0.0105482 0.0266441 0.0545179 0.0903716 0.121373 0.132094 0.116556 0.083521 0.0489169 0.0240635 0.0111487 0.00676336 0.00687663 0.00899898 0.0119934 0.0153217 0.0185836 0.0213828 0.0233528 0.0242301 0.023915 0.0224937 0.0202111 0.0174061 0.014431 0.0115817 0.00905712 0.00695105 0.00527094 0.00396954 0.00297635
 1.01121e-16 2.59915e-05 0.000152522 0.000724965 0.00279106 0.00870358 0.0219848 0.0449854 0.0745746 0.10017 0.109055 0.0963119 0.0692001 0.0409036 0.0208184 0.0108165 0.00815088 0.00954186 0.012939 0.0173441 0.0221785 0.0269113 0.0309784 0.0338509 0.0351468 0.0347199 0.0326921 0.0294145 0.025374 0.0210778 0.0169534 0.0132884 0.0102204 0.00776297 0.00585088 0.00438519
 1.01591e-16 2.69669e-05 0.000158253 0.00075222 0.00289601 0.00903089 0.0228115 0.0466765 0.0773762 0.103928 0.113131 0.0998779 0.0716877 0.0422245 0.021216 0.0105793 0.00744084 0.00838452 0.0112894 0.0151546 0.0194464 0.0237069 0.027455 0.0302353 0.0317097 0.031733 0.0303818 0.0279237 0.0247423 0.0212439 0.0177756 0.0145783 0.0117777 0.0094053 0.00743342 0.00580892
 1.0073e-16 3.45623e-05 0.000202856 0.000964296 0.0037126 0.0115774 0.0292436 0.0598363 0.0991848 0.133201 0.144946 0.127845 0.0914975 0.0533622 0.0258289 0.0112589 0.00587161 0.00521592 0.0065592 0.00869252 0.0111096 0.0134958 0.0155618 0.0170432 0.0177488 0.0176032 0.0166636 0.0150995 0.0131481 0.0110566 0.00903336 0.00721894 0.00568112 0.00442799 0.00343028 0.00264312
 1.00144e-16 3.75499e-05 0.0002204 0.00104771 0.00403378 0.012579 0.0317735 0.0650122 0.107763 0.144716 0.157463 0.138852 0.0993058 0.0577748 0.0276999 0.0116206 0.00540255 0.00418893 0.00500444 0.00655172 0.00832366 0.0100463 0.0114888 0.0124469 0.0127787 0.0124369 0.0114813 0.010062 0.00838133 0.00664737 0.0050328 0.00365087 0.00255075 0.00172848 0.00114613 0.000751196
 1.00062e-16 3.92188e-05 0.000230201 0.00109431 0.00421322 0.0131386 0.0331869 0.0679039 0.112555 0.151148 0.164451 0.144992 0.103647 0.0601988 0.0286722 0.0117012 0.0049501 0.00333397 0.0037449 0.004845 0.00614201 0.00740512 0.00845786 0.00914839 0.00937188 0.00909455 0.00836229 0.00728824 0.00602448 0.00472689 0.00352472 0.0025024 0.00169605 0.00110171 0.00068969 0.000419245
 1.00147e-16 3.50269e-05 0.000205582 0.000977251 0.00376248 0.011733 0.0296365 0.0606403 0.100518 0.134993 0.146899 0.129575 0.0927528 0.0541282 0.0262622 0.0115524 0.00617065 0.00560572 0.00708159 0.00935828 0.0118995 0.0143572 0.0164085 0.017762 0.0182146 0.0176999 0.016305 0.0142466 0.011817 0.00931615 0.00699297 0.00501063 0.00343965 0.0022737 0.00145713 0.00091299
 1.00503e-16 2.99871e-05 0.000175986 0.000836525 0.00322062 0.0100432 0.0253683 0.051908 0.0860469 0.11557 0.125792 0.111027 0.079628 0.0467761 0.0232692 0.0112144 0.00738906 0.00796975 0.0105837 0.0141205 0.0180116 0.0217947 0.0249992 0.0271901 0.0280578 0.027492 0.0256074 0.02271 0.0192187 0.0155667 0.0121171 0.00911168 0.00666147 0.00476887 0.00336664 0.00235712
 1.00805e-16 3.20324e-05 0.000187999 0.000893653 0.00344059 0.0107292 0.0271011 0.0554528 0.0919206 0.123451 0.134351 0.118535 0.0849107 0.0496749 0.0243325 0.0110994 0.00649951 0.00642735 0.00835281 0.0111317 0.0142407 0.0173063 0.0199632 0.0218726 0.0227878 0.0226098 0.0214088 0.0193993 0.0168832 0.014177 0.0115489 0.00918269 0.00716952 0.00552474 0.00421526 0.00318674
 1.00993e-16 2.93812e-05 0.000172429 0.00081962 0.00315553 0.00984018 0.0248556 0.0508589 0.0843078 0.113234 0.123249 0.108782 0.0780164 0.0458267 0.0227926 0.010979 0.00722983 0.00780195 0.0103754 0.0138695 0.0177358 0.021531 0.0248019 0.0271263 0.0281985 0.0279004 0.0263268 0.0237544 0.0205681 0.0171694 0.0138962 0.0109768 0.00852044 0.00653907 0.00498293 0.00377603
 1.0098e-16 3.22733e-05 0.000189415 0.000900384 0.00346651 0.01081 0.0273052 0.0558704 0.0926125 0.124379 0.135358 0.119416 0.0855266 0.0500039 0.0244354 0.0110486 0.00633603 0.00615847 0.00796786 0.0106185 0.0135966 0.0165455 0.0191188 0.0209953 0.0219397 0.0218549 0.0208026 0.0189804 0.0166677 0.0141582 0.0117014 0.00946808 0.00754421 0.00594609 0.00464633 0.00359883
 1.01074e-16 3.00282e-05 0.000176229 0.000837688 0.0032251 0.0100571 0.0254037 0.0519801 0.0861657 0.115727 0.125957 0.111159 0.0796924 0.0467532 0.023146 0.010971 0.00699272 0.00737913 0.00975961 0.0130405 0.0166838 0.0202696 0.0233729 0.0255977 0.0266567 0.0264368 0.0250232 0.0226709 0.0197356 0.016589 0.0135444 0.0108135 0.00849865 0.00661266 0.00511194 0.00392934
 1.0146e-16 2.82802e-05 0.000165965 0.000788888 0.0030372 0.00947119 0.0239236 0.0489519 0.081147 0.10899 0.118633 0.104715 0.0751166 0.0441573 0.0220259 0.0107172 0.00720123 0.00788302 0.0105351 0.014119 0.0181026 0.0220495 0.0255079 0.0280528 0.0293707 0.0293303 0.0280085 0.0256619 0.022655 0.0193716 0.0161386 0.0131801 0.0106102 0.00845303 0.00667616 0.00522364
 1.01368e-16 3.11611e-05 0.000182884 0.000869336 0.00334697 0.0104372 0.0263636 0.0539438 0.0894194 0.120093 0.130697 0.115314 0.0826109 0.0483439 0.023708 0.0108623 0.00642927 0.00642005 0.00837783 0.0111933 0.0143591 0.0175118 0.020293 0.0223672 0.0234859 0.0235421 0.0225916 0.0208298 0.0185369 0.0160085 0.0134968 0.0111751 0.00913278 0.00739087 0.00592831 0.0047069
 1.01156e-16 3.0745e-05 0.000180439 0.000857706 0.00330218 0.0102975 0.0260108 0.0532222 0.088224 0.118489 0.128958 0.113794 0.0815514 0.047784 0.023545 0.0109745 0.00674942 0.00693918 0.00911676 0.0121731 0.0155803 0.0189418 0.0218619 0.0239721 0.0250044 0.0248518 0.0235911 0.0214559 0.0187733 0.0158851 0.0130793 0.0105507 0.00839336 0.00661973 0.00519119 0.00404826
 1.02191e-16 1.9454e-05 0.000114132 0.000542435 0.00208824 0.00651183 0.0164487 0.033659 0.0558039 0.0749744 0.0816695 0.0722344 0.0521356 0.0312901 0.0167994 0.01015 0.00937309 0.0120781 0.0167424 0.022552 0.0289142 0.035188 0.0406589 0.0446473 0.0466538 0.0464738 0.04424 0.040374 0.0354709 0.0301552 0.0249561 0.0202347 0.0161707 0.0127959 0.0100491 0.00783061
 1.03817e-16 2.33928e-05 0.000137273 0.000652482 0.00251201 0.00783339 0.0197867 0.0404874 0.0671169 0.0901502 0.0981384 0.0866534 0.0622222 0.0367037 0.0185459 0.00942662 0.00687283 0.00794489 0.0108291 0.0146828 0.0190638 0.0235859 0.0278283 0.031373 0.0338827 0.0351661 0.0352067 0.0341443 0.0322204 0.02971 0.0268626 0.0238703 0.0208629 0.0179235 0.0151096 0.0124701
 1.03412e-16 2.58209e-05 0.000151528 0.000720254 0.00277295 0.00864712 0.0218421 0.0446929 0.0740876 0.0995101 0.10832 0.0956247 0.0686233 0.0403966 0.020256 0.0100348 0.00698122 0.00782745 0.010552 0.0142137 0.0183264 0.0224823 0.026252 0.0292246 0.0310877 0.0316947 0.0310893 0.029479 0.0271696 0.0244847 0.0216978 0.0189945 0.0164702 0.0141518 0.0120296 0.0100858
pSPR Fmed_Fpbrs
0.531423   0.6 0.325
Fs Fmed_Fpbrs
0.66   0.488338 1.75644
SSBpbr Bo_Bmed_Bpbrs
675827  325359  371705 185852
Ro
30946
SPR SPRFo_SPRFmed_SPRFpbrs
641085 340688 208353
log_Ro
10.16
likeval ReclasPelacesDesembMPH_pf_preclas_ppelaces_ptallas_desvR_qrecl_qpela
 67.7322 13.4336 0.0202168 0.000540416 345.885 207.82 60.2428 0 17.4093 2.96892e-06 0.000111999 1.90039e-13 0 0 0
q_reclas_q_pelaces
1.27655 4.50703
M
0.7
N
 32606.8 10646.5 3333.15 397.591 0.203248
 40932.6 14810 2594.8 537.485 61.9125
 16307.2 18609.7 3637.68 423.588 94.4596
 22990.4 6854.2 2443.66 220.729 29.4006
 45508.1 10939.4 2420.99 708.286 71.2721
 30878.3 22429.6 5116.58 1093.67 351.108
 68516.6 14282.8 6321.8 1038.12 284.877
 66457.8 32445.7 4855.28 1724.72 354.115
 89377.6 30300.1 8151.31 821.381 339.844
 113172 40382.1 7081.03 1230 168.669
 64481.7 52688.7 11986.9 1559.26 300.149
 45918 28660.4 10804.8 1471.28 218.308
 49256.5 20667 6496.1 1553.48 233.555
 26632.5 20724.9 2736.43 399.381 102.82
 14165.8 9505.48 738.366 21.1307 3.39626
 11714.3 4889.16 259.137 3.73532 0.107268
 8379 5014.49 742.699 19.7954 0.276699
 10266.7 3708.64 994.434 86.4585 2.23215
 10573.3 4685.98 939.845 170.556 14.7096
 15692.1 4917.45 1379.53 204.272 39.2277
 21622.7 7263.03 1393.05 282.155 48.4186
 26361.2 10391.4 2777.07 457.67 107.19
 42449.3 12595.2 3793.21 847.915 169.817
 60544.1 20099.7 4278.18 1033.57 272.07
 31323.1 28676.4 6844.21 1170.3 350.438
 33619.3 14982.3 10559.4 2118.65 463.707
 38365.8 16118.5 5621.58 3367.31 811.974
pred_Ctot
 2011.85 4059.28 1723.22 209.382 0.10714
 2499.07 5601.92 1332.68 281.222 32.4257
 1818.57 10592 2563.37 302.031 67.3944
 692.947 1451.29 754.464 69.8222 9.31216
 244.86 458.866 158.074 47.6417 4.80163
 1528.22 7204.12 2288.63 499.352 160.485
 2292.5 3311.37 2119.7 356.388 97.9222
 3932.21 11983.5 2444.71 884.973 181.882
 5826.79 12038.7 4359.44 447.218 185.211
 5103.19 12030.1 2967.44 526.578 72.2913
 4897.64 23379.4 7006.52 926.348 178.47
 3109.8 11711.6 5912.34 819.286 121.679
 5461.23 11722.8 4566.55 1105.08 166.245
 5490.32 15791.1 2324.5 341.084 87.8367
 3172.52 7449.57 637.358 18.3267 2.94631
 1172.44 2606.24 174.199 2.54404 0.0731079
 659.327 2280.75 442.643 11.9865 0.167687
 600.006 1356.87 496.777 44.0194 1.13762
 484.208 1413.7 398.211 73.8141 6.3733
 769.868 1568.41 613.353 92.7143 17.824
 502.238 1219.71 347.146 72.1433 12.397
 719.061 2015.02 790.889 133.62 31.3365
 1423.22 2925.26 1273.9 291.553 58.4646
 2016.9 4642.42 1429.59 353.63 93.2039
 830.653 5423.2 1904.62 333.921 100.123
 836.341 2676.21 2787.09 573.565 125.705
 1044.44 3120.09 1598.39 981.529 236.994
F
 0.0892177 0.711722 1.12477 1.16021 1.16214
 0.0882445 0.703959 1.1125 1.14756 1.14946
 0.166745 1.33019 2.10216 2.1684 2.172
 0.0427066 0.340686 0.538404 0.555368 0.55629
 0.00750657 0.0598827 0.0946357 0.0976174 0.0977796
 0.0709983 0.566379 0.895079 0.92328 0.924814
 0.0475081 0.37899 0.598938 0.617808 0.618835
 0.0854153 0.681389 1.07684 1.11076 1.11261
 0.0944839 0.753733 1.19116 1.22869 1.23073
 0.0645043 0.514574 0.813209 0.838831 0.840224
 0.110865 0.884411 1.39768 1.44172 1.44411
 0.0983173 0.784313 1.23949 1.27854 1.28067
 0.165704 1.32188 2.08904 2.15486 2.15844
 0.330266 2.63465 4.16368 4.29487 4.302
 0.363813 2.90227 4.58661 4.73112 4.73898
 0.148481 1.18449 1.8719 1.93088 1.93409
 0.115065 0.917913 1.45063 1.49633 1.49882
 0.0843267 0.672705 1.06311 1.09661 1.09843
 0.0655395 0.522833 0.82626 0.852293 0.853709
 0.0703607 0.561293 0.887041 0.91499 0.916509
 0.0327677 0.2614 0.413104 0.42612 0.426828
 0.0385794 0.307762 0.486372 0.501697 0.50253
 0.0476076 0.379783 0.600192 0.619102 0.62013
 0.0472963 0.3773 0.596267 0.615054 0.616076
 0.0374887 0.299061 0.472622 0.487513 0.488323
 0.0351311 0.280254 0.4429 0.456854 0.457613
 0.0385015 0.307141 0.485391 0.500684 0.501516
Np
 20843.7 9969.87 6750.54 1822.54 683.686
YTP_r0W_actual
 8459.96 75818.1 52427.1 39457.4 10830.6
YTP_p0W_proyectada
 4753.38 79735.6 53080.9 19853.2 17513.7
 4753.38 43363.5 60862.2 21060 9082.66
CTP_r0_actual
 1044.44 3120.09 1598.39 981.529 236.994
CTP_p0_proyectada
 552.719 3466.76 1638.3 490.201 376.64
 552.719 1885.37 1878.46 519.999 195.326
Wmedp
 8.6 23 32.4 40.5 46.5
nmprior
 10.8 10.6 4.6 0
nm_flota  nm_reclas  nm_pelaces    nm_pelaL
inf 27.7882 19.8138 88.1965
cv_recla  cv_pelaces  cv_mph
0.712735 0.388752 0.621298
 ------------------------------------------------
Talla a la edad & desviaci?n 
 7.2 14.2025 17.0495 18.207 18.6776
 1.08 2.13037 2.55742 2.73105 2.80164
