years
 1997 1998 1999 2000 2001 2002 2003 2004 2005 2006 2007 2008 2009 2010 2011 2012 2013 2014 2015 2016 2017 2018 2019 2020 2021 2022 2023
reclasobs
 0 0 0 370054 412103 1.49427e+06 250295 1.28982e+06 931140 785840 897777 1.04006e+06 184774 17550 25797 100020 73551 82996 120727 218422 84188 347160 605670 569463 516374 1.08416e+06 1.01767e+06
reclaspred
 7.18801e+06 1.30994e+06 1.55553e+06 252965 230613 346801 657582 648380 660390 838998 960949 714552 363121 141561 77280.1 78763.4 79969 107559 143773 143470 204155 235693 369719 459071 793703 793547 414893
pelacesobs
 0 0 0 0 0 0 0 0 0 2.06254e+06 1.5e+06 0 1.87456e+06 323000 250000 174000 83755 137374 0 501740 490994 745055 786931 1.00524e+06 1.33801e+06 1.41789e+06 1.42762e+06
pelacespred
 1.44366e+07 7.10384e+06 1.47101e+06 551621 725357 630212 2.12675e+06 1.96168e+06 1.76384e+06 2.53779e+06 2.24206e+06 1.6694e+06 940707 300732 168529 169923 176187 258512 333740 295419 574598 603637 693372 1.06767e+06 1.78907e+06 1.72198e+06 751432
mphobs
 0 0 0 0 0 112323 0 153150 637223 0 255016 313432 73983 77613 109348 50772 17779 17303 59886 28197 0 207744 136588 643089 65757 70829 0
mphpred
 1.1353e+06 476167 192747 59239.7 39560.5 134510 147510 287234 247099 266742 381462 258937 157557 96124.4 45258.3 32663.3 28437.1 33700 45951.7 42976.1 52649.3 74415 85342.8 118750 207982 196556 125576
desembarqueobs
 350755 77701 442110 56441 14545 235359 269955 359681 431902 328805 639364 411747 362871 311530 167758 66681 60226 58785 57116 73181 50977 67692 138656 160484 209506 203330 187013
desembarquepred
 350743 77676.9 441481 56403.1 14541.8 235141 269852 359032 431304 328454 638074 410943 362054 310913 167210 66592.4 60180.8 58686.1 57024.4 73074.5 50953.2 67604.3 138503 160339 209281 203011 186720
Reclutas
 8552.9 11973.5 1409.17 4089.75 39052.6 12413.5 65009.6 55656.6 61370.3 113751 64976.4 48112.8 58114.7 29119.9 12169.2 9053.31 6874.63 8903.78 7572.52 8322.27 15331.1 16868.7 27251.4 44835.1 21125.4 18606.1 4068.09
log_desv_Rt
 -0.745974 -0.409551 -2.54924 -1.48376 0.772665 -0.373462 1.28229 1.12696 1.22468 1.84176 1.28178 0.981304 1.17017 0.479176 -0.39334 -0.689114 -0.964407 -0.705769 -0.867719 -0.77331 -0.162363 -0.0667871 0.412861 0.910748 0.15823 0.031246 -1.48907
SSB
 1.5595e+06 654086 264766 81374.5 54342.2 184769 202627 394558 339427 366409 523995 355688 216428 132041 62169 44867.9 39062.6 46291.9 63121.5 59034.1 72321.7 102220 117231 163121 285694 269999 172497
BT
 2.02292e+06 786548 384775 129961 242697 291661 1.03268e+06 922373 944515 1.10295e+06 1.13147e+06 793113 673616 389405 195700 102490 100034 124894 116971 127737 198893 173150 246299 398178 491262 438005 255032
Ftot
 0.183628 0.308251 1.39679 1.18531 0.350587 1.78415 1.84411 1.74979 2.15545 1.47381 1.94894 1.8526 3.21002 4.95303 4.95303 2.36821 2.28506 1.83637 1.22043 1.66862 0.915253 0.954858 1.27312 1.23472 0.840868 0.951586 1.4983
BD_Bspro_t
 0.974875 0.820165 0.551031 0.172085 0.219929 0.533306 0.38033 0.480205 0.390765 0.370486 0.418857 0.271369 0.184918 0.133327 0.0760827 0.06819 0.0826928 0.134812 0.216908 0.2477 0.317439 0.459775 0.449527 0.458144 0.522922 0.433263 0.31802
BD_Bspro
 4.17434 1.7508 0.708705 0.217817 0.145459 0.494574 0.542376 1.05612 0.908551 0.980775 1.40259 0.952079 0.579319 0.353437 0.166409 0.120099 0.10456 0.12391 0.168959 0.158018 0.193585 0.273614 0.313795 0.436629 0.764722 0.722712 0.461725
BD_Bo
 2.77019 1.16188 0.470314 0.144548 0.09653 0.328211 0.359934 0.700868 0.602936 0.650866 0.930791 0.631822 0.38445 0.234549 0.110433 0.0797004 0.0693882 0.0822299 0.112125 0.104864 0.128468 0.181577 0.208242 0.289757 0.507488 0.479609 0.306412
BD_Brms
 5.03672 2.1125 0.855116 0.262815 0.175509 0.596748 0.654425 1.27431 1.09625 1.18339 1.69235 1.14877 0.698999 0.426453 0.200787 0.14491 0.12616 0.149509 0.203864 0.190662 0.233577 0.33014 0.378621 0.526832 0.922705 0.872016 0.557112
S_f
 0.0765912 0.793698 0.994427 0.999879 0.999997
 0.0765912 0.793698 0.994427 0.999879 0.999997
 0.0765912 0.793698 0.994427 0.999879 0.999997
 0.0765912 0.793698 0.994427 0.999879 0.999997
 0.0765912 0.793698 0.994427 0.999879 0.999997
 0.0765912 0.793698 0.994427 0.999879 0.999997
 0.0765912 0.793698 0.994427 0.999879 0.999997
 0.0765912 0.793698 0.994427 0.999879 0.999997
 0.0765912 0.793698 0.994427 0.999879 0.999997
 0.0765912 0.793698 0.994427 0.999879 0.999997
 0.0765912 0.793698 0.994427 0.999879 0.999997
 0.0765912 0.793698 0.994427 0.999879 0.999997
 0.0765912 0.793698 0.994427 0.999879 0.999997
 0.0765912 0.793698 0.994427 0.999879 0.999997
 0.0765912 0.793698 0.994427 0.999879 0.999997
 0.0765912 0.793698 0.994427 0.999879 0.999997
 0.0765912 0.793698 0.994427 0.999879 0.999997
 0.0765912 0.793698 0.994427 0.999879 0.999997
 0.0765912 0.793698 0.994427 0.999879 0.999997
 0.0765912 0.793698 0.994427 0.999879 0.999997
 0.0765912 0.793698 0.994427 0.999879 0.999997
 0.0765912 0.793698 0.994427 0.999879 0.999997
 0.0765912 0.793698 0.994427 0.999879 0.999997
 0.0765912 0.793698 0.994427 0.999879 0.999997
 0.0765912 0.793698 0.994427 0.999879 0.999997
 0.0765912 0.793698 0.994427 0.999879 0.999997
 0.0765912 0.793698 0.994427 0.999879 0.999997
Scru_reclas
 0.0813674 0.308323 0.691677 0.918633 0.982704
 0.0813674 0.308323 0.691677 0.918633 0.982704
 0.0813674 0.308323 0.691677 0.918633 0.982704
 0.0813674 0.308323 0.691677 0.918633 0.982704
 0.0813674 0.308323 0.691677 0.918633 0.982704
 0.0813674 0.308323 0.691677 0.918633 0.982704
 0.0813674 0.308323 0.691677 0.918633 0.982704
 0.0813674 0.308323 0.691677 0.918633 0.982704
 0.0813674 0.308323 0.691677 0.918633 0.982704
 0.0813674 0.308323 0.691677 0.918633 0.982704
 0.0813674 0.308323 0.691677 0.918633 0.982704
 0.0813674 0.308323 0.691677 0.918633 0.982704
 0.0813674 0.308323 0.691677 0.918633 0.982704
 0.0813674 0.308323 0.691677 0.918633 0.982704
 0.0813674 0.308323 0.691677 0.918633 0.982704
 0.0813674 0.308323 0.691677 0.918633 0.982704
 0.0813674 0.308323 0.691677 0.918633 0.982704
 0.0813674 0.308323 0.691677 0.918633 0.982704
 0.0813674 0.308323 0.691677 0.918633 0.982704
 0.0813674 0.308323 0.691677 0.918633 0.982704
 0.0813674 0.308323 0.691677 0.918633 0.982704
 0.0813674 0.308323 0.691677 0.918633 0.982704
 0.0813674 0.308323 0.691677 0.918633 0.982704
 0.0813674 0.308323 0.691677 0.918633 0.982704
 0.0813674 0.308323 0.691677 0.918633 0.982704
 0.0813674 0.308323 0.691677 0.918633 0.982704
 0.0813674 0.308323 0.691677 0.918633 0.982704
Scru_pelaces
 0.163878 0.496572 0.83233 0.961512 0.992109
 0.163878 0.496572 0.83233 0.961512 0.992109
 0.163878 0.496572 0.83233 0.961512 0.992109
 0.163878 0.496572 0.83233 0.961512 0.992109
 0.163878 0.496572 0.83233 0.961512 0.992109
 0.163878 0.496572 0.83233 0.961512 0.992109
 0.163878 0.496572 0.83233 0.961512 0.992109
 0.163878 0.496572 0.83233 0.961512 0.992109
 0.163878 0.496572 0.83233 0.961512 0.992109
 0.163878 0.496572 0.83233 0.961512 0.992109
 0.163878 0.496572 0.83233 0.961512 0.992109
 0.163878 0.496572 0.83233 0.961512 0.992109
 0.163878 0.496572 0.83233 0.961512 0.992109
 0.163878 0.496572 0.83233 0.961512 0.992109
 0.163878 0.496572 0.83233 0.961512 0.992109
 0.163878 0.496572 0.83233 0.961512 0.992109
 0.163878 0.496572 0.83233 0.961512 0.992109
 0.163878 0.496572 0.83233 0.961512 0.992109
 0.163878 0.496572 0.83233 0.961512 0.992109
 0.163878 0.496572 0.83233 0.961512 0.992109
 0.163878 0.496572 0.83233 0.961512 0.992109
 0.163878 0.496572 0.83233 0.961512 0.992109
 0.163878 0.496572 0.83233 0.961512 0.992109
 0.163878 0.496572 0.83233 0.961512 0.992109
 0.163878 0.496572 0.83233 0.961512 0.992109
 0.163878 0.496572 0.83233 0.961512 0.992109
 0.163878 0.496572 0.83233 0.961512 0.992109
pf_obs 
 0.256992 0.487395 0.22802 0.0275931 0
 0.321318 0.546541 0.124235 0.00734118 0.000564706
 0.182869 0.594174 0.210203 0.0122559 0.00049798
 0.330522 0.361315 0.267642 0.0388342 0.00168674
 0.649043 0.306663 0.0425973 0.00169635 0
 0.582887 0.30429 0.105238 0.00758474 0
 0.465427 0.430635 0.0974691 0.00646863 0
 0.296916 0.608066 0.0921331 0.00288517 0
 0.311714 0.524322 0.152257 0.0117073 0
 0.15457 0.633149 0.183074 0.0267441 0.00246327
 0.131901 0.49318 0.331252 0.0422183 0.00144891
 0.196976 0.569456 0.194076 0.0375587 0.00193317
 0.518974 0.381816 0.0799577 0.0180837 0.00116848
 0.0928022 0.601141 0.25162 0.0475244 0.00691264
 0.122501 0.610282 0.24278 0.0234846 0.000952079
 0.383417 0.481906 0.127806 0.00687128 0
 0.0376549 0.599619 0.316969 0.0457579 0
 0.0361596 0.667082 0.258105 0.0386534 0
 0.158088 0.579412 0.248529 0.0139706 0
 0.0477256 0.309471 0.559284 0.082774 0.000745712
 0.0406174 0.521527 0.379366 0.0568643 0.0016247
 0.151134 0.462217 0.34131 0.0453401 0
 0.294876 0.26143 0.354403 0.0886775 0.000613685
 0.281977 0.475581 0.204845 0.0348837 0.00271318
 0.0841818 0.532909 0.334909 0.0458182 0.00218182
 0.115287 0.27431 0.454777 0.147771 0.00785563
 0.0989387 0.350907 0.424855 0.114687 0.0106128
pf_pred 
 0.0127784 0.639859 0.306901 0.040459 2.15255e-06
 0.0333043 0.109737 0.600954 0.226342 0.0296637
 0.0106237 0.30562 0.097413 0.411966 0.174377
 0.142481 0.161387 0.280887 0.0596942 0.35555
 0.632368 0.279338 0.0223334 0.0267697 0.0391911
 0.089582 0.866106 0.0356915 0.00219133 0.00642932
 0.564808 0.292875 0.137897 0.00356842 0.000851349
 0.230892 0.745206 0.0183547 0.00537649 0.000170196
 0.272229 0.626841 0.0989325 0.00153794 0.000459223
 0.367973 0.572426 0.0544154 0.00508394 0.000101221
 0.16136 0.766964 0.0670813 0.00419921 0.000395842
 0.184154 0.665597 0.14213 0.00760528 0.000514302
 0.332646 0.562761 0.0917483 0.0121585 0.000685995
 0.255025 0.716022 0.0265277 0.00213253 0.000292973
 0.249086 0.733748 0.0169221 0.000223685 1.98908e-05
 0.276476 0.705434 0.0179396 0.000147779 2.06884e-06
 0.227851 0.706593 0.0646096 0.00093824 7.72222e-06
 0.305562 0.617668 0.0728551 0.00385868 5.56901e-05
 0.196139 0.726394 0.0719005 0.00528614 0.000280535
 0.228712 0.614859 0.145804 0.00986827 0.000756605
 0.312969 0.587694 0.0854339 0.0129687 0.000934136
 0.207259 0.682936 0.0979853 0.0101776 0.00164212
 0.276669 0.56934 0.138221 0.0140858 0.00168439
 0.302901 0.60323 0.0793183 0.013074 0.00147688
 0.101188 0.783801 0.103974 0.00933986 0.00169669
 0.125833 0.521407 0.319001 0.0305432 0.00321535
 0.0458647 0.659278 0.199199 0.0865756 0.00908257
pobs_RECLAS
 0 0 0 0 0
 0 0 0 0 0
 0 0 0 0 0
 0 0 0 0 0
 0.835266 0.146461 0.0176864 0.000547809 3.91292e-05
 0.385257 0.428462 0.181853 0.0044286 0
 0.867414 0.0963971 0.0333333 0.00285562 0
 0.441836 0.489002 0.0689373 0.000224442 0
 0.779404 0.147425 0.0564933 0.0165055 0.000172143
 0.814271 0.122319 0.05973 0.00367925 0
 0.40263 0.566651 0.0304383 0.000280538 0
 0.475488 0.404961 0.113038 0.00651328 0
 0.955842 0.0263864 0.0167828 0.000988607 0
 0.975058 0.0227948 0.00214734 0 0
 0.738997 0.206755 0.0527124 0.00153531 0
 0.850938 0.134255 0.0134407 0.00136685 0
 0.542534 0.407297 0.0501686 0 0
 0.764087 0.199537 0.0359546 0.000420521 0
 0.470689 0.182191 0.310203 0.0369168 0
 0.84361 0.089868 0.0606195 0.00523954 0.000663233
 0.607945 0.314616 0.071237 0.00620181 0
 0.523733 0.453247 0.0230204 0 0
 0.530135 0.295979 0.169645 0.0042399 0
 0.562478 0.366248 0.0663022 0.0049721 0
 0.250443 0.683176 0.0655157 0.000865301 0
 0.195077 0.31981 0.436473 0.0351445 0.0134964
 0.565238 0.351407 0.0832357 0.000118908 0
ppred_RECLAS
 0.0267276 0.485252 0.415644 0.072372 4.11849e-06
 0.0491835 0.0583653 0.569473 0.28327 0.039709
 0.0173687 0.164368 0.0898689 0.501395 0.227
 0.203983 0.0776916 0.234204 0.0656815 0.418439
 0.785529 0.124663 0.0177421 0.0280857 0.0439803
 0.231443 0.7035 0.0487328 0.00394489 0.0123795
 0.772275 0.124948 0.0985568 0.00336229 0.000857981
 0.481185 0.490352 0.0203412 0.00785637 0.000266002
 0.533987 0.367954 0.0954784 0.00195566 0.000624577
 0.624916 0.317089 0.0515113 0.00634832 0.00013519
 0.371003 0.542773 0.0790443 0.00652206 0.00065758
 0.39066 0.440082 0.157355 0.0111002 0.000802869
 0.643666 0.275236 0.068451 0.0119266 0.000719688
 0.655986 0.326206 0.0158902 0.00167249 0.000245721
 0.650256 0.339262 0.0102874 0.000178044 1.69312e-05
 0.564561 0.418011 0.0172377 0.000187023 2.80035e-06
 0.487943 0.444507 0.0662709 0.00126773 1.11598e-05
 0.566574 0.357699 0.0707131 0.00493754 7.62187e-05
 0.404014 0.501364 0.0858231 0.00832605 0.000472616
 0.447549 0.383672 0.153916 0.0137374 0.00112654
 0.541189 0.350383 0.0891816 0.01787 0.00137678
 0.406205 0.459891 0.115358 0.015816 0.0027295
 0.495859 0.340087 0.142449 0.0191544 0.00244989
 0.539171 0.359279 0.0816466 0.017758 0.00214561
 0.227167 0.610521 0.142177 0.0168602 0.00327603
 0.24028 0.34219 0.366057 0.0462636 0.00520926
 0.103901 0.485814 0.250538 0.14363 0.0161167
pobs_PELACES
 0 0 0 0 0
 0 0 0 0 0
 0 0 0 0 0
 0 0 0 0 0
 0 0 0 0 0
 0 0 0 0 0
 0 0 0 0 0
 0 0 0 0 0
 0 0 0 0 0
 0 0 0 0 0
 0.450072 0.473896 0.0757376 0.000293798 0
 0 0 0 0 0
 0.463077 0.371075 0.160297 0.00555027 0
 0.529543 0.364841 0.0842815 0.0213345 0
 0.631943 0.363953 0.00410389 0 0
 0.735681 0.248677 0.0153453 0.000297389 0
 0.695825 0.281241 0.0229344 0 0
 0.275771 0.60734 0.115278 0.00161068 0
 0 0 0 0 0
 0.896147 0.0623911 0.0374545 0.00400742 0
 0.803859 0.145111 0.0509908 3.86294e-05 0
 0.739449 0.233085 0.0266225 0.000797448 4.60066e-05
 0.878498 0.100942 0.0204185 0.000141795 0
 0.694673 0.275183 0.0284847 0.00165964 0
 0.469039 0.446079 0.0841089 0.000773354 0
 0.822795 0.102175 0.0682046 0.00682512 0
 0.69333 0.244118 0.0624202 0.000131731 0
ppred_PELACES
 0.0399675 0.555582 0.351266 0.0531817 2.9191e-06
 0.0886787 0.0782312 0.558787 0.241632 0.0326709
 0.0443554 0.241184 0.0898204 0.434785 0.189855
 0.393344 0.0904982 0.188442 0.0458691 0.281847
 0.854075 0.099758 0.0103644 0.0142617 0.0215408
 0.372088 0.592937 0.0272681 0.0019138 0.00579239
 0.885857 0.0740803 0.0386388 0.00114275 0.000281246
 0.641597 0.345566 0.00953847 0.00319431 0.000104312
 0.720584 0.238413 0.0400727 0.000711172 0.000219055
 0.756865 0.216678 0.0238536 0.00255023 5.23799e-05
 0.551352 0.406702 0.0388935 0.00278157 0.000270486
 0.578911 0.336398 0.0794913 0.0048612 0.000339117
 0.841867 0.134676 0.0202317 0.00304847 0.000177411
 0.887531 0.109306 0.00286556 0.000260013 3.68394e-05
 0.883893 0.114213 0.00186386 2.78091e-05 2.55027e-06
 0.742364 0.250963 0.00660981 6.2112e-05 8.96965e-07
 0.682363 0.289459 0.0277147 0.000459249 3.89911e-06
 0.728704 0.238225 0.0311571 0.00188605 2.808e-05
 0.543801 0.404273 0.0476905 0.00401545 0.00021984
 0.626489 0.289367 0.0776577 0.00601066 0.000475401
 0.664243 0.276926 0.0495657 0.00862455 0.00064089
 0.535634 0.386856 0.0680596 0.00810239 0.00134867
 0.650277 0.263872 0.0759019 0.00885701 0.00109262
 0.678789 0.270054 0.0422525 0.00797562 0.000929445
 0.323975 0.570631 0.0939093 0.00967177 0.0018126
 0.3739 0.339949 0.255115 0.0279965 0.00304052
 0.198321 0.520163 0.181492 0.0902564 0.009768
pobs_pel_tallas
 0 0 0 0 0 0 0 0 0 0 0 0 0 0 0 0 0 0 0 0 0 0 0 0 0 0 0 0 0 0 0 0 0 0 0 0
 0 0 0 0 0 0 0 0 0 0 0 0 0 0 0 0 0 0 0 0 0 0 0 0 0 0 0 0 0 0 0 0 0 0 0 0
 0 0 0 0 0 0 0 0 0 0 0 0 0 0 0 0 0 0 0 0 0 0 0 0 0 0 0 0 0 0 0 0 0 0 0 0
 0 0 0 0 0 0 0 0 0 0 0 0 0 0 0 0 0 0 0 0 0 0 0 0 0 0 0 0 0 0 0 0 0 0 0 0
 0 0 0 0 0 0 0 0 0 0 0 0 0 0 0 0 0 0 0 0 0 0 0 0 0 0 0 0 0 0 0 0 0 0 0 0
 0 0 0 0 0 0 0 0 0 0 0 0 0 0 0 0 0 0 0 0 0 0 0 0 0 0 0 0 0 0 0 0 0 0 0 0
 0 0 0 0 0 0 0 0 0 0 0 0 0 0 0 0 0 0 0 0 0 0 0 0 0 0 0 0 0 0 0 0 0 0 0 0
 0 0 0 0 0 0 0 0 0 0 0 0 0 0 0 0 0 0 0 0 0 0 0 0 0 0 0 0 0 0 0 0 0 0 0 0
 0 0 0 0 0 0 0 0 0 0 0 0 0 0 0 0 0 0 0 0 0 0 0 0 0 0 0 0 0 0 0 0 0 0 0 0
 0 0 0 0 0 0 0 0 0 0 0 0 0 0 0 0 0 0 0 0 0 0 0 0 0 0 0 0 0 0 0 0 0 0 0 0
 0 0 0 0 0 0 0 0 1.78061e-05 0.00172719 0.00360574 0.0105946 0.0120993 0.0124554 0.0147524 0.0171206 0.0266825 0.0428682 0.0675386 0.121331 0.153587 0.119568 0.100827 0.0573624 0.0630603 0.0341343 0.0324427 0.0444173 0.0211091 0.0280891 0.0125444 0.00206551 0 0 0 0
 0 0 0 0 0 0 0 0 0 0 0 0 0 0 0 0 0 0 0 0 0 0 0 0 0 0 0 0 0 0 0 0 0 0 0 0
 0 0 0 0 0 0 0.0133647 0.0140871 0.0187388 0.0205184 0.03894 0.0496705 0.03968 0.0493445 0.0407372 0.0367815 0.0215668 0.0243155 0.0234873 0.0199281 0.019796 0.0243948 0.0301388 0.0376714 0.0412746 0.0863199 0.0771752 0.113111 0.0741005 0.0525337 0.0229764 0.00759418 0.00175318 0 0 0
 0 0 0 0 0 0 0 0 0 0 0.00219441 0.00772107 0.0458388 0.0604681 0.0671733 0.0775358 0.0609151 0.0617685 0.073594 0.0568108 0.0755445 0.0548602 0.0670107 0.0636378 0.0643287 0.046367 0.0373049 0.0286899 0.0247887 0.0153202 0.00654259 0.00121912 0.000365735 0 0 0
 0 0 0 0 0 0 0 0 0 0 0 0 0.000112435 0.00938835 0.0111873 0.0202946 0.0414886 0.0713402 0.111592 0.104902 0.108894 0.110636 0.117776 0.105296 0.107544 0.0401394 0.0192827 0.0124803 0.00416011 0.0028671 0.000618394 0 0 0 0 0
 0 0 0 0 0 0 0 0 0 0 0.00291406 0.0102884 0.027416 0.0768956 0.0749926 0.110853 0.0956884 0.0897413 0.0766577 0.0534642 0.0500743 0.0551293 0.0594112 0.0620874 0.0668451 0.0424026 0.0208742 0.0120726 0.0048766 0.00582813 0.00118941 0.000297354 0 0 0 0
 0 0.00264628 0.0354308 0.0461629 0.0458689 0.0383711 0.0214643 0.0164657 0.0346957 0.0420465 0.0363128 0.0245516 0.0311673 0.0291091 0.0169068 0.0133784 0.00837989 0.0085269 0.0148486 0.0160247 0.0276389 0.0546898 0.0760071 0.122758 0.109233 0.0665981 0.0333725 0.0166128 0.00676272 0.00308733 0.000882094 0 0 0 0 0
 0 0 0 0 0 0 0 0.000805153 0.000690131 0.00759144 0.0133425 0.0154129 0.00931677 0.000345066 0.00356568 0.00563607 0.00851162 0.0253048 0.0502646 0.0516448 0.0657925 0.0565908 0.0611916 0.0827007 0.0866115 0.110766 0.145733 0.0935128 0.0569358 0.0249597 0.0138026 0.00621118 0.00161031 0.00115022 0 0
 0 0 0 0 0 0 0 0 0 0 0 0 0 0 0 0 0 0 0 0 0 0 0 0 0 0 0 0 0 0 0 0 0 0 0 0
 0.00147267 0.00158595 0.00478618 0.00569244 0.00954404 0.0108468 0.00647125 0.017049 0.0510054 0.094081 0.124002 0.0959785 0.0687766 0.0820023 0.061753 0.0591476 0.0492212 0.0479892 0.0443925 0.0268479 0.0217502 0.0140895 0.0121071 0.0120363 0.00920419 0.00665534 0.0049561 0.00860946 0.00930331 0.0156896 0.0114698 0.00855282 0.00243557 0.00046729 0 2.83206e-05
 0 0 0 0 0.000772559 0.00158375 0.000888443 0.00281984 0.00712685 0.0440552 0.0773331 0.111326 0.0921469 0.0852325 0.0710754 0.0886704 0.0786465 0.0553345 0.0373146 0.0185414 0.00753245 0.00457741 0.012979 0.0271748 0.0457355 0.0583668 0.034881 0.0177882 0.00938659 0.00492506 0.0015258 0.00185414 0.000309023 5.79419e-05 3.86279e-05 0
 0 0.00173294 0.00326652 0 0.00397197 0.00683976 0.00946217 0.0152591 0.00757587 0.0136028 0.0228656 0.0392903 0.0559909 0.0764795 0.0681675 0.0726916 0.0566044 0.0477403 0.0527397 0.0444891 0.0609904 0.0582453 0.0661739 0.0445044 0.0529084 0.0360697 0.0280645 0.0235558 0.0158879 0.00826598 0.00280645 0.00217768 0.000904811 0.00058276 9.20147e-05 0
 0 0 0 0 0 0 0 0 0 0 0 0 0 0 0 0 0 0 0 0 0 0 0 0 0 0 0 0 0 0 0 0 0 0 0 0
 0 0 0 0 0 0 0 0 0 0 0 0 0 0 0 0 0 0 0 0 0 0 0 0 0 0 0 0 0 0 0 0 0 0 0 0
 0 0 0 0 0 0 0 0 0 0 0 0 0 0 0 0 0 0 0 0 0 0 0 0 0 0 0 0 0 0 0 0 0 0 0 0
 0 0 0 0 0 0 0 0 0 0 0 0 0 0 0 0 0 0 0 0 0 0 0 0 0 0 0 0 0 0 0 0 0 0 0 0
 0 0 0 0 0 0 0 0 0 0 0 0 0 0 0 0 0 0 0 0 0 0 0 0 0 0 0 0 0 0 0 0 0 0 0 0
ppred_pel_tallas
 1.06995e-16 1.77876e-06 1.03511e-05 4.90204e-05 0.000188423 0.000587294 0.00148407 0.00304119 0.00505866 0.00684679 0.00759087 0.00702941 0.00576082 0.00483585 0.00510935 0.0069766 0.0105305 0.0157707 0.0226378 0.0309204 0.0401645 0.049664 0.0585448 0.0659219 0.0710785 0.0736083 0.0734785 0.0709904 0.0666663 0.0611033 0.0548487 0.0483286 0.0418362 0.0355605 0.0296299 0.0241459
 1.17787e-16 3.88368e-06 2.27522e-05 0.000108073 0.000415951 0.00129695 0.00327603 0.0067042 0.0111171 0.0149427 0.0162946 0.0144542 0.0105259 0.00651148 0.00386862 0.00296048 0.00349191 0.00511772 0.00769849 0.0112593 0.0158717 0.0215659 0.028283 0.0358501 0.0439721 0.0522372 0.0601405 0.067124 0.072634 0.0761903 0.0774553 0.0762903 0.0727849 0.0672475 0.0601631 0.0521196
 1.25165e-16 1.95578e-06 1.14233e-05 5.41901e-05 0.000208451 0.000649846 0.00164168 0.00336121 0.00557982 0.00751865 0.00824807 0.00743326 0.00566636 0.00400751 0.00326521 0.00371582 0.00530826 0.00794563 0.0115851 0.0161923 0.0216711 0.0278335 0.0344139 0.0411141 0.0476548 0.0538116 0.0594213 0.0643569 0.0684867 0.0716412 0.0736061 0.0741514 0.0730875 0.0703252 0.0659242 0.0601058
 1.17451e-16 1.71678e-05 0.000100743 0.000478856 0.00184357 0.00574893 0.0145213 0.0297128 0.0492533 0.0661491 0.0719922 0.0635234 0.045519 0.0266629 0.0131315 0.00613356 0.00384308 0.00411766 0.0056844 0.00803938 0.0110315 0.0145953 0.0186506 0.0230819 0.0277431 0.0324648 0.0370586 0.0413175 0.0450178 0.0479285 0.049831 0.0505491 0.0499808 0.0481235 0.0450838 0.0410693
 1.01677e-16 3.72583e-05 0.000218691 0.00103959 0.00400254 0.0124816 0.0315274 0.0645084 0.106927 0.143591 0.156231 0.13775 0.0984804 0.0572206 0.0272964 0.0112158 0.00486621 0.00342411 0.003944 0.00516083 0.00661089 0.00807615 0.00938718 0.0103949 0.010992 0.0111353 0.0108541 0.0102377 0.00940895 0.0084917 0.00758434 0.00674572 0.00599538 0.00532427 0.00470982 0.00412958
 1.00917e-16 1.62615e-05 9.53761e-05 0.000453236 0.00174475 0.00544063 0.0137432 0.0281244 0.0466343 0.0626742 0.0683219 0.0605502 0.0439662 0.026914 0.0154049 0.0107714 0.0114541 0.0155077 0.0216445 0.0290704 0.0370658 0.0447769 0.0512453 0.0555743 0.057132 0.055706 0.0515567 0.045344 0.0379604 0.0303231 0.0231937 0.0170719 0.0121749 0.00848672 0.00584248 0.00401429
 1.00626e-16 3.86432e-05 0.000226824 0.00107826 0.00415143 0.0129459 0.0327002 0.0669079 0.110903 0.148928 0.162032 0.142848 0.102091 0.0592495 0.0281348 0.0113369 0.00457919 0.00285177 0.00310118 0.00402887 0.00518068 0.00636776 0.00745535 0.00832365 0.00888001 0.0090763 0.00891682 0.00845233 0.00776364 0.00694063 0.00606402 0.00519463 0.00437123 0.00361443 0.00293336 0.00233142
 1.00363e-16 2.80033e-05 0.000164333 0.000781117 0.00300726 0.00937779 0.0236878 0.0484699 0.0803499 0.107925 0.11749 0.103743 0.0744988 0.0439543 0.0222198 0.0112956 0.00820388 0.0093941 0.0126463 0.0168849 0.0215004 0.0259494 0.0296648 0.0321235 0.0329591 0.0320516 0.0295577 0.025868 0.0215083 0.0170185 0.0128459 0.00928307 0.00645569 0.0043514 0.00286953 0.00187193
 1.00682e-16 3.14432e-05 0.000184539 0.000877197 0.00337723 0.0105315 0.0266019 0.0544316 0.0902286 0.121181 0.131885 0.116372 0.0833891 0.0488401 0.0240267 0.0111336 0.00675749 0.00687453 0.00899999 0.0119996 0.0153369 0.0186129 0.0214317 0.0234263 0.0243313 0.0240436 0.0226453 0.0203767 0.0175731 0.0145846 0.0117078 0.00914388 0.00699138 0.00526334 0.00391805 0.0028895
 1.005e-16 3.30243e-05 0.000193823 0.000921341 0.0035472 0.0110616 0.0279408 0.0571709 0.0947683 0.127275 0.138509 0.122196 0.0875186 0.0511698 0.0250068 0.011308 0.00648216 0.00629019 0.00811892 0.010788 0.0137623 0.0166668 0.0191397 0.0208494 0.0215593 0.021183 0.0198045 0.0176523 0.0150407 0.012295 0.00968846 0.00740335 0.00552422 0.0040547 0.00294674 0.00212996
 1.00793e-16 2.40708e-05 0.00014124 0.000671317 0.00258448 0.00805935 0.0203576 0.0416565 0.0690586 0.0927689 0.101017 0.0892614 0.0642388 0.0381809 0.0198193 0.0109236 0.00898508 0.0109889 0.0150327 0.0201503 0.0257208 0.0311302 0.0357157 0.0388578 0.0401149 0.0393291 0.0366632 0.0325526 0.0275933 0.022402 0.0174948 0.0132156 0.0097217 0.00701646 0.00500435 0.00354709
 1.01421e-16 2.52697e-05 0.000148285 0.000704823 0.00271351 0.00846175 0.0213739 0.0437355 0.0725026 0.0973877 0.106026 0.0936395 0.0672849 0.0397819 0.0202675 0.0105646 0.00800699 0.00941153 0.0127911 0.0171817 0.0220267 0.0268133 0.0309928 0.0340454 0.0355879 0.0354604 0.033759 0.0308001 0.027034 0.0229362 0.0189124 0.0152436 0.0120744 0.00943749 0.00729398 0.00557308
 1.00445e-16 3.67275e-05 0.000215571 0.00102475 0.00394539 0.0123034 0.0310772 0.0635876 0.105402 0.141546 0.154015 0.135815 0.0971414 0.0565312 0.0271333 0.0114352 0.00539727 0.0042734 0.00515732 0.00678246 0.00865292 0.0104981 0.0120863 0.0132098 0.0137194 0.0135577 0.0127721 0.011499 0.00992773 0.00825574 0.00664924 0.00522032 0.0040226 0.00306154 0.00231206 0.00173598
 1.00088e-16 3.87176e-05 0.000227258 0.00108031 0.00415933 0.0129705 0.0327624 0.0670354 0.111116 0.149216 0.162352 0.143148 0.102343 0.0594706 0.0283798 0.0116764 0.0050851 0.00358944 0.00412137 0.00535522 0.00679435 0.00819507 0.00936467 0.0101357 0.0103922 0.0100963 0.0092981 0.00812158 0.00673383 0.00530626 0.00398104 0.00285121 0.0019568 0.00129388 0.000830359 0.000522037
 1.00065e-16 3.85591e-05 0.000226327 0.00107589 0.00414228 0.0129174 0.0326282 0.0667608 0.110661 0.148605 0.161689 0.142566 0.101933 0.0592456 0.0282966 0.0116839 0.00515177 0.00370563 0.00428963 0.00558084 0.00707929 0.00853468 0.00974638 0.0105397 0.0107939 0.0104702 0.00962184 0.00837962 0.00691928 0.00542091 0.00403376 0.00285525 0.00192697 0.00124414 0.000772237 0.000463941
 1.00178e-16 3.23934e-05 0.000190116 0.000903709 0.0034793 0.0108499 0.027406 0.0560768 0.0929558 0.124844 0.135872 0.11989 0.0859113 0.0503191 0.0247567 0.0114732 0.00695986 0.00706596 0.00922366 0.0122534 0.0155894 0.0188076 0.0214903 0.0232567 0.0238407 0.0231558 0.0213169 0.0186092 0.0154166 0.0121333 0.00908607 0.00648895 0.00443413 0.00291276 0.00185106 0.00114732
 1.00504e-16 2.97787e-05 0.000174762 0.000830705 0.0031982 0.00997326 0.0251918 0.0515468 0.0854484 0.114766 0.124919 0.11026 0.0790861 0.0464738 0.0231486 0.0112058 0.00744789 0.00808 0.0107459 0.0143403 0.0182924 0.0221344 0.0253888 0.0276135 0.0284943 0.027919 0.026004 0.0230601 0.0195127 0.0158021 0.012297 0.00924309 0.00675337 0.00483039 0.00340593 0.00238087
 1.00587e-16 3.17973e-05 0.000186617 0.000887078 0.00341527 0.0106502 0.0269016 0.0550448 0.0912449 0.122545 0.13337 0.117679 0.0843211 0.049376 0.0242716 0.0112149 0.00676193 0.00684103 0.00893754 0.0119036 0.0151976 0.0184187 0.0211711 0.0230895 0.0239121 0.023541 0.0220649 0.0197314 0.0168823 0.0138727 0.0110018 0.00847039 0.00637351 0.00471845 0.00345633 0.00251376
 1.00957e-16 2.37414e-05 0.000139307 0.000662125 0.00254909 0.00794899 0.0200788 0.0410862 0.0681132 0.0914993 0.0996356 0.0880432 0.0633675 0.037674 0.0195765 0.0108228 0.00894133 0.0109614 0.0150087 0.0201316 0.025717 0.0311568 0.0357926 0.0390073 0.0403588 0.0396841 0.0371375 0.0331431 0.0282847 0.023168 0.0183016 0.0140261 0.0105005 0.00773375 0.00563858 0.00408627
 1.01426e-16 2.73424e-05 0.000160458 0.000762705 0.00293639 0.00915679 0.0231295 0.0473272 0.0784545 0.105376 0.114705 0.101262 0.0726692 0.0427792 0.0214512 0.0106248 0.00738245 0.00825701 0.0110975 0.0148925 0.0191084 0.0232929 0.0269721 0.0296972 0.0311351 0.0311422 0.029793 0.0273504 0.0241924 0.0207198 0.0172765 0.0141023 0.0113239 0.008975 0.00703026 0.005438
 1.01121e-16 2.89881e-05 0.000170121 0.000808646 0.00311328 0.00970841 0.0245228 0.0501779 0.0831792 0.111719 0.121601 0.107331 0.0769832 0.0452349 0.0225265 0.0108984 0.00723984 0.00786086 0.0104742 0.0140134 0.0179343 0.0217939 0.0251372 0.0275389 0.0286895 0.0284659 0.0269583 0.0244383 0.021287 0.0179023 0.014621 0.0116715 0.00916536 0.00711862 0.00548676 0.00419957
 1.01434e-16 2.33846e-05 0.000137214 0.000652177 0.00251079 0.00782957 0.0197772 0.0404688 0.0670895 0.0901233 0.0981353 0.0867127 0.0623997 0.0370784 0.0192308 0.0105758 0.00867785 0.0106122 0.0145386 0.0195306 0.0250013 0.0303717 0.0350133 0.0383327 0.0398982 0.0395395 0.0373845 0.0338162 0.0293702 0.0246063 0.0199981 0.0158668 0.0123696 0.00952829 0.0072789 0.00552054
 1.01519e-16 2.83786e-05 0.000166544 0.000791643 0.00304781 0.00950427 0.0240072 0.0491228 0.08143 0.109369 0.119043 0.105071 0.0753574 0.0442708 0.0220309 0.0106348 0.00703838 0.00763239 0.0101841 0.0136595 0.0175392 0.0214038 0.0248208 0.0273804 0.0287768 0.0288753 0.0277384 0.0255992 0.0227951 0.0196849 0.0165769 0.0136868 0.0111302 0.00894022 0.00709856 0.00556442
 1.01006e-16 2.96221e-05 0.000173844 0.000826345 0.00318143 0.00992094 0.0250596 0.0512762 0.0849994 0.114162 0.124258 0.109668 0.078642 0.0461749 0.02293 0.0109858 0.00715688 0.00766716 0.0101776 0.0136018 0.0173942 0.0211184 0.02433 0.026615 0.027674 0.0273907 0.0258579 0.0233462 0.0202323 0.0169089 0.0137067 0.0108488 0.008442 0.00649795 0.00496804 0.00377821
 1.01936e-16 1.41628e-05 8.30567e-05 0.000394671 0.00151927 0.00473748 0.0119671 0.0244902 0.0406101 0.0545836 0.0595173 0.0527827 0.0384036 0.0236635 0.0138219 0.01007 0.0110834 0.0151973 0.0213061 0.0287122 0.0367544 0.0446261 0.0514083 0.0562279 0.0584508 0.05783 0.0545603 0.0492139 0.0425878 0.0355146 0.0286972 0.0226113 0.0174877 0.0133548 0.0101124 0.00760474
 1.04837e-16 1.63308e-05 9.58049e-05 0.000455322 0.00175286 0.005466 0.013807 0.0282531 0.046841 0.0629316 0.0685492 0.060625 0.0437464 0.026237 0.014059 0.00846555 0.00781765 0.0101351 0.0141828 0.0193379 0.0251762 0.0312352 0.0369743 0.0418447 0.0453928 0.0473462 0.0476539 0.0464658 0.0440684 0.0408007 0.0369828 0.0328744 0.0286684 0.0245056 0.020497 0.016739
 1.06304e-16 8.68177e-06 5.08824e-05 0.00024172 0.000930384 0.00290109 0.00732844 0.0149989 0.0248771 0.0334543 0.0365235 0.0324985 0.0238795 0.0151807 0.00969711 0.00825036 0.0101268 0.0143893 0.0204006 0.0277048 0.035783 0.0439449 0.0513743 0.0572709 0.0610198 0.0623223 0.0612472 0.0581808 0.0537035 0.0484364 0.042911 0.0374976 0.0323982 0.0276859 0.0233642 0.0194173
pSPR Fmed_Fpbrs
0.499192   0.6 0.325
Fs Fmed_Fpbrs
0.66   0.429583 1.48899
SSBpbr Bo_Bmed_Bpbrs
562957  252876  309626 154813
Ro
18033.7
SPR SPRFo_SPRFmed_SPRFpbrs
373591 186494 121417
log_Ro
9.62
likeval ReclasPelacesDesembMPH_pf_preclas_ppelaces_ptallas_desvR_qrecl_qpela
 71.9898 14.9842 0.287156 0.000526162 417.059 218.513 65.8038 0 40.0761 0.000192695 0.000509381 1.67373e-14 0 0 0
q_reclas_q_pelaces
7.14962 24.8028
M
0.7
N
 8552.9 43768.2 17022.4 2232.79 0.118779
 11973.5 4187.93 18787 7042.22 922.839
 1409.17 5807.12 1628.32 6866.33 2906.2
 4089.75 628.775 951.665 201.603 1200.7
 39052.6 1854.66 121.875 145.402 212.849
 12413.5 18879.2 697.285 42.7068 125.294
 65009.6 5377.01 2275 58.7318 14.0114
 55656.6 28030.5 617.835 180.53 5.71449
 61370.3 24171.7 3471.15 53.8487 16.0784
 113751 25837.8 2169.3 202.107 4.0237
 64976.4 50457.3 3983.17 248.778 23.4501
 48112.8 27792.1 5334.85 284.791 19.2579
 58114.7 20731.5 3171.95 419.782 23.6839
 29119.9 22568.6 805.633 64.7137 8.8904
 12169.2 9895.32 219.885 2.90431 0.258256
 9053.31 4135.24 96.4097 0.792687 0.0110968
 6874.63 3749.96 313.455 4.54302 0.0373899
 8903.78 2865.73 303.643 16.0439 0.23154
 7572.52 3841.36 331.31 24.2815 1.28853
 8322.27 3424.83 724.097 48.8825 3.74764
 15331.1 3636.9 452.335 68.4155 4.92761
 16868.7 7097.77 873.452 90.4024 14.5851
 27251.4 7785.97 1651.88 167.824 20.0671
 44835.1 12275.4 1407.55 231.282 26.1246
 21125.4 20255.4 2287.83 204.746 37.1913
 18606.1 9836.22 5160.48 492.344 51.8262
 4068.09 8590.08 2295.15 994.76 104.353
pred_Ctot
 85.9731 4304.96 2064.83 272.208 0.0144823
 201.19 662.915 3630.35 1367.32 179.198
 103.457 2976.23 948.641 4011.87 1698.15
 256.596 290.644 505.853 107.504 640.314
 745.263 329.207 26.3205 31.5488 46.1877
 1149.27 11111.5 457.895 28.1132 82.4833
 6208.71 3219.46 1515.85 39.2263 9.35855
 5059.32 16329 402.189 117.81 3.72935
 6780.84 15613.7 2464.27 38.3078 11.4386
 8789.23 13672.7 1299.74 121.432 2.41771
 6535.66 31064.8 2717.03 170.083 16.033
 4614.86 16679.7 3561.73 190.586 12.8883
 9239.57 15631.2 2548.4 337.713 19.0542
 6756.79 18970.7 702.841 56.5005 7.7622
 2823.65 8317.82 191.83 2.53571 0.225483
 1091.4 2784.73 70.8172 0.583362 0.0081668
 801.838 2486.59 227.369 3.30179 0.0271755
 846.997 1712.13 201.949 10.696 0.154369
 488.615 1809.57 179.117 13.1687 0.698862
 723.359 1944.65 461.144 31.2109 2.39296
 749.457 1407.33 204.586 31.0556 2.23694
 859.167 2831.03 406.187 42.1899 6.80723
 1831.09 3768.1 914.795 93.2252 11.1479
 2925.44 5826.06 766.064 126.27 14.2639
 951.141 7367.52 977.328 87.7921 15.9484
 944.516 3913.74 2394.45 229.261 24.1348
 319.295 4589.68 1386.76 602.712 63.2299
F
 0.0140643 0.145745 0.182605 0.183606 0.183628
 0.0236093 0.244658 0.306533 0.308213 0.30825
 0.106982 1.10863 1.389 1.39662 1.39678
 0.0907847 0.940781 1.17871 1.18517 1.18531
 0.0268519 0.27826 0.348633 0.350545 0.350586
 0.136651 1.41608 1.77421 1.78394 1.78415
 0.141243 1.46367 1.83383 1.84389 1.84411
 0.134019 1.38881 1.74004 1.74958 1.74979
 0.165089 1.71078 2.14344 2.15519 2.15545
 0.112881 1.16976 1.4656 1.47363 1.47381
 0.149271 1.54687 1.93808 1.9487 1.94893
 0.141893 1.47041 1.84228 1.85238 1.8526
 0.245859 2.54778 3.19213 3.20963 3.21001
 0.379359 3.93121 4.92543 4.95243 4.95302
 0.379359 3.93121 4.92543 4.95243 4.95302
 0.181384 1.87964 2.35502 2.36793 2.36821
 0.175016 1.81365 2.27233 2.28479 2.28506
 0.14065 1.45752 1.82614 1.83615 1.83637
 0.0934746 0.968656 1.21363 1.22029 1.22043
 0.127802 1.32438 1.65932 1.66842 1.66862
 0.0701003 0.726434 0.910153 0.915143 0.915251
 0.0731337 0.757869 0.949537 0.954743 0.954856
 0.09751 1.01047 1.26603 1.27297 1.27312
 0.0945685 0.979992 1.22784 1.23457 1.23471
 0.064403 0.667395 0.836182 0.840766 0.840865
 0.0728831 0.755272 0.946283 0.951471 0.951583
 0.114757 1.1892 1.48995 1.49812 1.4983
Np
 12660.6 6083.55 636.009 420.723 109.848
YTP_r0W_actual
 2586.29 111529 45485.6 24229 2889.61
YTP_p0W_proyectada
 2539.25 8777.46 10781.5 2677.62 1468.45
 2539.25 29647 5279.77 4385.49 1314.79
CTP_r0_actual
 319.295 4589.68 1386.76 602.712 63.2299
CTP_p0_proyectada
 295.262 381.629 332.763 66.1141 31.5796
 295.262 1289 162.956 108.284 28.275
Wmedp
 8.6 23 32.4 40.5 46.5
nmprior
 10.8 10.6 4.6 0
nm_flota  nm_reclas  nm_pelaces    nm_pelaL
inf 20.8133 13.2243 48.0905
cv_recla  cv_pelaces  cv_mph
0.734795 0.410575 0.61305
 ------------------------------------------------
Talla a la edad & desviaci?n 
 7.2 14.2025 17.0495 18.207 18.6776
 1.08 2.13037 2.55742 2.73105 2.80164
