years
 1997 1998 1999 2000 2001 2002 2003 2004 2005 2006 2007 2008 2009 2010 2011 2012 2013 2014 2015 2016 2017 2018 2019 2020 2021 2022 2023
reclasobs
 0 0 0 370054 412103 1.49427e+06 250295 1.28982e+06 931140 785840 897777 1.04006e+06 184774 17550 25797 100020 73551 82996 120727 218422 84188 347160 605670 569463 516374 1.08416e+06 1.01767e+06
reclaspred
 1.16695e+06 225221 459042 177468 281818 360816 746107 631517 698511 881077 900731 650668 363803 149855 85474.8 79330 83074.8 109603 131544 144848 220983 229906 371233 486015 737791 671441 435294
pelacesobs
 0 0 0 0 0 0 0 0 0 2.06254e+06 1.5e+06 0 1.87456e+06 323000 250000 174000 83755 137374 0 501740 490994 745055 786931 1.00524e+06 1.33801e+06 1.41789e+06 1.42762e+06
pelacespred
 2.99859e+06 856109 588619 511892 837387 659359 2.16892e+06 1.82306e+06 1.90954e+06 2.5339e+06 2.07052e+06 1.53722e+06 907309 299768 173172 167217 179677 256785 294832 312237 601749 574925 713953 1.11321e+06 1.62e+06 1.52131e+06 913968
mphobs
 0 0 0 0 0 112323 0 153150 637223 0 255016 313432 73983 77613 109348 50772 17779 17303 59886 28197 0 207744 136588 643089 65757 70829 0
mphpred
 307040 134171 129213 67347.9 63120.1 135723 163278 268718 244725 281046 360543 252470 154305 89583.4 42872.7 30538.2 28344.7 33522.8 44176 44564.5 60342.6 79358 93861.1 132476 216576 209991 150730
desembarqueobs
 350755 77701 442110 56441 14545 235359 269955 359681 431902 328805 639364 411747 362871 311530 167758 66681 60226 58785 57116 73181 50977 67692 138656 160484 209506 203330 187013
desembarquepred
 350732 77668 441652 56428.3 14544.4 235298 269961 359262 431570 328596 638457 411238 362339 311054 167281 66627.6 60208.8 58723.6 57051.3 73119.8 50967 67640 138579 160416 209374 203161 186883
Reclutas
 22613.3 43498.2 7177.66 11417.8 38279.6 18744.5 63570.8 59830.3 74466.4 114302 66915 46357.1 53874.1 29155.9 12729.4 10033 7329.42 9424.35 8494.88 11014.9 17116.2 19910 32730.6 50181.2 23156.9 21405.3 12943.5
log_desv_Rt
 -0.0737045 0.580476 -1.22127 -0.757073 0.452672 -0.261345 0.959909 0.899267 1.1181 1.5466 1.01118 0.64413 0.794405 0.180412 -0.648329 -0.886369 -1.20035 -0.948947 -1.05278 -0.792998 -0.352217 -0.201021 0.296066 0.723395 -0.0499508 -0.128606 -0.631648
SSB
 524082 229014 220551 114955 107738 231664 278695 458670 417717 479712 615404 430937 263380 152908 73178.6 52125 48381 57219.5 75403.2 76066.3 102998 135455 160210 226121 369669 358430 257278
BT
 1.25422e+06 359535 403843 201730 299234 357384 1.10047e+06 1.01805e+06 1.11882e+06 1.22923e+06 1.23683e+06 860229 695245 401300 205392 113071 112395 139917 134625 160714 245706 217825 312139 490565 597819 549678 383144
Ftot
 0.798388 1.043 2.16973 0.857007 0.186392 1.61422 1.2692 1.76003 1.93472 1.25634 1.89879 1.66298 2.81249 4.95303 4.95303 2.38792 2.11823 1.65636 1.20524 1.44131 0.720377 0.819829 1.04017 1.01196 0.755189 0.769928 1.06508
BD_Bspro_t
 0.921005 0.618319 0.505067 0.214316 0.304667 0.533815 0.434893 0.514481 0.44667 0.436814 0.461785 0.313093 0.21903 0.15502 0.0905075 0.0799503 0.102357 0.163139 0.249812 0.299617 0.397981 0.530474 0.529235 0.540421 0.588226 0.507446 0.415425
BD_Bspro
 1.03923 0.454126 0.437345 0.227951 0.213641 0.459381 0.552643 0.909526 0.828318 0.951251 1.22032 0.854532 0.522272 0.303211 0.145111 0.103362 0.0959378 0.113464 0.149522 0.150837 0.20424 0.268602 0.31769 0.44839 0.733041 0.710753 0.510173
BD_Bo
 1.04677 0.457418 0.440516 0.229604 0.21519 0.462711 0.556649 0.91612 0.834322 0.958147 1.22917 0.860727 0.526058 0.305409 0.146162 0.104111 0.0966333 0.114287 0.150606 0.15193 0.205721 0.270549 0.319993 0.45164 0.738355 0.715905 0.513872
BD_Brms
 1.90322 0.831669 0.800938 0.417461 0.391255 0.841292 1.01209 1.66567 1.51695 1.74208 2.23485 1.56496 0.95647 0.55529 0.26575 0.189293 0.175697 0.207794 0.273828 0.276237 0.374038 0.491907 0.581806 0.821164 1.34246 1.30165 0.934312
S_f
 0.0759852 0.609747 0.967412 0.99823 0.999907
 0.0759852 0.609747 0.967412 0.99823 0.999907
 0.0759852 0.609747 0.967412 0.99823 0.999907
 0.0759852 0.609747 0.967412 0.99823 0.999907
 0.0759852 0.609747 0.967412 0.99823 0.999907
 0.0759852 0.609747 0.967412 0.99823 0.999907
 0.0759852 0.609747 0.967412 0.99823 0.999907
 0.0759852 0.609747 0.967412 0.99823 0.999907
 0.0759852 0.609747 0.967412 0.99823 0.999907
 0.0759852 0.609747 0.967412 0.99823 0.999907
 0.0759852 0.609747 0.967412 0.99823 0.999907
 0.0759852 0.609747 0.967412 0.99823 0.999907
 0.0759852 0.609747 0.967412 0.99823 0.999907
 0.0759852 0.609747 0.967412 0.99823 0.999907
 0.0759852 0.609747 0.967412 0.99823 0.999907
 0.0759852 0.609747 0.967412 0.99823 0.999907
 0.0759852 0.609747 0.967412 0.99823 0.999907
 0.0759852 0.609747 0.967412 0.99823 0.999907
 0.0759852 0.609747 0.967412 0.99823 0.999907
 0.0759852 0.609747 0.967412 0.99823 0.999907
 0.0759852 0.609747 0.967412 0.99823 0.999907
 0.0759852 0.609747 0.967412 0.99823 0.999907
 0.0759852 0.609747 0.967412 0.99823 0.999907
 0.0759852 0.609747 0.967412 0.99823 0.999907
 0.0759852 0.609747 0.967412 0.99823 0.999907
 0.0759852 0.609747 0.967412 0.99823 0.999907
 0.0759852 0.609747 0.967412 0.99823 0.999907
Scru_reclas
 0.222658 0.590419 0.878856 0.97334 0.994587
 0.222658 0.590419 0.878856 0.97334 0.994587
 0.222658 0.590419 0.878856 0.97334 0.994587
 0.222658 0.590419 0.878856 0.97334 0.994587
 0.222658 0.590419 0.878856 0.97334 0.994587
 0.222658 0.590419 0.878856 0.97334 0.994587
 0.222658 0.590419 0.878856 0.97334 0.994587
 0.222658 0.590419 0.878856 0.97334 0.994587
 0.222658 0.590419 0.878856 0.97334 0.994587
 0.222658 0.590419 0.878856 0.97334 0.994587
 0.222658 0.590419 0.878856 0.97334 0.994587
 0.222658 0.590419 0.878856 0.97334 0.994587
 0.222658 0.590419 0.878856 0.97334 0.994587
 0.222658 0.590419 0.878856 0.97334 0.994587
 0.222658 0.590419 0.878856 0.97334 0.994587
 0.222658 0.590419 0.878856 0.97334 0.994587
 0.222658 0.590419 0.878856 0.97334 0.994587
 0.222658 0.590419 0.878856 0.97334 0.994587
 0.222658 0.590419 0.878856 0.97334 0.994587
 0.222658 0.590419 0.878856 0.97334 0.994587
 0.222658 0.590419 0.878856 0.97334 0.994587
 0.222658 0.590419 0.878856 0.97334 0.994587
 0.222658 0.590419 0.878856 0.97334 0.994587
 0.222658 0.590419 0.878856 0.97334 0.994587
 0.222658 0.590419 0.878856 0.97334 0.994587
 0.222658 0.590419 0.878856 0.97334 0.994587
 0.222658 0.590419 0.878856 0.97334 0.994587
Scru_pelaces
 0.346784 0.727651 0.930777 0.985437 0.997072
 0.346784 0.727651 0.930777 0.985437 0.997072
 0.346784 0.727651 0.930777 0.985437 0.997072
 0.346784 0.727651 0.930777 0.985437 0.997072
 0.346784 0.727651 0.930777 0.985437 0.997072
 0.346784 0.727651 0.930777 0.985437 0.997072
 0.346784 0.727651 0.930777 0.985437 0.997072
 0.346784 0.727651 0.930777 0.985437 0.997072
 0.346784 0.727651 0.930777 0.985437 0.997072
 0.346784 0.727651 0.930777 0.985437 0.997072
 0.346784 0.727651 0.930777 0.985437 0.997072
 0.346784 0.727651 0.930777 0.985437 0.997072
 0.346784 0.727651 0.930777 0.985437 0.997072
 0.346784 0.727651 0.930777 0.985437 0.997072
 0.346784 0.727651 0.930777 0.985437 0.997072
 0.346784 0.727651 0.930777 0.985437 0.997072
 0.346784 0.727651 0.930777 0.985437 0.997072
 0.346784 0.727651 0.930777 0.985437 0.997072
 0.346784 0.727651 0.930777 0.985437 0.997072
 0.346784 0.727651 0.930777 0.985437 0.997072
 0.346784 0.727651 0.930777 0.985437 0.997072
 0.346784 0.727651 0.930777 0.985437 0.997072
 0.346784 0.727651 0.930777 0.985437 0.997072
 0.346784 0.727651 0.930777 0.985437 0.997072
 0.346784 0.727651 0.930777 0.985437 0.997072
 0.346784 0.727651 0.930777 0.985437 0.997072
 0.346784 0.727651 0.930777 0.985437 0.997072
pf_obs 
 0.256992 0.487395 0.22802 0.0275931 0
 0.321318 0.546541 0.124235 0.00734118 0.000564706
 0.182869 0.594174 0.210203 0.0122559 0.00049798
 0.330522 0.361315 0.267642 0.0388342 0.00168674
 0.649043 0.306663 0.0425973 0.00169635 0
 0.582887 0.30429 0.105238 0.00758474 0
 0.465427 0.430635 0.0974691 0.00646863 0
 0.296916 0.608066 0.0921331 0.00288517 0
 0.311714 0.524322 0.152257 0.0117073 0
 0.15457 0.633149 0.183074 0.0267441 0.00246327
 0.131901 0.49318 0.331252 0.0422183 0.00144891
 0.196976 0.569456 0.194076 0.0375587 0.00193317
 0.518974 0.381816 0.0799577 0.0180837 0.00116848
 0.0928022 0.601141 0.25162 0.0475244 0.00691264
 0.122501 0.610282 0.24278 0.0234846 0.000952079
 0.383417 0.481906 0.127806 0.00687128 0
 0.0376549 0.599619 0.316969 0.0457579 0
 0.0361596 0.667082 0.258105 0.0386534 0
 0.158088 0.579412 0.248529 0.0139706 0
 0.0477256 0.309471 0.559284 0.082774 0.000745712
 0.0406174 0.521527 0.379366 0.0568643 0.0016247
 0.151134 0.462217 0.34131 0.0453401 0
 0.294876 0.26143 0.354403 0.0886775 0.000613685
 0.281977 0.475581 0.204845 0.0348837 0.00271318
 0.0841818 0.532909 0.334909 0.0458182 0.00218182
 0.115287 0.27431 0.454777 0.147771 0.00785563
 0.0989387 0.350907 0.424855 0.114687 0.0106128
pf_pred 
 0.130928 0.584199 0.252454 0.0324098 9.01784e-06
 0.26892 0.416478 0.24925 0.0582094 0.00714206
 0.0534731 0.764483 0.132103 0.0399835 0.00995699
 0.196012 0.343829 0.422804 0.0276806 0.00967426
 0.393817 0.419916 0.108467 0.0717515 0.0060485
 0.127037 0.723079 0.118067 0.0187899 0.013027
 0.439223 0.346373 0.196716 0.0141235 0.0035648
 0.25357 0.672882 0.0567822 0.0154528 0.00131281
 0.299837 0.561286 0.132856 0.00471912 0.00130164
 0.331293 0.56481 0.0944986 0.00901828 0.000380015
 0.167162 0.695776 0.125985 0.0101248 0.000952098
 0.170423 0.596446 0.215957 0.0158752 0.00129948
 0.29807 0.518126 0.157448 0.02453 0.00182634
 0.262694 0.669055 0.0615923 0.0057792 0.000878921
 0.260377 0.698618 0.0403728 0.000578869 5.34272e-05
 0.304148 0.65128 0.0441665 0.000400061 5.35348e-06
 0.22748 0.669289 0.1008 0.00241067 2.03476e-05
 0.300967 0.558826 0.13242 0.00761717 0.000170138
 0.217086 0.65035 0.11956 0.0123246 0.000679103
 0.261841 0.538535 0.181648 0.0162972 0.00167813
 0.287001 0.560775 0.130049 0.0202843 0.00189045
 0.21956 0.592641 0.163479 0.0209081 0.0034115
 0.279984 0.506842 0.182294 0.0270398 0.00384028
 0.290308 0.557378 0.125565 0.0230401 0.00370863
 0.10353 0.698531 0.173706 0.0201512 0.00408196
 0.122401 0.419094 0.39723 0.0540644 0.00721098
 0.104919 0.515666 0.238391 0.122903 0.0181197
pobs_RECLAS
 0 0 0 0 0
 0 0 0 0 0
 0 0 0 0 0
 0 0 0 0 0
 0.835266 0.146461 0.0176864 0.000547809 3.91292e-05
 0.385257 0.428462 0.181853 0.0044286 0
 0.867414 0.0963971 0.0333333 0.00285562 0
 0.441836 0.489002 0.0689373 0.000224442 0
 0.779404 0.147425 0.0564933 0.0165055 0.000172143
 0.814271 0.122319 0.05973 0.00367925 0
 0.40263 0.566651 0.0304383 0.000280538 0
 0.475488 0.404961 0.113038 0.00651328 0
 0.955842 0.0263864 0.0167828 0.000988607 0
 0.975058 0.0227948 0.00214734 0 0
 0.738997 0.206755 0.0527124 0.00153531 0
 0.850938 0.134255 0.0134407 0.00136685 0
 0.542534 0.407297 0.0501686 0 0
 0.764087 0.199537 0.0359546 0.000420521 0
 0.470689 0.182191 0.310203 0.0369168 0
 0.84361 0.089868 0.0606195 0.00523954 0.000663233
 0.607945 0.314616 0.071237 0.00620181 0
 0.523733 0.453247 0.0230204 0 0
 0.530135 0.295979 0.169645 0.0042399 0
 0.562478 0.366248 0.0663022 0.0049721 0
 0.250443 0.683176 0.0655157 0.000865301 0
 0.195077 0.31981 0.436473 0.0351445 0.0134964
 0.565238 0.351407 0.0832357 0.000118908 0
ppred_RECLAS
 0.326537 0.465359 0.18296 0.0251364 7.1336e-06
 0.548594 0.267562 0.14354 0.0358215 0.00448247
 0.168189 0.694866 0.0977026 0.031298 0.00794474
 0.446365 0.249274 0.277954 0.0194679 0.00693956
 0.666799 0.233475 0.0563189 0.0399698 0.00343707
 0.329536 0.567891 0.0795742 0.013474 0.00952481
 0.725038 0.177467 0.0889295 0.00681206 0.00175339
 0.535075 0.424999 0.0303794 0.00878506 0.000760939
 0.600079 0.331406 0.0653598 0.00246292 0.00069255
 0.61874 0.327696 0.0484217 0.00493072 0.000211883
 0.410575 0.505708 0.0765613 0.00652959 0.00062598
 0.414954 0.438041 0.135525 0.0105954 0.000884302
 0.625439 0.294834 0.0677868 0.0110984 0.000841958
 0.643536 0.337171 0.0173706 0.00166491 0.000257599
 0.636906 0.351543 0.0113691 0.000166515 1.56354e-05
 0.610025 0.369847 0.0199351 0.000190676 2.60055e-06
 0.50965 0.435344 0.0536358 0.00135833 1.16872e-05
 0.594895 0.333344 0.0675354 0.00413185 9.40985e-05
 0.475359 0.443894 0.0723402 0.00795976 0.000447281
 0.544791 0.343634 0.100915 0.00964704 0.00101293
 0.560628 0.351321 0.074439 0.0124305 0.00118163
 0.473616 0.407835 0.10223 0.0139904 0.0023283
 0.559465 0.319001 0.102867 0.0163053 0.00236175
 0.569365 0.344909 0.0697915 0.0136873 0.00224697
 0.268584 0.580139 0.131564 0.0163371 0.00337543
 0.312717 0.342506 0.29582 0.043094 0.0058625
 0.278502 0.430485 0.178135 0.0981238 0.0147538
pobs_PELACES
 0 0 0 0 0
 0 0 0 0 0
 0 0 0 0 0
 0 0 0 0 0
 0 0 0 0 0
 0 0 0 0 0
 0 0 0 0 0
 0 0 0 0 0
 0 0 0 0 0
 0 0 0 0 0
 0.450072 0.473896 0.0757376 0.000293798 0
 0 0 0 0 0
 0.463077 0.371075 0.160297 0.00555027 0
 0.529543 0.364841 0.0842815 0.0213345 0
 0.631943 0.363953 0.00410389 0 0
 0.735681 0.248677 0.0153453 0.000297389 0
 0.695825 0.281241 0.0229344 0 0
 0.275771 0.60734 0.115278 0.00161068 0
 0 0 0 0 0
 0.896147 0.0623911 0.0374545 0.00400742 0
 0.803859 0.145111 0.0509908 3.86294e-05 0
 0.739449 0.233085 0.0266225 0.000797448 4.60066e-05
 0.878498 0.100942 0.0204185 0.000141795 0
 0.694673 0.275183 0.0284847 0.00165964 0
 0.469039 0.446079 0.0841089 0.000773354 0
 0.822795 0.102175 0.0682046 0.00682512 0
 0.69333 0.244118 0.0624202 0.000131731 0
ppred_PELACES
 0.430983 0.422263 0.129835 0.0169141 4.75096e-06
 0.672584 0.21601 0.0880486 0.0207837 0.00257376
 0.284279 0.634179 0.0593147 0.0177675 0.00446054
 0.575171 0.218557 0.189277 0.012563 0.00443222
 0.733977 0.196794 0.0399057 0.0270226 0.00230069
 0.463835 0.475976 0.047371 0.00754298 0.00527515
 0.821349 0.127214 0.0471596 0.00340905 0.000868257
 0.670798 0.309221 0.0154315 0.00419021 0.000359036
 0.738213 0.229443 0.0309469 0.00109307 0.000304021
 0.72656 0.244045 0.026718 0.0025678 0.000109186
 0.562915 0.39268 0.0408302 0.00326519 0.000309633
 0.564901 0.352059 0.0769204 0.00565239 0.000466696
 0.790649 0.179709 0.0254763 0.00387495 0.000290629
 0.848914 0.147092 0.00362935 0.000316202 4.83113e-05
 0.843593 0.153987 0.00238511 3.17537e-05 2.94428e-06
 0.754072 0.237552 0.00830074 7.40769e-05 9.99077e-07
 0.664569 0.309317 0.0255042 0.000604286 5.14229e-06
 0.723899 0.239753 0.0343292 0.00197423 4.44792e-05
 0.595897 0.356101 0.0432573 0.00449461 0.000249921
 0.676663 0.262013 0.0557785 0.00502315 0.000521839
 0.656818 0.286886 0.0479782 0.00760301 0.000715361
 0.580543 0.342389 0.0669509 0.00868607 0.00143072
 0.674077 0.253221 0.0620627 0.00930519 0.00133383
 0.677354 0.27168 0.0419227 0.00777915 0.00126382
 0.357028 0.534227 0.0952324 0.0112182 0.00229412
 0.425522 0.32202 0.218243 0.0301554 0.00406037
 0.396493 0.402004 0.126064 0.0656672 0.00977104
pobs_pel_tallas
 0 0 0 0 0 0 0 0 0 0 0 0 0 0 0 0 0 0 0 0 0 0 0 0 0 0 0 0 0 0 0 0 0 0 0 0
 0 0 0 0 0 0 0 0 0 0 0 0 0 0 0 0 0 0 0 0 0 0 0 0 0 0 0 0 0 0 0 0 0 0 0 0
 0 0 0 0 0 0 0 0 0 0 0 0 0 0 0 0 0 0 0 0 0 0 0 0 0 0 0 0 0 0 0 0 0 0 0 0
 0 0 0 0 0 0 0 0 0 0 0 0 0 0 0 0 0 0 0 0 0 0 0 0 0 0 0 0 0 0 0 0 0 0 0 0
 0 0 0 0 0 0 0 0 0 0 0 0 0 0 0 0 0 0 0 0 0 0 0 0 0 0 0 0 0 0 0 0 0 0 0 0
 0 0 0 0 0 0 0 0 0 0 0 0 0 0 0 0 0 0 0 0 0 0 0 0 0 0 0 0 0 0 0 0 0 0 0 0
 0 0 0 0 0 0 0 0 0 0 0 0 0 0 0 0 0 0 0 0 0 0 0 0 0 0 0 0 0 0 0 0 0 0 0 0
 0 0 0 0 0 0 0 0 0 0 0 0 0 0 0 0 0 0 0 0 0 0 0 0 0 0 0 0 0 0 0 0 0 0 0 0
 0 0 0 0 0 0 0 0 0 0 0 0 0 0 0 0 0 0 0 0 0 0 0 0 0 0 0 0 0 0 0 0 0 0 0 0
 0 0 0 0 0 0 0 0 0 0 0 0 0 0 0 0 0 0 0 0 0 0 0 0 0 0 0 0 0 0 0 0 0 0 0 0
 0 0 0 0 0 0 0 0 1.78061e-05 0.00172719 0.00360574 0.0105946 0.0120993 0.0124554 0.0147524 0.0171206 0.0266825 0.0428682 0.0675386 0.121331 0.153587 0.119568 0.100827 0.0573624 0.0630603 0.0341343 0.0324427 0.0444173 0.0211091 0.0280891 0.0125444 0.00206551 0 0 0 0
 0 0 0 0 0 0 0 0 0 0 0 0 0 0 0 0 0 0 0 0 0 0 0 0 0 0 0 0 0 0 0 0 0 0 0 0
 0 0 0 0 0 0 0.0133647 0.0140871 0.0187388 0.0205184 0.03894 0.0496705 0.03968 0.0493445 0.0407372 0.0367815 0.0215668 0.0243155 0.0234873 0.0199281 0.019796 0.0243948 0.0301388 0.0376714 0.0412746 0.0863199 0.0771752 0.113111 0.0741005 0.0525337 0.0229764 0.00759418 0.00175318 0 0 0
 0 0 0 0 0 0 0 0 0 0 0.00219441 0.00772107 0.0458388 0.0604681 0.0671733 0.0775358 0.0609151 0.0617685 0.073594 0.0568108 0.0755445 0.0548602 0.0670107 0.0636378 0.0643287 0.046367 0.0373049 0.0286899 0.0247887 0.0153202 0.00654259 0.00121912 0.000365735 0 0 0
 0 0 0 0 0 0 0 0 0 0 0 0 0.000112435 0.00938835 0.0111873 0.0202946 0.0414886 0.0713402 0.111592 0.104902 0.108894 0.110636 0.117776 0.105296 0.107544 0.0401394 0.0192827 0.0124803 0.00416011 0.0028671 0.000618394 0 0 0 0 0
 0 0 0 0 0 0 0 0 0 0 0.00291406 0.0102884 0.027416 0.0768956 0.0749926 0.110853 0.0956884 0.0897413 0.0766577 0.0534642 0.0500743 0.0551293 0.0594112 0.0620874 0.0668451 0.0424026 0.0208742 0.0120726 0.0048766 0.00582813 0.00118941 0.000297354 0 0 0 0
 0 0.00264628 0.0354308 0.0461629 0.0458689 0.0383711 0.0214643 0.0164657 0.0346957 0.0420465 0.0363128 0.0245516 0.0311673 0.0291091 0.0169068 0.0133784 0.00837989 0.0085269 0.0148486 0.0160247 0.0276389 0.0546898 0.0760071 0.122758 0.109233 0.0665981 0.0333725 0.0166128 0.00676272 0.00308733 0.000882094 0 0 0 0 0
 0 0 0 0 0 0 0 0.000805153 0.000690131 0.00759144 0.0133425 0.0154129 0.00931677 0.000345066 0.00356568 0.00563607 0.00851162 0.0253048 0.0502646 0.0516448 0.0657925 0.0565908 0.0611916 0.0827007 0.0866115 0.110766 0.145733 0.0935128 0.0569358 0.0249597 0.0138026 0.00621118 0.00161031 0.00115022 0 0
 0 0 0 0 0 0 0 0 0 0 0 0 0 0 0 0 0 0 0 0 0 0 0 0 0 0 0 0 0 0 0 0 0 0 0 0
 0.00147267 0.00158595 0.00478618 0.00569244 0.00954404 0.0108468 0.00647125 0.017049 0.0510054 0.094081 0.124002 0.0959785 0.0687766 0.0820023 0.061753 0.0591476 0.0492212 0.0479892 0.0443925 0.0268479 0.0217502 0.0140895 0.0121071 0.0120363 0.00920419 0.00665534 0.0049561 0.00860946 0.00930331 0.0156896 0.0114698 0.00855282 0.00243557 0.00046729 0 2.83206e-05
 0 0 0 0 0.000772559 0.00158375 0.000888443 0.00281984 0.00712685 0.0440552 0.0773331 0.111326 0.0921469 0.0852325 0.0710754 0.0886704 0.0786465 0.0553345 0.0373146 0.0185414 0.00753245 0.00457741 0.012979 0.0271748 0.0457355 0.0583668 0.034881 0.0177882 0.00938659 0.00492506 0.0015258 0.00185414 0.000309023 5.79419e-05 3.86279e-05 0
 0 0.00173294 0.00326652 0 0.00397197 0.00683976 0.00946217 0.0152591 0.00757587 0.0136028 0.0228656 0.0392903 0.0559909 0.0764795 0.0681675 0.0726916 0.0566044 0.0477403 0.0527397 0.0444891 0.0609904 0.0582453 0.0661739 0.0445044 0.0529084 0.0360697 0.0280645 0.0235558 0.0158879 0.00826598 0.00280645 0.00217768 0.000904811 0.00058276 9.20147e-05 0
 0 0 0 0 0 0 0 0 0 0 0 0 0 0 0 0 0 0 0 0 0 0 0 0 0 0 0 0 0 0 0 0 0 0 0 0
 0 0 0 0 0 0 0 0 0 0 0 0 0 0 0 0 0 0 0 0 0 0 0 0 0 0 0 0 0 0 0 0 0 0 0 0
 0 0 0 0 0 0 0 0 0 0 0 0 0 0 0 0 0 0 0 0 0 0 0 0 0 0 0 0 0 0 0 0 0 0 0 0
 0 0 0 0 0 0 0 0 0 0 0 0 0 0 0 0 0 0 0 0 0 0 0 0 0 0 0 0 0 0 0 0 0 0 0 0
 0 0 0 0 0 0 0 0 0 0 0 0 0 0 0 0 0 0 0 0 0 0 0 0 0 0 0 0 0 0 0 0 0 0 0 0
ppred_pel_tallas
 1.02563e-16 1.8823e-05 0.000110429 0.000524833 0.00202047 0.0063005 0.0159149 0.0325667 0.0539929 0.0725411 0.0790186 0.069889 0.0504414 0.0302708 0.0162489 0.00981539 0.00906833 0.0117007 0.0162483 0.0219361 0.0282054 0.0344506 0.0399914 0.0441727 0.0465019 0.046758 0.0450338 0.0416939 0.03727 0.0323297 0.0273623 0.0227123 0.018567 0.0149854 0.0119459 0.00939155
 1.02155e-16 2.93494e-05 0.000172248 0.000818768 0.00315227 0.00983002 0.0248299 0.0508059 0.0842183 0.113109 0.123101 0.108621 0.0778369 0.0455924 0.0224385 0.0104182 0.00636138 0.00652259 0.0085976 0.0115472 0.0148932 0.018285 0.0213693 0.0238083 0.0253415 0.0258403 0.02533 0.0239697 0.0220026 0.0196923 0.0172689 0.0148979 0.0126754 0.0106428 0.00880916 0.00717101
 1.01868e-16 1.24343e-05 7.29033e-05 0.000346388 0.00133334 0.00415768 0.0105026 0.0214942 0.0356461 0.0479233 0.052286 0.0464433 0.0339507 0.0212362 0.012963 0.0102327 0.0119364 0.0166477 0.023391 0.0314907 0.0402374 0.0487377 0.0559722 0.0609789 0.0630701 0.0619976 0.0580104 0.0517793 0.0442226 0.0362889 0.02877 0.02219 0.0167855 0.0125575 0.00935793 0.00697721
 1.03397e-16 2.51021e-05 0.000147311 0.000700216 0.00269581 0.00840658 0.0212344 0.0434493 0.0720251 0.0967372 0.105294 0.092936 0.0666559 0.0391631 0.0195007 0.00944181 0.00630592 0.00692041 0.00933945 0.0126863 0.0165447 0.0205858 0.0244556 0.0277965 0.0303072 0.0317982 0.032218 0.0316427 0.030237 0.0282042 0.0257421 0.0230186 0.0201668 0.017293 0.0144887 0.0118362
 1.01667e-16 3.20255e-05 0.000187961 0.000893476 0.00343992 0.0107271 0.0270957 0.0554417 0.0919016 0.123424 0.134316 0.118492 0.0848538 0.0495888 0.0241923 0.0108713 0.00614237 0.00589715 0.00760968 0.0101505 0.0130227 0.0158898 0.0184278 0.0203356 0.0213912 0.0215005 0.0207154 0.0192122 0.0172414 0.0150643 0.0129005 0.0108967 0.00912392 0.00759283 0.00627947 0.00514845
 1.01334e-16 2.02574e-05 0.000118846 0.000564839 0.00217449 0.00678079 0.0171281 0.0350494 0.0581093 0.0780725 0.0850462 0.0752256 0.0543044 0.0326109 0.0175419 0.0106461 0.00987182 0.012724 0.0176049 0.0236469 0.0302062 0.0365857 0.0420149 0.0457702 0.0473348 0.0465213 0.0435162 0.038823 0.0331313 0.0271545 0.0214887 0.0165294 0.0124567 0.00927288 0.00686803 0.005085
 1.00869e-16 3.58326e-05 0.000210318 0.000999777 0.00384923 0.0120035 0.0303198 0.0620379 0.102833 0.138096 0.150261 0.132505 0.0947727 0.0551514 0.0264695 0.0111549 0.00526847 0.00418415 0.00507282 0.00670754 0.00861488 0.0105412 0.0122682 0.0135954 0.0143712 0.0145244 0.0140769 0.0131321 0.0118439 0.0103784 0.00888055 0.00745422 0.00615873 0.00501686 0.00402841 0.00318284
 1.00481e-16 2.92751e-05 0.000171804 0.000816639 0.00314404 0.00980434 0.0247652 0.050674 0.0840023 0.112826 0.122813 0.108414 0.0777908 0.0457703 0.0229049 0.011264 0.00771321 0.00852718 0.0113872 0.0151934 0.0193596 0.023391 0.0267785 0.0290529 0.029884 0.0291596 0.027014 0.0237898 0.0199504 0.0159728 0.0122533 0.00905243 0.00648409 0.00454139 0.00314026 0.00216393
 1.00566e-16 3.22116e-05 0.00018905 0.000898647 0.00345982 0.0107891 0.0272525 0.0557627 0.0924345 0.124142 0.135104 0.119203 0.0853983 0.0499771 0.0245118 0.011233 0.00664679 0.00662467 0.00861922 0.0114727 0.0146474 0.0177535 0.0204091 0.0222621 0.0230599 0.0227079 0.0212909 0.0190468 0.0163044 0.0134055 0.0106381 0.00819596 0.006171 0.00457082 0.00334899 0.00243536
 1.00553e-16 3.1704e-05 0.000186069 0.000884472 0.00340524 0.0106189 0.0268226 0.0548831 0.0909771 0.122186 0.13298 0.117339 0.0840846 0.0492524 0.0242383 0.0112453 0.00684188 0.00696926 0.00911929 0.0121437 0.0154953 0.018765 0.0215477 0.0234702 0.024266 0.0238381 0.0222813 0.0198533 0.0169082 0.013813 0.0108755 0.00830121 0.00618544 0.0045322 0.00328716 0.00237082
 1.00835e-16 2.45744e-05 0.000144198 0.000685382 0.00263864 0.00822825 0.0207842 0.0425293 0.0705049 0.0947097 0.103125 0.0911115 0.0655429 0.0389012 0.0200926 0.0109145 0.00879604 0.0106534 0.0145449 0.0194945 0.0248901 0.0301365 0.0345931 0.0376613 0.0389137 0.0381954 0.0356609 0.0317274 0.026967 0.0219724 0.0172401 0.0131015 0.00970946 0.00706912 0.00509111 0.00364513
 1.01423e-16 2.46594e-05 0.000144701 0.000687781 0.00264789 0.0082571 0.020857 0.042678 0.0707503 0.095036 0.103472 0.0913966 0.0657024 0.0389048 0.0199284 0.0105625 0.00821516 0.00978703 0.0133387 0.0179188 0.0229616 0.027934 0.0322625 0.0354043 0.0369606 0.0367678 0.0349313 0.0317873 0.0278123 0.0235073 0.0192992 0.0154816 0.0122037 0.00949538 0.00731083 0.00557066
 1.00568e-16 3.4496e-05 0.000202466 0.000962439 0.00370545 0.0115551 0.0291873 0.0597211 0.0989941 0.132946 0.14467 0.127605 0.0913356 0.0532866 0.0258274 0.0113177 0.00598686 0.00539389 0.00681004 0.00902368 0.0115203 0.0139733 0.01608 0.0175642 0.0182275 0.0179944 0.0169294 0.0152158 0.0131079 0.0108701 0.00872499 0.00682234 0.00523319 0.00396387 0.0029796 0.002228
 1.00113e-16 3.70352e-05 0.000217377 0.00103333 0.00397843 0.0124064 0.0313375 0.0641203 0.106285 0.142733 0.155308 0.136961 0.0979719 0.0570365 0.0274165 0.0116232 0.00558512 0.00451615 0.00548126 0.00719356 0.00913789 0.0110225 0.0125945 0.0136298 0.0139724 0.0135715 0.0124947 0.0109091 0.00903976 0.00711756 0.00533391 0.00381403 0.00261173 0.00172161 0.00110026 0.000687991
 1.00086e-16 3.68035e-05 0.000216016 0.00102686 0.0039535 0.0123287 0.0311412 0.0637186 0.105619 0.14184 0.154338 0.13611 0.0973725 0.0567064 0.0272932 0.0116315 0.00567854 0.00468004 0.00571895 0.00751257 0.00954122 0.0115038 0.0131366 0.014205 0.0145464 0.0141085 0.0129634 0.0112874 0.00931759 0.0072969 0.00542659 0.00383803 0.00258723 0.00166769 0.00103273 0.000618458
 1.00198e-16 3.29034e-05 0.000193111 0.000917951 0.00353414 0.0110209 0.027838 0.0569606 0.0944203 0.126809 0.138007 0.121764 0.0872332 0.051051 0.025038 0.0114715 0.00678031 0.0067438 0.00875421 0.0116216 0.0147881 0.0178472 0.0204027 0.0220935 0.0226673 0.0220405 0.0203206 0.0177756 0.0147671 0.0116668 0.00878316 0.00631879 0.00436156 0.00290442 0.00187924 0.00119158
 1.00484e-16 2.90036e-05 0.000170209 0.000809059 0.00311485 0.00971333 0.0245353 0.0502036 0.0832227 0.111779 0.121674 0.107412 0.0770762 0.0453598 0.0227182 0.0112036 0.00771308 0.00855827 0.0114436 0.0152799 0.0194849 0.0235651 0.027011 0.0293514 0.0302519 0.029595 0.0275085 0.0243281 0.0205118 0.0165328 0.0127866 0.00953604 0.00690028 0.00487944 0.00339722 0.00234404
 1.00636e-16 3.15878e-05 0.000185387 0.000881231 0.00339276 0.01058 0.0267243 0.054682 0.0906436 0.121738 0.132492 0.116907 0.0837719 0.0490632 0.0241342 0.0111792 0.00677873 0.00688938 0.00901385 0.0120113 0.0153415 0.0186027 0.0213966 0.0233553 0.024214 0.0238726 0.0224179 0.0200964 0.0172492 0.014232 0.0113444 0.00878828 0.00666034 0.00496975 0.00366984 0.00268944
 1.00897e-16 2.60111e-05 0.000152636 0.000725505 0.00279313 0.00871004 0.0220011 0.0450189 0.0746304 0.100246 0.109139 0.0963918 0.0692686 0.0409664 0.0208912 0.0109198 0.00830606 0.00976896 0.0132541 0.0177554 0.0226815 0.0274849 0.0315837 0.0344339 0.0356456 0.0350742 0.0328542 0.0293577 0.0250969 0.0206038 0.016325 0.0125599 0.00944853 0.00699923 0.00513654 0.0037486
 1.01075e-16 2.95291e-05 0.000173299 0.000823755 0.00317145 0.00988984 0.0249811 0.0511155 0.0847327 0.113803 0.123866 0.109319 0.0783848 0.04601 0.0228227 0.010893 0.00704411 0.00751197 0.00996752 0.0133338 0.017076 0.0207705 0.0239856 0.0263171 0.0274687 0.0273193 0.0259482 0.0236063 0.0206489 0.017449 0.0143242 0.0114923 0.00906339 0.00705868 0.00544291 0.00415613
 1.0107e-16 2.86647e-05 0.000168222 0.000799614 0.0030785 0.00959996 0.0242489 0.0496175 0.0822506 0.110472 0.120248 0.106144 0.0761474 0.0447755 0.0223565 0.0109134 0.00737558 0.00809756 0.0108172 0.0144735 0.0185156 0.0224872 0.0259171 0.0283652 0.0295121 0.0292327 0.0276235 0.0249697 0.0216698 0.0181395 0.01473 0.0116789 0.00910128 0.00701162 0.00536077 0.00407238
 1.01428e-16 2.53411e-05 0.000148704 0.000706813 0.00272117 0.00848563 0.0214343 0.043859 0.0727075 0.0976631 0.106327 0.0939072 0.0674819 0.0399075 0.0203479 0.0106324 0.00808796 0.00952196 0.0129395 0.0173694 0.0222468 0.0270496 0.03122 0.0342316 0.0357 0.0354698 0.0336484 0.0305678 0.0266949 0.0225194 0.0184561 0.014788 0.0116557 0.00908236 0.00701735 0.00537812
 1.01346e-16 2.9416e-05 0.000172635 0.000820603 0.00315932 0.00985201 0.0248855 0.0509199 0.0844083 0.113367 0.123389 0.108894 0.0780725 0.0458104 0.0226938 0.0107823 0.00690964 0.00732558 0.00971238 0.0130033 0.0166753 0.0203197 0.0235199 0.0258845 0.0271242 0.027116 0.0259282 0.0237935 0.021044 0.0180306 0.0150529 0.0123174 0.00993075 0.00791781 0.00625206 0.00488514
 1.01011e-16 2.95595e-05 0.000173477 0.0008246 0.0031747 0.00989998 0.0250067 0.0511679 0.0848199 0.113921 0.123996 0.109438 0.07848 0.0460851 0.0228953 0.0109857 0.00717838 0.00770586 0.0102339 0.0136776 0.0174902 0.0212333 0.0244599 0.0267537 0.0278135 0.0275231 0.025976 0.023445 0.0203097 0.0169654 0.013745 0.0108729 0.00845624 0.00650621 0.00497335 0.00378261
 1.02019e-16 1.56026e-05 9.15128e-05 0.00043488 0.00167409 0.00522031 0.0131866 0.0269851 0.0447446 0.0601321 0.0655447 0.0580745 0.0421376 0.0257338 0.0146232 0.0100769 0.0105948 0.0143144 0.020017 0.0269747 0.0345466 0.0419738 0.0483958 0.0529941 0.0551722 0.0546941 0.0517355 0.0468239 0.0406974 0.0341281 0.027769 0.0220634 0.0172284 0.0132948 0.0101751 0.00773143
 1.04429e-16 1.85809e-05 0.000109017 0.000518139 0.00199473 0.00622026 0.0157121 0.032151 0.0533012 0.0716044 0.0779787 0.068923 0.0496436 0.0295921 0.0155245 0.0088315 0.00761008 0.00957498 0.0133051 0.0181029 0.0235309 0.0291407 0.034419 0.0388502 0.0420133 0.0436639 0.0437705 0.0424936 0.0401213 0.036987 0.0333995 0.0296025 0.0257685 0.022015 0.018428 0.01508
 1.04634e-16 1.73181e-05 0.000101596 0.000482845 0.00185882 0.0057964 0.0146416 0.0299612 0.0496737 0.0667398 0.0727035 0.0643138 0.0464399 0.0279145 0.015067 0.0092319 0.00867113 0.0112742 0.0157048 0.0212565 0.0274168 0.033624 0.0392421 0.043654 0.0463899 0.0472282 0.0462345 0.0437213 0.040151 0.0360151 0.0317315 0.0275879 0.0237359 0.0202229 0.0170384 0.0141561
pSPR Fmed_Fpbrs
0.532169   0.6 0.325
Fs Fmed_Fpbrs
0.66   0.489782 1.7649
SSBpbr Bo_Bmed_Bpbrs
500666  241406  275366 137683
Ro
24343
SPR SPRFo_SPRFmed_SPRFpbrs
504296 268371 163896
log_Ro
9.92
likeval ReclasPelacesDesembMPH_pf_preclas_ppelaces_ptallas_desvR_qrecl_qpela
 77.6765 13.2361 0.131807 0.000512614 356.207 210.199 61.5911 0 23.0992 4.84616e-05 0.000278049 8.978e-14 0 0 0
q_reclas_q_pelaces
2.68174 10.7223
M
0.7
N
 22613.3 15039.5 4581.99 575.433 0.159924
 43498.2 10568.5 4589.94 1051.02 128.821
 7177.66 19954.8 2778.49 830.982 206.807
 11417.8 3022.57 2639.22 169.126 59.0414
 38279.6 5312.44 890.074 572.011 48.1449
 18744.5 18741.8 2354.67 369.07 255.669
 63570.8 8233.76 3478.1 245.314 61.8594
 59830.3 28666 1885.8 505.932 42.9497
 74466.4 25991.7 4867.31 170.619 47.0279
 114302 31923.4 3967.3 371.9 15.6564
 66915 51592.6 7369.04 584.316 54.908
 46357.1 28764.5 8049.37 582.965 47.6817
 53874.1 20287.7 5181.75 799.957 59.5308
 29155.9 21605.4 1813.22 169.366 25.7516
 12729.4 9937.34 523.533 7.47255 0.689522
 10033 4338.63 240.798 2.15755 0.0288551
 7329.42 4155.48 502.344 11.8681 0.10011
 9424.35 3098.57 567.135 32.1393 0.717299
 8494.88 4126.54 560.447 56.7248 3.12258
 11014.9 3849.27 982.7 86.7278 8.92261
 17116.2 4902.42 793.776 121.02 11.2651
 19910 8046.92 1569.07 196.35 32.0007
 32730.6 9289.91 2423.96 352.526 50.0145
 50181.2 15018.3 2446.57 440.047 70.7567
 23156.9 23074.9 4023.83 456.442 92.3497
 21405.3 10858.1 7230.23 962.381 128.208
 12943.5 10025.5 3371.81 1704.78 251.076
pred_Ctot
 960.619 4286.28 1852.26 237.791 0.066164
 2394.46 3708.31 2219.32 518.295 63.5927
 792.073 11324 1956.79 592.258 147.489
 519.629 911.492 1120.86 73.3815 25.6465
 387.467 413.145 106.718 70.5945 5.95097
 1567.13 8919.91 1456.48 231.792 160.701
 4226.59 3333.1 1892.97 135.908 34.3036
 5427.9 14403.6 1215.47 330.782 28.102
 7383.92 13822.5 3271.78 116.215 32.0547
 7525.69 12830.3 2146.64 204.86 8.63247
 6519.58 27136.4 4913.63 394.884 37.1334
 3986.38 13951.5 5051.47 371.339 30.3964
 7547.34 13119.3 3986.71 621.117 46.2442
 6719.91 17114.9 1575.58 147.836 22.4835
 2933.91 7871.97 454.917 6.52265 0.602014
 1209.88 2590.76 175.692 1.59142 0.0212959
 790.951 2327.12 350.482 8.38192 0.0707488
 807.376 1499.11 355.229 20.4338 0.456411
 537.463 1610.14 296.007 30.5133 1.68133
 826.945 1700.8 573.678 51.4697 5.29985
 657.759 1285.21 298.05 46.4884 4.3326
 867.878 2342.6 646.203 82.6455 13.485
 1797.01 3253.04 1170.01 173.548 24.6479
 2682.87 5150.98 1160.4 212.924 34.2731
 931.821 6287.14 1563.44 181.371 36.7398
 877.717 3005.25 2848.46 387.687 51.7087
 727.054 3573.38 1651.97 851.676 125.563
F
 0.0606656 0.486815 0.77237 0.796975 0.798313
 0.0792528 0.635969 1.00901 1.04116 1.04291
 0.164867 1.32298 2.09902 2.16589 2.16952
 0.0651198 0.522558 0.829079 0.85549 0.856927
 0.014163 0.113652 0.180318 0.186062 0.186374
 0.122657 0.984267 1.56162 1.61136 1.61407
 0.0964404 0.773891 1.22784 1.26695 1.26908
 0.133736 1.07317 1.70267 1.75691 1.75986
 0.14701 1.17969 1.87167 1.9313 1.93454
 0.0954633 0.76605 1.2154 1.25412 1.25622
 0.14428 1.15778 1.83692 1.89543 1.89862
 0.126362 1.014 1.60879 1.66004 1.66283
 0.213707 1.71491 2.72084 2.80751 2.81223
 0.376357 3.0201 4.79162 4.94427 4.95257
 0.376357 3.0201 4.79162 4.94427 4.95257
 0.181447 1.45603 2.31011 2.3837 2.3877
 0.160954 1.29159 2.0492 2.11448 2.11804
 0.125859 1.00996 1.60239 1.65343 1.65621
 0.09158 0.734889 1.16596 1.2031 1.20512
 0.109518 0.878837 1.39434 1.43876 1.44118
 0.054738 0.439248 0.696902 0.719102 0.72031
 0.0622948 0.499888 0.793112 0.818378 0.819752
 0.0790377 0.634242 1.00628 1.03833 1.04008
 0.0768938 0.617039 0.978981 1.01017 1.01186
 0.0573832 0.460474 0.730579 0.753852 0.755119
 0.0585031 0.469461 0.744838 0.768565 0.769856
 0.0809302 0.649429 1.03037 1.06319 1.06498
Np
 15493.5 7412.75 2183.71 804.034 237.362
YTP_r0W_actual
 5889.14 86833.2 54184.5 34237.4 5738.23
YTP_p0W_proyectada
 3508.2 25752.9 23495.2 6921.1 4559.69
 3508.2 32203.7 19729.4 9312.73 3160.8
CTP_r0_actual
 727.054 3573.38 1651.97 851.676 125.563
CTP_p0_proyectada
 407.93 1119.69 725.159 170.891 98.0578
 407.93 1400.16 608.933 229.944 67.9742
Wmedp
 8.6 23 32.4 40.5 46.5
nmprior
 10.8 10.6 4.6 0
nm_flota  nm_reclas  nm_pelaces    nm_pelaL
inf 21.6011 13.9507 52.107
cv_recla  cv_pelaces  cv_mph
0.763265 0.385884 0.605105
 ------------------------------------------------
Talla a la edad & desviaci?n 
 7.2 14.2025 17.0495 18.207 18.6776
 1.08 2.13037 2.55742 2.73105 2.80164
