years
 1997 1998 1999 2000 2001 2002 2003 2004 2005 2006 2007 2008 2009 2010 2011 2012 2013 2014 2015 2016 2017 2018 2019 2020 2021 2022 2023
reclasobs
 0 0 0 370054 412103 1.49427e+06 250295 1.28982e+06 931140 785840 897777 1.04006e+06 184774 17550 25797 100020 73551 82996 120727 218422 84188 347160 605670 569463 516374 1.08416e+06 1.01767e+06
reclaspred
 1.4916e+06 267275 534915 185171 271490 356035 716584 634100 685645 874633 924739 672537 366431 150089 84347.7 79618.6 82513.8 109310 134952 143788 216638 231262 369667 480526 756698 697897 421905
pelacesobs
 0 0 0 0 0 0 0 0 0 2.06254e+06 1.5e+06 0 1.87456e+06 323000 250000 174000 83755 137374 0 501740 490994 745055 786931 1.00524e+06 1.33801e+06 1.41789e+06 1.42762e+06
pelacespred
 3.47585e+06 1.06794e+06 637030 513789 819538 643244 2.14333e+06 1.84492e+06 1.86464e+06 2.54574e+06 2.129e+06 1.58061e+06 921118 302778 172688 168155 178698 257304 304073 306202 594210 580513 705589 1.10389e+06 1.66637e+06 1.56105e+06 853613
mphobs
 0 0 0 0 0 112323 0 153150 637223 0 255016 313432 73983 77613 109348 50772 17779 17303 59886 28197 0 207744 136588 643089 65757 70829 0
mphpred
 359036 149393 140926 65975.2 57081.7 134050 156880 271592 244701 277254 367043 255728 155192 92251.1 43867.4 31127 28359 33491.8 44634.8 44083.7 58111.7 77772.1 91230.8 128596 214721 206027 142077
desembarqueobs
 350755 77701 442110 56441 14545 235359 269955 359681 431902 328805 639364 411747 362871 311530 167758 66681 60226 58785 57116 73181 50977 67692 138656 160484 209506 203330 187013
desembarquepred
 350731 77664.1 441588 56423.4 14544 235253 269936 359194 431501 328560 638345 411156 362256 310993 167263 66618.3 60201.3 58713.5 57043.8 73108.1 50963.8 67630.8 138560 160397 209348 203122 186842
Reclutas
 19130.1 44654.9 5059.77 9013.13 38070 16717.6 63852.9 58606.7 70667 114342 66762.5 46364 55424 29179.6 12554 9735.87 7178.34 9292.36 8195.19 10173.7 16537.5 18921.6 31060 48780.2 22357.9 20135.6 9829.77
log_desv_Rt
 -0.180984 0.66672 -1.51092 -0.933562 0.507183 -0.315781 1.02434 0.938604 1.12573 1.60695 1.0689 0.704279 0.882767 0.241224 -0.602204 -0.856428 -1.16118 -0.903053 -1.0287 -0.812439 -0.326611 -0.191939 0.303675 0.755079 -0.0250648 -0.129757 -0.846829
SSB
 576473 239868 226273 105931 91651.2 215232 251888 436072 392895 445164 589330 410601 249178 148120 70434.1 49978 45533.6 53774.9 71666.2 70781.4 93305 124872 146481 206476 344759 330800 228121
BT
 1.21688e+06 373980 382370 179868 280228 334674 1.07387e+06 985193 1.06523e+06 1.19143e+06 1.20837e+06 838870 689492 398341 202609 109827 108466 135320 129129 150380 230778 203503 291290 462725 564857 512757 338628
Ftot
 0.664342 0.948418 1.9784 0.895346 0.21395 1.70237 1.42708 1.79136 2.01496 1.31853 1.92474 1.71354 2.93596 4.95303 4.95303 2.40118 2.17842 1.72227 1.22117 1.51175 0.773279 0.865137 1.10951 1.07511 0.782593 0.821321 1.19068
BD_Bspro_t
 0.92871 0.628426 0.513577 0.201733 0.274607 0.517469 0.412293 0.501502 0.429628 0.417684 0.449907 0.301956 0.208802 0.149822 0.08676 0.0763928 0.0962689 0.154237 0.239868 0.284047 0.374446 0.509848 0.506268 0.517489 0.570521 0.486068 0.384945
BD_Bspro
 1.21381 0.505063 0.476437 0.223046 0.192979 0.453189 0.530371 0.918186 0.827273 0.937329 1.24088 0.864555 0.524666 0.311878 0.148305 0.105233 0.0958747 0.113228 0.150899 0.149036 0.196461 0.262928 0.308429 0.434752 0.725919 0.696527 0.480327
BD_Bo
 1.18733 0.494045 0.466045 0.218181 0.18877 0.443303 0.518802 0.898157 0.809228 0.916883 1.21382 0.845696 0.513221 0.305075 0.14507 0.102937 0.0937834 0.110758 0.147608 0.145785 0.192176 0.257193 0.301701 0.425268 0.710084 0.681334 0.469849
BD_Brms
 2.15879 0.898264 0.847354 0.396692 0.343218 0.806006 0.943276 1.63301 1.47132 1.66706 2.20694 1.53763 0.933129 0.554682 0.263763 0.187159 0.170515 0.201378 0.268377 0.265064 0.349411 0.467623 0.548547 0.773215 1.29106 1.23879 0.854272
S_f
 0.076113 0.651356 0.976941 0.99896 0.999954
 0.076113 0.651356 0.976941 0.99896 0.999954
 0.076113 0.651356 0.976941 0.99896 0.999954
 0.076113 0.651356 0.976941 0.99896 0.999954
 0.076113 0.651356 0.976941 0.99896 0.999954
 0.076113 0.651356 0.976941 0.99896 0.999954
 0.076113 0.651356 0.976941 0.99896 0.999954
 0.076113 0.651356 0.976941 0.99896 0.999954
 0.076113 0.651356 0.976941 0.99896 0.999954
 0.076113 0.651356 0.976941 0.99896 0.999954
 0.076113 0.651356 0.976941 0.99896 0.999954
 0.076113 0.651356 0.976941 0.99896 0.999954
 0.076113 0.651356 0.976941 0.99896 0.999954
 0.076113 0.651356 0.976941 0.99896 0.999954
 0.076113 0.651356 0.976941 0.99896 0.999954
 0.076113 0.651356 0.976941 0.99896 0.999954
 0.076113 0.651356 0.976941 0.99896 0.999954
 0.076113 0.651356 0.976941 0.99896 0.999954
 0.076113 0.651356 0.976941 0.99896 0.999954
 0.076113 0.651356 0.976941 0.99896 0.999954
 0.076113 0.651356 0.976941 0.99896 0.999954
 0.076113 0.651356 0.976941 0.99896 0.999954
 0.076113 0.651356 0.976941 0.99896 0.999954
 0.076113 0.651356 0.976941 0.99896 0.999954
 0.076113 0.651356 0.976941 0.99896 0.999954
 0.076113 0.651356 0.976941 0.99896 0.999954
 0.076113 0.651356 0.976941 0.99896 0.999954
Scru_reclas
 0.175441 0.517093 0.843478 0.964438 0.992727
 0.175441 0.517093 0.843478 0.964438 0.992727
 0.175441 0.517093 0.843478 0.964438 0.992727
 0.175441 0.517093 0.843478 0.964438 0.992727
 0.175441 0.517093 0.843478 0.964438 0.992727
 0.175441 0.517093 0.843478 0.964438 0.992727
 0.175441 0.517093 0.843478 0.964438 0.992727
 0.175441 0.517093 0.843478 0.964438 0.992727
 0.175441 0.517093 0.843478 0.964438 0.992727
 0.175441 0.517093 0.843478 0.964438 0.992727
 0.175441 0.517093 0.843478 0.964438 0.992727
 0.175441 0.517093 0.843478 0.964438 0.992727
 0.175441 0.517093 0.843478 0.964438 0.992727
 0.175441 0.517093 0.843478 0.964438 0.992727
 0.175441 0.517093 0.843478 0.964438 0.992727
 0.175441 0.517093 0.843478 0.964438 0.992727
 0.175441 0.517093 0.843478 0.964438 0.992727
 0.175441 0.517093 0.843478 0.964438 0.992727
 0.175441 0.517093 0.843478 0.964438 0.992727
 0.175441 0.517093 0.843478 0.964438 0.992727
 0.175441 0.517093 0.843478 0.964438 0.992727
 0.175441 0.517093 0.843478 0.964438 0.992727
 0.175441 0.517093 0.843478 0.964438 0.992727
 0.175441 0.517093 0.843478 0.964438 0.992727
 0.175441 0.517093 0.843478 0.964438 0.992727
 0.175441 0.517093 0.843478 0.964438 0.992727
 0.175441 0.517093 0.843478 0.964438 0.992727
Scru_pelaces
 0.289029 0.67169 0.911475 0.981067 0.99618
 0.289029 0.67169 0.911475 0.981067 0.99618
 0.289029 0.67169 0.911475 0.981067 0.99618
 0.289029 0.67169 0.911475 0.981067 0.99618
 0.289029 0.67169 0.911475 0.981067 0.99618
 0.289029 0.67169 0.911475 0.981067 0.99618
 0.289029 0.67169 0.911475 0.981067 0.99618
 0.289029 0.67169 0.911475 0.981067 0.99618
 0.289029 0.67169 0.911475 0.981067 0.99618
 0.289029 0.67169 0.911475 0.981067 0.99618
 0.289029 0.67169 0.911475 0.981067 0.99618
 0.289029 0.67169 0.911475 0.981067 0.99618
 0.289029 0.67169 0.911475 0.981067 0.99618
 0.289029 0.67169 0.911475 0.981067 0.99618
 0.289029 0.67169 0.911475 0.981067 0.99618
 0.289029 0.67169 0.911475 0.981067 0.99618
 0.289029 0.67169 0.911475 0.981067 0.99618
 0.289029 0.67169 0.911475 0.981067 0.99618
 0.289029 0.67169 0.911475 0.981067 0.99618
 0.289029 0.67169 0.911475 0.981067 0.99618
 0.289029 0.67169 0.911475 0.981067 0.99618
 0.289029 0.67169 0.911475 0.981067 0.99618
 0.289029 0.67169 0.911475 0.981067 0.99618
 0.289029 0.67169 0.911475 0.981067 0.99618
 0.289029 0.67169 0.911475 0.981067 0.99618
 0.289029 0.67169 0.911475 0.981067 0.99618
 0.289029 0.67169 0.911475 0.981067 0.99618
pf_obs 
 0.256992 0.487395 0.22802 0.0275931 0
 0.321318 0.546541 0.124235 0.00734118 0.000564706
 0.182869 0.594174 0.210203 0.0122559 0.00049798
 0.330522 0.361315 0.267642 0.0388342 0.00168674
 0.649043 0.306663 0.0425973 0.00169635 0
 0.582887 0.30429 0.105238 0.00758474 0
 0.465427 0.430635 0.0974691 0.00646863 0
 0.296916 0.608066 0.0921331 0.00288517 0
 0.311714 0.524322 0.152257 0.0117073 0
 0.15457 0.633149 0.183074 0.0267441 0.00246327
 0.131901 0.49318 0.331252 0.0422183 0.00144891
 0.196976 0.569456 0.194076 0.0375587 0.00193317
 0.518974 0.381816 0.0799577 0.0180837 0.00116848
 0.0928022 0.601141 0.25162 0.0475244 0.00691264
 0.122501 0.610282 0.24278 0.0234846 0.000952079
 0.383417 0.481906 0.127806 0.00687128 0
 0.0376549 0.599619 0.316969 0.0457579 0
 0.0361596 0.667082 0.258105 0.0386534 0
 0.158088 0.579412 0.248529 0.0139706 0
 0.0477256 0.309471 0.559284 0.082774 0.000745712
 0.0406174 0.521527 0.379366 0.0568643 0.0016247
 0.151134 0.462217 0.34131 0.0453401 0
 0.294876 0.26143 0.354403 0.0886775 0.000613685
 0.281977 0.475581 0.204845 0.0348837 0.00271318
 0.0841818 0.532909 0.334909 0.0458182 0.00218182
 0.115287 0.27431 0.454777 0.147771 0.00785563
 0.0989387 0.350907 0.424855 0.114687 0.0106128
pf_pred 
 0.0950327 0.607239 0.263307 0.0344144 7.62706e-06
 0.262993 0.363044 0.289835 0.074661 0.00946665
 0.0350599 0.788412 0.11257 0.049959 0.0139991
 0.171331 0.283779 0.497095 0.0310543 0.01674
 0.438824 0.390882 0.08153 0.0812184 0.00754572
 0.117975 0.764049 0.0922801 0.0124603 0.0132358
 0.475303 0.334232 0.177769 0.0100341 0.00266196
 0.25019 0.694484 0.043111 0.0114331 0.000782075
 0.294368 0.579335 0.121916 0.00345048 0.000930776
 0.342331 0.56766 0.0822686 0.00748511 0.000255013
 0.167074 0.716199 0.108002 0.00800194 0.000722608
 0.172361 0.618295 0.195341 0.013005 0.000997816
 0.310964 0.527215 0.139932 0.0204893 0.00140002
 0.260172 0.684917 0.0498357 0.0044302 0.000645604
 0.256723 0.709323 0.0334625 0.000450764 4.1015e-05
 0.297412 0.66609 0.0361769 0.000317371 4.1686e-06
 0.22815 0.679779 0.0901483 0.00190659 1.5956e-05
 0.304851 0.574448 0.114304 0.00627046 0.000126451
 0.211794 0.672641 0.10529 0.00975446 0.000520485
 0.253282 0.558567 0.172664 0.0141596 0.00132846
 0.29403 0.568495 0.118007 0.0179289 0.00153893
 0.217055 0.617675 0.144995 0.0174831 0.00279268
 0.280368 0.523117 0.170657 0.0227784 0.00307944
 0.295436 0.569796 0.112176 0.0197153 0.0028771
 0.102362 0.724084 0.153876 0.0164796 0.00319863
 0.121625 0.443781 0.381728 0.0470422 0.00582356
 0.0888898 0.549795 0.231668 0.114329 0.0153179
pobs_RECLAS
 0 0 0 0 0
 0 0 0 0 0
 0 0 0 0 0
 0 0 0 0 0
 0.835266 0.146461 0.0176864 0.000547809 3.91292e-05
 0.385257 0.428462 0.181853 0.0044286 0
 0.867414 0.0963971 0.0333333 0.00285562 0
 0.441836 0.489002 0.0689373 0.000224442 0
 0.779404 0.147425 0.0564933 0.0165055 0.000172143
 0.814271 0.122319 0.05973 0.00367925 0
 0.40263 0.566651 0.0304383 0.000280538 0
 0.475488 0.404961 0.113038 0.00651328 0
 0.955842 0.0263864 0.0167828 0.000988607 0
 0.975058 0.0227948 0.00214734 0 0
 0.738997 0.206755 0.0527124 0.00153531 0
 0.850938 0.134255 0.0134407 0.00136685 0
 0.542534 0.407297 0.0501686 0 0
 0.764087 0.199537 0.0359546 0.000420521 0
 0.470689 0.182191 0.310203 0.0369168 0
 0.84361 0.089868 0.0606195 0.00523954 0.000663233
 0.607945 0.314616 0.071237 0.00620181 0
 0.523733 0.453247 0.0230204 0 0
 0.530135 0.295979 0.169645 0.0042399 0
 0.562478 0.366248 0.0663022 0.0049721 0
 0.250443 0.683176 0.0655157 0.000865301 0
 0.195077 0.31981 0.436473 0.0351445 0.0134964
 0.565238 0.351407 0.0832357 0.000118908 0
ppred_RECLAS
 0.234388 0.500808 0.231078 0.0337179 7.68367e-06
 0.510992 0.23188 0.194102 0.055758 0.00726908
 0.107037 0.728158 0.100879 0.0496307 0.0142951
 0.375693 0.20525 0.378108 0.0263471 0.0146029
 0.6864 0.208919 0.0471553 0.0525092 0.00501646
 0.300606 0.604113 0.0725281 0.0108765 0.0118768
 0.738772 0.164969 0.0891356 0.00559699 0.00152651
 0.519925 0.444292 0.0272095 0.0080095 0.000563206
 0.581787 0.345158 0.0702414 0.00220322 0.000610899
 0.618004 0.328191 0.0487006 0.00493224 0.000172759
 0.398039 0.518825 0.076286 0.00626795 0.000581825
 0.401805 0.44682 0.140193 0.0103651 0.00081752
 0.629674 0.290838 0.0677988 0.0109226 0.000766899
 0.639355 0.342016 0.0167778 0.00160971 0.000240832
 0.633078 0.355438 0.0113048 0.000164355 1.53533e-05
 0.594517 0.385781 0.01951 0.000189143 2.55331e-06
 0.500525 0.442307 0.0558492 0.00130752 1.12471e-05
 0.586124 0.342119 0.0675566 0.00411536 8.53135e-05
 0.45293 0.464044 0.0748768 0.00772556 0.000423817
 0.517002 0.359584 0.112196 0.0102305 0.000986747
 0.552572 0.355028 0.0780068 0.0132259 0.00116728
 0.452619 0.425646 0.105253 0.0141576 0.00232525
 0.541394 0.328483 0.111273 0.0165501 0.0023004
 0.559764 0.351903 0.0720925 0.0141214 0.00211879
 0.252953 0.594278 0.133614 0.0159684 0.00318685
 0.287579 0.347691 0.315783 0.04342 0.00552675
 0.226529 0.452997 0.197163 0.108382 0.0149294
pobs_PELACES
 0 0 0 0 0
 0 0 0 0 0
 0 0 0 0 0
 0 0 0 0 0
 0 0 0 0 0
 0 0 0 0 0
 0 0 0 0 0
 0 0 0 0 0
 0 0 0 0 0
 0 0 0 0 0
 0.450072 0.473896 0.0757376 0.000293798 0
 0 0 0 0 0
 0.463077 0.371075 0.160297 0.00555027 0
 0.529543 0.364841 0.0842815 0.0213345 0
 0.631943 0.363953 0.00410389 0 0
 0.735681 0.248677 0.0153453 0.000297389 0
 0.695825 0.281241 0.0229344 0 0
 0.275771 0.60734 0.115278 0.00161068 0
 0 0 0 0 0
 0.896147 0.0623911 0.0374545 0.00400742 0
 0.803859 0.145111 0.0509908 3.86294e-05 0
 0.739449 0.233085 0.0266225 0.000797448 4.60066e-05
 0.878498 0.100942 0.0204185 0.000141795 0
 0.694673 0.275183 0.0284847 0.00165964 0
 0.469039 0.446079 0.0841089 0.000773354 0
 0.822795 0.102175 0.0682046 0.00682512 0
 0.69333 0.244118 0.0624202 0.000131731 0
ppred_PELACES
 0.323787 0.480856 0.171859 0.0234927 5.27995e-06
 0.647771 0.193585 0.121745 0.0326957 0.00420351
 0.191239 0.704619 0.0656575 0.0299739 0.00851107
 0.52075 0.189258 0.263439 0.0171682 0.00938402
 0.756916 0.174422 0.0320067 0.0334983 0.00315674
 0.440522 0.505279 0.0420296 0.00586026 0.00630912
 0.8404 0.112854 0.0435157 0.00254565 0.000684583
 0.664187 0.318511 0.0133863 0.00366137 0.000253825
 0.733021 0.233907 0.0318909 0.000927952 0.00025365
 0.732953 0.238945 0.0256007 0.00241743 8.34926e-05
 0.558648 0.398423 0.0396302 0.00302264 0.000276607
 0.561468 0.355602 0.0772096 0.00530718 0.000412696
 0.804652 0.167837 0.0237428 0.00352471 0.000243894
 0.855383 0.140902 0.0033772 0.000294233 4.33549e-05
 0.850622 0.14706 0.00228531 3.0171e-05 2.77579e-06
 0.749073 0.242958 0.00789723 7.08247e-05 9.4241e-07
 0.666702 0.307204 0.0255353 0.000553927 4.69695e-06
 0.724735 0.24053 0.0328373 0.00185963 3.80079e-05
 0.580126 0.371677 0.0437564 0.00421235 0.000227868
 0.661878 0.272423 0.0601105 0.0051033 0.000485322
 0.656292 0.287085 0.0482912 0.00766435 0.000667112
 0.566772 0.356608 0.0668464 0.00841121 0.00136238
 0.66676 0.258398 0.0646345 0.00897692 0.00123043
 0.67639 0.273383 0.041509 0.00759436 0.00112365
 0.343878 0.549067 0.094415 0.0105617 0.00207877
 0.406238 0.331357 0.229212 0.0294917 0.00370209
 0.345784 0.434915 0.138562 0.0710838 0.00965544
pobs_pel_tallas
 0 0 0 0 0 0 0 0 0 0 0 0 0 0 0 0 0 0 0 0 0 0 0 0 0 0 0 0 0 0 0 0 0 0 0 0
 0 0 0 0 0 0 0 0 0 0 0 0 0 0 0 0 0 0 0 0 0 0 0 0 0 0 0 0 0 0 0 0 0 0 0 0
 0 0 0 0 0 0 0 0 0 0 0 0 0 0 0 0 0 0 0 0 0 0 0 0 0 0 0 0 0 0 0 0 0 0 0 0
 0 0 0 0 0 0 0 0 0 0 0 0 0 0 0 0 0 0 0 0 0 0 0 0 0 0 0 0 0 0 0 0 0 0 0 0
 0 0 0 0 0 0 0 0 0 0 0 0 0 0 0 0 0 0 0 0 0 0 0 0 0 0 0 0 0 0 0 0 0 0 0 0
 0 0 0 0 0 0 0 0 0 0 0 0 0 0 0 0 0 0 0 0 0 0 0 0 0 0 0 0 0 0 0 0 0 0 0 0
 0 0 0 0 0 0 0 0 0 0 0 0 0 0 0 0 0 0 0 0 0 0 0 0 0 0 0 0 0 0 0 0 0 0 0 0
 0 0 0 0 0 0 0 0 0 0 0 0 0 0 0 0 0 0 0 0 0 0 0 0 0 0 0 0 0 0 0 0 0 0 0 0
 0 0 0 0 0 0 0 0 0 0 0 0 0 0 0 0 0 0 0 0 0 0 0 0 0 0 0 0 0 0 0 0 0 0 0 0
 0 0 0 0 0 0 0 0 0 0 0 0 0 0 0 0 0 0 0 0 0 0 0 0 0 0 0 0 0 0 0 0 0 0 0 0
 0 0 0 0 0 0 0 0 1.78061e-05 0.00172719 0.00360574 0.0105946 0.0120993 0.0124554 0.0147524 0.0171206 0.0266825 0.0428682 0.0675386 0.121331 0.153587 0.119568 0.100827 0.0573624 0.0630603 0.0341343 0.0324427 0.0444173 0.0211091 0.0280891 0.0125444 0.00206551 0 0 0 0
 0 0 0 0 0 0 0 0 0 0 0 0 0 0 0 0 0 0 0 0 0 0 0 0 0 0 0 0 0 0 0 0 0 0 0 0
 0 0 0 0 0 0 0.0133647 0.0140871 0.0187388 0.0205184 0.03894 0.0496705 0.03968 0.0493445 0.0407372 0.0367815 0.0215668 0.0243155 0.0234873 0.0199281 0.019796 0.0243948 0.0301388 0.0376714 0.0412746 0.0863199 0.0771752 0.113111 0.0741005 0.0525337 0.0229764 0.00759418 0.00175318 0 0 0
 0 0 0 0 0 0 0 0 0 0 0.00219441 0.00772107 0.0458388 0.0604681 0.0671733 0.0775358 0.0609151 0.0617685 0.073594 0.0568108 0.0755445 0.0548602 0.0670107 0.0636378 0.0643287 0.046367 0.0373049 0.0286899 0.0247887 0.0153202 0.00654259 0.00121912 0.000365735 0 0 0
 0 0 0 0 0 0 0 0 0 0 0 0 0.000112435 0.00938835 0.0111873 0.0202946 0.0414886 0.0713402 0.111592 0.104902 0.108894 0.110636 0.117776 0.105296 0.107544 0.0401394 0.0192827 0.0124803 0.00416011 0.0028671 0.000618394 0 0 0 0 0
 0 0 0 0 0 0 0 0 0 0 0.00291406 0.0102884 0.027416 0.0768956 0.0749926 0.110853 0.0956884 0.0897413 0.0766577 0.0534642 0.0500743 0.0551293 0.0594112 0.0620874 0.0668451 0.0424026 0.0208742 0.0120726 0.0048766 0.00582813 0.00118941 0.000297354 0 0 0 0
 0 0.00264628 0.0354308 0.0461629 0.0458689 0.0383711 0.0214643 0.0164657 0.0346957 0.0420465 0.0363128 0.0245516 0.0311673 0.0291091 0.0169068 0.0133784 0.00837989 0.0085269 0.0148486 0.0160247 0.0276389 0.0546898 0.0760071 0.122758 0.109233 0.0665981 0.0333725 0.0166128 0.00676272 0.00308733 0.000882094 0 0 0 0 0
 0 0 0 0 0 0 0 0.000805153 0.000690131 0.00759144 0.0133425 0.0154129 0.00931677 0.000345066 0.00356568 0.00563607 0.00851162 0.0253048 0.0502646 0.0516448 0.0657925 0.0565908 0.0611916 0.0827007 0.0866115 0.110766 0.145733 0.0935128 0.0569358 0.0249597 0.0138026 0.00621118 0.00161031 0.00115022 0 0
 0 0 0 0 0 0 0 0 0 0 0 0 0 0 0 0 0 0 0 0 0 0 0 0 0 0 0 0 0 0 0 0 0 0 0 0
 0.00147267 0.00158595 0.00478618 0.00569244 0.00954404 0.0108468 0.00647125 0.017049 0.0510054 0.094081 0.124002 0.0959785 0.0687766 0.0820023 0.061753 0.0591476 0.0492212 0.0479892 0.0443925 0.0268479 0.0217502 0.0140895 0.0121071 0.0120363 0.00920419 0.00665534 0.0049561 0.00860946 0.00930331 0.0156896 0.0114698 0.00855282 0.00243557 0.00046729 0 2.83206e-05
 0 0 0 0 0.000772559 0.00158375 0.000888443 0.00281984 0.00712685 0.0440552 0.0773331 0.111326 0.0921469 0.0852325 0.0710754 0.0886704 0.0786465 0.0553345 0.0373146 0.0185414 0.00753245 0.00457741 0.012979 0.0271748 0.0457355 0.0583668 0.034881 0.0177882 0.00938659 0.00492506 0.0015258 0.00185414 0.000309023 5.79419e-05 3.86279e-05 0
 0 0.00173294 0.00326652 0 0.00397197 0.00683976 0.00946217 0.0152591 0.00757587 0.0136028 0.0228656 0.0392903 0.0559909 0.0764795 0.0681675 0.0726916 0.0566044 0.0477403 0.0527397 0.0444891 0.0609904 0.0582453 0.0661739 0.0445044 0.0529084 0.0360697 0.0280645 0.0235558 0.0158879 0.00826598 0.00280645 0.00217768 0.000904811 0.00058276 9.20147e-05 0
 0 0 0 0 0 0 0 0 0 0 0 0 0 0 0 0 0 0 0 0 0 0 0 0 0 0 0 0 0 0 0 0 0 0 0 0
 0 0 0 0 0 0 0 0 0 0 0 0 0 0 0 0 0 0 0 0 0 0 0 0 0 0 0 0 0 0 0 0 0 0 0 0
 0 0 0 0 0 0 0 0 0 0 0 0 0 0 0 0 0 0 0 0 0 0 0 0 0 0 0 0 0 0 0 0 0 0 0 0
 0 0 0 0 0 0 0 0 0 0 0 0 0 0 0 0 0 0 0 0 0 0 0 0 0 0 0 0 0 0 0 0 0 0 0 0
 0 0 0 0 0 0 0 0 0 0 0 0 0 0 0 0 0 0 0 0 0 0 0 0 0 0 0 0 0 0 0 0 0 0 0 0
ppred_pel_tallas
 1.03404e-16 1.41511e-05 8.29958e-05 0.000394399 0.00151825 0.00473433 0.011959 0.024473 0.0405793 0.0545351 0.0594458 0.0526751 0.0382297 0.0233676 0.0133176 0.00924067 0.00978787 0.0132868 0.0186533 0.0252517 0.0325262 0.0398095 0.0463315 0.0513433 0.0542751 0.0548597 0.053182 0.0496335 0.0447961 0.0392961 0.0336776 0.0283294 0.0234709 0.0191841 0.0154653 0.0122731
 1.03112e-16 2.82666e-05 0.000165893 0.000788559 0.00303596 0.00946734 0.0239138 0.0489312 0.0811106 0.108934 0.118555 0.104605 0.0749484 0.0438792 0.0215571 0.00994797 0.00599937 0.00610852 0.00806701 0.0108922 0.0141485 0.0175275 0.020716 0.023406 0.0253481 0.0263982 0.0265391 0.0258665 0.0245502 0.0227841 0.0207447 0.0185679 0.016347 0.0141437 0.0120045 0.00997169
 1.0259e-16 8.3802e-06 4.90955e-05 0.000233189 0.000897474 0.00279841 0.00706931 0.01447 0.0240055 0.0322988 0.0353058 0.0315187 0.0233833 0.0153034 0.0105219 0.00990438 0.0128267 0.0184141 0.0260152 0.0350615 0.0448229 0.0543226 0.0624331 0.0680875 0.0705224 0.0694596 0.0651715 0.0583964 0.0501451 0.041461 0.0332129 0.0259737 0.0199997 0.0152888 0.011678 0.00893968
 1.0483e-16 2.27281e-05 0.000133376 0.000633972 0.00244076 0.00761122 0.0192254 0.0393385 0.0652108 0.0875851 0.0953332 0.0841462 0.0603563 0.0354722 0.0176848 0.00860607 0.00581959 0.0064691 0.00881538 0.0120929 0.0159562 0.0201363 0.0243316 0.0282185 0.0314986 0.0339458 0.0354328 0.0359308 0.0354893 0.0342062 0.0322037 0.029615 0.0265823 0.0232584 0.0198063 0.0163906
 1.0181e-16 3.30248e-05 0.00019383 0.000921382 0.00354737 0.0110622 0.0279421 0.0571733 0.0947711 0.127275 0.1385 0.122166 0.0874494 0.0510333 0.0247619 0.0108982 0.00583731 0.00533352 0.00678132 0.00902776 0.0115868 0.0141507 0.0164324 0.0181663 0.019157 0.0193211 0.0187036 0.0174579 0.015801 0.0139588 0.0121184 0.010403 0.00886959 0.00752374 0.00634309 0.00529801
 1.01258e-16 1.9242e-05 0.000112882 0.000536479 0.00206529 0.00644024 0.016268 0.0332897 0.0551934 0.0741596 0.0807962 0.0714961 0.0516766 0.0311618 0.0169962 0.0106735 0.0102669 0.0134209 0.0186166 0.0250053 0.0319245 0.0386378 0.0443278 0.0482278 0.0497923 0.0488278 0.0455394 0.0404698 0.0343596 0.0279728 0.0219466 0.0167022 0.0124284 0.00912231 0.00665993 0.00486613
 1.00775e-16 3.66627e-05 0.000215193 0.00102296 0.00393848 0.0122818 0.0310228 0.0634762 0.105216 0.141295 0.153737 0.135561 0.0969363 0.0563659 0.0269687 0.0112209 0.00508416 0.00381908 0.00453002 0.00596798 0.00766366 0.00938046 0.0109226 0.0121116 0.0128122 0.0129603 0.0125742 0.0117445 0.0106067 0.00930747 0.00797504 0.00670195 0.00554163 0.00451545 0.00362459 0.00286093
 1.00432e-16 2.89872e-05 0.000170113 0.000808598 0.00311308 0.00970778 0.0245213 0.0501751 0.0831755 0.111717 0.121608 0.107358 0.0770473 0.0453626 0.0227558 0.0112811 0.00783988 0.00874648 0.0117043 0.0156183 0.0198957 0.0240291 0.0274944 0.0298088 0.030633 0.0298531 0.0276098 0.0242585 0.0202793 0.0161659 0.0123281 0.00903475 0.00640288 0.00442385 0.00300883 0.00203499
 1.00573e-16 3.19853e-05 0.000187722 0.00089233 0.0034355 0.0107133 0.0270609 0.0553707 0.091785 0.12327 0.134157 0.118371 0.0848096 0.049648 0.024379 0.0112204 0.0067055 0.00673675 0.00878477 0.0116975 0.0149354 0.0181032 0.0208119 0.0227024 0.0235172 0.0231595 0.0217159 0.0194285 0.0166323 0.013676 0.010853 0.00836113 0.00629423 0.00466036 0.00341243 0.00247915
 1.00529e-16 3.19826e-05 0.000187705 0.00089225 0.00343519 0.0107123 0.0270585 0.0553657 0.0917768 0.12326 0.134147 0.118364 0.0848101 0.049659 0.0244042 0.0112648 0.00677581 0.00684051 0.00892841 0.011884 0.0151619 0.0183592 0.0210787 0.022955 0.0237276 0.0233017 0.0217705 0.019387 0.0164986 0.0134649 0.0105876 0.00806822 0.00599977 0.00438589 0.00317291 0.00228242
 1.0081e-16 2.43885e-05 0.000143107 0.000680191 0.00261865 0.00816592 0.0206268 0.0422072 0.0699712 0.0939935 0.102347 0.0904292 0.0650626 0.0386372 0.0199949 0.0109231 0.00887402 0.0107894 0.0147418 0.0197585 0.0252235 0.0305339 0.0350397 0.038134 0.0393837 0.0386329 0.0360399 0.0320297 0.0271845 0.0221072 0.0173027 0.0131074 0.00967595 0.00701248 0.00502477 0.00357886
 1.01414e-16 2.45099e-05 0.000143823 0.000683604 0.00263181 0.00820695 0.0207304 0.0424189 0.0703208 0.0944596 0.102845 0.0908468 0.0653142 0.038689 0.0198439 0.0105597 0.00826275 0.0098741 0.0134662 0.0180911 0.0231811 0.0281986 0.0325643 0.03573 0.0372933 0.037089 0.0352243 0.0320395 0.0280164 0.023662 0.019408 0.0155513 0.0122424 0.0095116 0.00731196 0.00556269
 1.00525e-16 3.51061e-05 0.000206049 0.000979476 0.00377105 0.0117597 0.029704 0.0607782 0.100746 0.135297 0.147225 0.12985 0.0929237 0.0541751 0.0261869 0.0113539 0.00583211 0.00509707 0.00637144 0.00842826 0.0107576 0.0130475 0.0150139 0.0163988 0.0170167 0.0167974 0.0158009 0.0141988 0.0122285 0.0101372 0.00813289 0.00635547 0.00487137 0.00368647 0.00276825 0.00206768
 1.00107e-16 3.73171e-05 0.000219032 0.0010412 0.00400873 0.0125009 0.0315762 0.0646086 0.107094 0.143819 0.156488 0.137998 0.0987043 0.0574447 0.0275787 0.0116334 0.00550337 0.00436388 0.00525757 0.00689098 0.00875187 0.0105563 0.0120614 0.0130521 0.0133791 0.0129939 0.0119613 0.0104415 0.00865005 0.00680827 0.00509955 0.00364388 0.00249275 0.00164093 0.00104675 0.000652959
 1.00082e-16 3.71097e-05 0.000217814 0.00103541 0.00398643 0.0124313 0.0314005 0.0642492 0.106499 0.14302 0.15562 0.137236 0.0981679 0.0571493 0.0274683 0.0116408 0.00558681 0.00451031 0.00546995 0.00717604 0.0091123 0.0109865 0.0125459 0.0135663 0.0138924 0.0134743 0.0123807 0.0107802 0.00889906 0.0069693 0.00518312 0.003666 0.00247142 0.00159318 0.000986718 0.000591003
 1.00194e-16 3.26856e-05 0.000191832 0.00091187 0.00351073 0.0109479 0.0276535 0.0565832 0.0937949 0.12597 0.137095 0.120964 0.0866682 0.0507375 0.0249161 0.0114693 0.0068524 0.00687462 0.00894531 0.0118792 0.0151154 0.0182404 0.0208494 0.0225732 0.023154 0.0225067 0.0207416 0.0181334 0.0150526 0.0118795 0.00893007 0.00641136 0.00441313 0.00292778 0.00188513 0.00118806
 1.00482e-16 2.90965e-05 0.000170755 0.000811653 0.00312485 0.00974449 0.024614 0.0503646 0.0834895 0.112138 0.122063 0.107753 0.0773175 0.0454942 0.0227712 0.0112063 0.00768514 0.00850663 0.0113678 0.0151775 0.0193545 0.0234079 0.0268317 0.0291576 0.0300536 0.029403 0.0273323 0.0241749 0.0203855 0.016434 0.0127131 0.00948398 0.00686493 0.00485627 0.00338238 0.0023346
 1.00611e-16 3.16243e-05 0.000185601 0.000882249 0.00339668 0.0105922 0.0267551 0.0547452 0.0907483 0.121879 0.132645 0.117042 0.0838692 0.0491209 0.0241639 0.011195 0.00679082 0.00690311 0.00903132 0.0120327 0.0153655 0.0186264 0.0214161 0.0233655 0.0242097 0.0238491 0.0223723 0.0200278 0.0171597 0.0141257 0.0112272 0.00866709 0.00654166 0.00485918 0.00357146 0.00260562
 1.00898e-16 2.5324e-05 0.000148601 0.000706319 0.00271926 0.00847966 0.0214192 0.0438284 0.0726576 0.0975985 0.106263 0.0938654 0.0674839 0.0399728 0.0204987 0.0108996 0.00851273 0.0101511 0.0138147 0.0185131 0.0236474 0.02865 0.0329143 0.0358729 0.0371191 0.0365031 0.0341667 0.0304995 0.0260379 0.0213385 0.0168684 0.0129405 0.0097005 0.00715656 0.00522856 0.00379828
 1.01141e-16 2.88848e-05 0.000169515 0.000805766 0.00310219 0.00967383 0.0244355 0.0499992 0.0828828 0.11132 0.121167 0.106946 0.0767045 0.0450653 0.0224315 0.0108356 0.00717763 0.00778141 0.0103698 0.0138834 0.0177852 0.0216394 0.024998 0.0274404 0.0286578 0.028523 0.0271167 0.0246984 0.0216353 0.0183143 0.0150646 0.012113 0.00957447 0.00747263 0.00577253 0.00441366
 1.01074e-16 2.86418e-05 0.000168087 0.000798974 0.00307603 0.00959227 0.0242295 0.0495778 0.0821847 0.110384 0.120152 0.106059 0.0760874 0.0447414 0.0223417 0.0109098 0.00737789 0.00810355 0.0108265 0.0144865 0.018533 0.0225091 0.0259437 0.0283962 0.0295468 0.0292703 0.0276628 0.0250097 0.0217093 0.0181776 0.0147658 0.0117116 0.00913036 0.00703675 0.00538183 0.00408943
 1.01418e-16 2.47412e-05 0.000145181 0.000690059 0.00265666 0.00828445 0.0209261 0.0428194 0.0709848 0.0953512 0.103815 0.0917016 0.0659245 0.0390418 0.0200086 0.0106205 0.00827735 0.00986883 0.0134473 0.018055 0.0231194 0.0281003 0.032417 0.035522 0.0370156 0.0367383 0.0348043 0.0315623 0.0275018 0.0231352 0.0188965 0.015081 0.0118344 0.00917934 0.00706042 0.00538879
 1.01368e-16 2.90971e-05 0.000170763 0.0008117 0.00312504 0.00974511 0.0246155 0.0503674 0.0834928 0.112138 0.122054 0.10772 0.077241 0.0453431 0.0225005 0.0107545 0.00697665 0.00746038 0.00991361 0.0132783 0.0170305 0.020755 0.0240274 0.0264479 0.0277207 0.0277199 0.0265141 0.0243399 0.0215358 0.0184595 0.0154164 0.0126178 0.0101733 0.00810919 0.0063994 0.00499547
 1.00992e-16 2.95176e-05 0.00017323 0.000823428 0.00317019 0.0098859 0.0249711 0.0510952 0.0846994 0.113759 0.12382 0.109284 0.0783722 0.0460268 0.0228756 0.0109915 0.00720213 0.00774567 0.0102911 0.013754 0.0175862 0.0213469 0.0245864 0.0268857 0.0279422 0.0276393 0.0260717 0.0235148 0.0203514 0.0169799 0.0137361 0.0108459 0.00841718 0.00646084 0.00492652 0.00373793
 1.0198e-16 1.50298e-05 8.81485e-05 0.000418882 0.00161249 0.00502821 0.0127014 0.0259925 0.0430997 0.0579246 0.0631468 0.0559694 0.0406526 0.0249112 0.0143064 0.0100775 0.0107943 0.0146733 0.0205405 0.0276798 0.0354419 0.0430484 0.0496148 0.0543004 0.0564936 0.055954 0.0528653 0.0477735 0.0414411 0.034665 0.0281186 0.0222585 0.0173075 0.0132949 0.0101281 0.00766157
 1.04548e-16 1.77405e-05 0.000104082 0.000494674 0.00190438 0.00593851 0.0150005 0.030695 0.0508882 0.0683651 0.0744573 0.0658255 0.0474451 0.028347 0.0149915 0.00871876 0.00772509 0.00983942 0.0137095 0.0186638 0.0242668 0.0300606 0.0355175 0.0401061 0.0433914 0.0451193 0.0452546 0.0439591 0.0415268 0.0382993 0.034594 0.0306627 0.0266857 0.0227869 0.0190589 0.0155792
 1.05003e-16 1.51083e-05 8.86197e-05 0.000421146 0.00162125 0.00505554 0.0127703 0.0261326 0.0433288 0.058223 0.0634467 0.0561751 0.0406716 0.0246647 0.0137081 0.00900587 0.00908303 0.0121296 0.0169875 0.0230127 0.0296879 0.0364143 0.0425052 0.0472929 0.0502681 0.0511899 0.0501277 0.0474181 0.0435599 0.0390839 0.0344421 0.0299464 0.0257622 0.0219422 0.0184773 0.0153407
pSPR Fmed_Fpbrs
0.524152   0.6 0.325
Fs Fmed_Fpbrs
0.66   0.474084 1.69237
SSBpbr Bo_Bmed_Bpbrs
485519  230210  267035 133518
Ro
22925.4
SPR SPRFo_SPRFmed_SPRFpbrs
474928 248934 154352
log_Ro
9.86
likeval ReclasPelacesDesembMPH_pf_preclas_ppelaces_ptallas_desvR_qrecl_qpela
 77.0587 13.7069 0.168201 0.000515077 364.596 211.969 62.5058 0 26.06 7.38514e-05 0.000328408 4.13003e-14 0 0 0
q_reclas_q_pelaces
3.37961 13.1736
M
0.7
N
 19130.1 16788 5291.14 680.187 0.150634
 44654.9 9031.3 5408.34 1373.02 173.979
 5059.77 20630.6 2417.99 1063.32 297.833
 9013.13 2161.37 2823.95 173.802 93.6267
 38070 4180.93 599.026 584.753 54.2783
 16717.6 18599.7 1806.11 241.36 256.264
 63852.9 7292.83 3047.42 170.004 45.0773
 58606.7 28444.7 1429.54 375.358 25.6649
 70667 25393.7 4397.99 123.354 33.2617
 114342 30102.7 3394.13 305.029 10.3865
 66762.5 51358.8 6333.04 464.831 41.9587
 46364 28635.4 7280.1 479.707 36.789
 55424 20208.5 4657.69 677.816 46.3023
 29179.6 22011.1 1482.53 131.37 19.1416
 12554 9939.12 434.03 5.82804 0.530218
 9735.87 4276.14 195.986 1.70624 0.0224035
 7178.34 4027.14 444.425 9.32064 0.0779741
 9292.36 3020.02 483.903 26.2744 0.529613
 8195.19 4047.52 488.436 44.6714 2.38224
 10173.7 3708.4 907.275 73.5673 6.89867
 16537.5 4502.99 687.916 102.879 8.82444
 18921.6 7742.9 1351.29 160.488 25.6184
 31060 8797.41 2188.6 288.192 38.9377
 48780.2 14174.9 2120.76 367.638 53.6175
 22357.9 22320.2 3494.5 368.414 71.4578
 20135.6 10460.6 6657.52 807.868 99.9408
 9829.77 9393.09 3042.39 1481.96 198.438
pred_Ctot
 680.347 4347.27 1885.03 246.376 0.0546027
 2245.88 3100.28 2475.1 637.581 80.8423
 513.117 11538.8 1647.51 731.173 204.883
 428.696 710.059 1243.81 77.7025 41.886
 442.651 394.29 82.241 81.9266 7.61151
 1472.07 9533.72 1151.46 155.479 165.155
 4756.26 3344.59 1778.9 100.409 26.6377
 5414.57 15029.9 933.002 247.433 16.9256
 7290.12 14347.4 3019.29 85.4523 23.051
 7897.52 13095.8 1897.92 172.68 5.8831
 6598.4 28285.5 4265.44 316.028 28.5386
 4107.88 14735.8 4655.55 309.948 23.7809
 8085.4 13708.2 3638.37 532.744 36.4022
 6734.93 17730.1 1290.07 114.682 16.7124
 2897.59 8006.03 377.686 5.08771 0.46293
 1181.9 2647.01 143.765 1.26122 0.0165658
 796.339 2372.71 314.655 6.65478 0.0556928
 827.264 1558.86 310.184 17.0159 0.343147
 525.927 1670.31 261.458 24.2223 1.29247
 800.543 1765.45 545.735 44.754 4.19884
 682.108 1318.83 273.76 41.5926 3.5701
 870.488 2477.16 581.495 70.1154 11.1999
 1817.72 3391.55 1106.43 147.68 19.9651
 2769.42 5341.27 1051.54 184.812 26.97
 932.994 6599.75 1402.52 150.205 29.1543
 880.702 3213.46 2764.13 340.637 42.1689
 615.698 3808.18 1604.65 791.906 106.1
F
 0.0505651 0.432723 0.649023 0.663651 0.664311
 0.0721869 0.617758 0.926548 0.947432 0.948374
 0.150582 1.28864 1.93278 1.97634 1.97831
 0.0681475 0.58319 0.874701 0.894415 0.895305
 0.0162844 0.139358 0.209017 0.213728 0.213941
 0.129572 1.10885 1.66311 1.7006 1.70229
 0.108619 0.929536 1.39417 1.42559 1.42701
 0.136346 1.16682 1.75006 1.7895 1.79128
 0.153364 1.31246 1.9685 2.01286 2.01487
 0.100357 0.858835 1.28813 1.31716 1.31847
 0.146498 1.25369 1.88036 1.92274 1.92465
 0.130422 1.11612 1.67402 1.71176 1.71346
 0.223464 1.91235 2.86826 2.9329 2.93582
 0.37699 3.22619 4.83882 4.94788 4.95281
 0.37699 3.22619 4.83882 4.94788 4.95281
 0.182761 1.56402 2.34581 2.39868 2.40107
 0.165806 1.41893 2.12819 2.17615 2.17832
 0.131087 1.12181 1.68255 1.72047 1.72219
 0.0929467 0.795415 1.19301 1.2199 1.22111
 0.115064 0.98469 1.47689 1.51018 1.51168
 0.0588566 0.50368 0.755448 0.772475 0.773243
 0.0658482 0.563513 0.845188 0.864238 0.865097
 0.0844478 0.722683 1.08392 1.10835 1.10945
 0.0818301 0.700282 1.05032 1.074 1.07506
 0.0595655 0.509747 0.764547 0.781779 0.782557
 0.0625132 0.534972 0.802382 0.820467 0.821283
 0.0906262 0.775557 1.16322 1.18944 1.19062
Np
 14645.5 7014.99 1625.79 671.169 191.125
YTP_r0W_actual
 4987.15 92538.7 52632.6 31834.6 4848.75
YTP_p0W_proyectada
 3216.91 19942.7 19049.7 5329.49 3344.53
 3216.91 31378.5 14420.1 7576.9 2479.28
CTP_r0_actual
 615.698 3808.18 1604.65 791.906 106.1
CTP_p0_proyectada
 374.059 867.074 587.953 131.592 71.9255
 374.059 1364.28 445.065 187.084 53.3177
Wmedp
 8.6 23 32.4 40.5 46.5
nmprior
 10.8 10.6 4.6 0
nm_flota  nm_reclas  nm_pelaces    nm_pelaL
inf 21.3589 13.5415 49.8311
cv_recla  cv_pelaces  cv_mph
0.760224 0.392686 0.606558
 ------------------------------------------------
Talla a la edad & desviaci?n 
 7.2 14.2025 17.0495 18.207 18.6776
 1.08 2.13037 2.55742 2.73105 2.80164
