years
 1997 1998 1999 2000 2001 2002 2003 2004 2005 2006 2007 2008 2009 2010 2011 2012 2013 2014 2015 2016 2017 2018 2019 2020 2021 2022 2023
reclasobs
 0 0 0 370054 412103 1.49427e+06 250295 1.28982e+06 931140 785840 897777 1.04006e+06 184774 17550 25797 100020 73551 82996 120727 218422 84188 347160 605670 569463 516374 1.08416e+06 1.01767e+06
reclaspred
 2.00372e+06 337880 625978 196846 261903 353030 691944 638160 674873 864044 941516 690108 366170 148593 82500.7 79555.4 81732.4 108798 138175 143289 212419 232963 369219 473974 772847 728895 416289
pelacesobs
 0 0 0 0 0 0 0 0 0 2.06254e+06 1.5e+06 0 1.87456e+06 323000 250000 174000 83755 137374 0 501740 490994 745055 786931 1.00524e+06 1.33801e+06 1.41789e+06 1.42762e+06
pelacespred
 4.30854e+06 1.43452e+06 706021 519621 800780 633618 2.12982e+06 1.87766e+06 1.82599e+06 2.54772e+06 2.17408e+06 1.61542e+06 929729 303950 171698 168865 177740 257710 313698 301482 587373 587509 699583 1.09274e+06 1.71017e+06 1.60895e+06 810424
mphobs
 0 0 0 0 0 112323 0 153150 637223 0 255016 313432 73983 77613 109348 50772 17779 17303 59886 28197 0 207744 136588 643089 65757 70829 0
mphpred
 431986 173053 151470 64223.7 51576.3 133291 152432 276084 245190 273589 372255 257636 155794 94254.7 44615.6 31662.5 28368.1 33515.7 45086 43670.5 56115.4 76480.5 89007.3 125047 212618 202606 135455
desembarqueobs
 350755 77701 442110 56441 14545 235359 269955 359681 431902 328805 639364 411747 362871 311530 167758 66681 60226 58785 57116 73181 50977 67692 138656 160484 209506 203330 187013
desembarquepred
 350731 77662 441530 56418.2 14543.5 235212 269911 359136 431437 328527 638251 411084 362185 310952 167246 66609.9 60194.6 58704.3 57037.2 73097.2 50960.7 67622.1 138542 160378 209326 203085 186802
Reclutas
 15619.4 44007.9 3500.74 7095.62 38075.9 15089.6 64294 57496.6 67282.4 114181 66375.2 46662.1 56664.7 29154.7 12383.9 9475.88 7059.36 9164.35 7951.21 9464.58 16080.7 18120.9 29623.5 47437.1 21815.4 19354.5 7522.39
log_desv_Rt
 -0.323729 0.712125 -1.81927 -1.11277 0.567336 -0.358242 1.09122 0.979482 1.13665 1.66554 1.12308 0.770688 0.964907 0.300373 -0.555845 -0.823495 -1.11789 -0.856924 -0.998921 -0.824688 -0.294622 -0.175181 0.316323 0.78716 0.0103718 -0.109319 -1.05436
SSB
 656579 263025 230221 97614.2 78391.3 202590 231683 419623 372667 415830 565793 391583 236793 143259 67811.6 48124.1 43116.9 50940.8 68526.7 66375.2 85290.3 116243 135283 190060 323160 307943 205880
BT
 1.20964e+06 399424 366722 161320 265366 317181 1.05659e+06 960349 1.02013e+06 1.15861e+06 1.18178e+06 820958 684379 395591 200141 107083 105246 131463 124574 141774 218613 191868 274094 438844 537300 483597 305077
Ftot
 0.534418 0.831703 1.82779 0.951688 0.246186 1.76042 1.57798 1.79595 2.07804 1.37671 1.94368 1.76316 3.05167 4.95303 4.95303 2.40346 2.22788 1.77487 1.22822 1.57289 0.823698 0.902248 1.17099 1.13376 0.805786 0.868091 1.30344
BD_Bspro_t
 0.937979 0.648678 0.519477 0.190198 0.24872 0.50595 0.394534 0.491621 0.414999 0.400645 0.438963 0.29151 0.199839 0.144699 0.0832827 0.0733857 0.0911744 0.146937 0.231541 0.270775 0.35381 0.491898 0.485974 0.496638 0.554203 0.467277 0.359726
BD_Bspro
 1.46797 0.588068 0.514725 0.218244 0.175266 0.452948 0.517994 0.938187 0.833204 0.929706 1.26499 0.875496 0.529418 0.320295 0.151612 0.107595 0.0964002 0.113893 0.153211 0.148401 0.190691 0.259895 0.302464 0.424933 0.722517 0.688494 0.460303
BD_Bo
 1.37448 0.550614 0.481942 0.204344 0.164104 0.4241 0.485003 0.878434 0.780137 0.870494 1.18443 0.819736 0.4957 0.299896 0.141956 0.100742 0.0902605 0.106639 0.143453 0.138949 0.178546 0.243343 0.2832 0.397869 0.6765 0.644644 0.430986
BD_Brms
 2.49905 1.00112 0.876259 0.371535 0.29837 0.771091 0.881824 1.59715 1.41843 1.58272 2.1535 1.49043 0.901273 0.545265 0.258102 0.183168 0.16411 0.193889 0.260824 0.252635 0.324628 0.442441 0.514909 0.723398 1.23 1.17208 0.783612
S_f
 0.075745 0.694872 0.984444 0.999432 0.99998
 0.075745 0.694872 0.984444 0.999432 0.99998
 0.075745 0.694872 0.984444 0.999432 0.99998
 0.075745 0.694872 0.984444 0.999432 0.99998
 0.075745 0.694872 0.984444 0.999432 0.99998
 0.075745 0.694872 0.984444 0.999432 0.99998
 0.075745 0.694872 0.984444 0.999432 0.99998
 0.075745 0.694872 0.984444 0.999432 0.99998
 0.075745 0.694872 0.984444 0.999432 0.99998
 0.075745 0.694872 0.984444 0.999432 0.99998
 0.075745 0.694872 0.984444 0.999432 0.99998
 0.075745 0.694872 0.984444 0.999432 0.99998
 0.075745 0.694872 0.984444 0.999432 0.99998
 0.075745 0.694872 0.984444 0.999432 0.99998
 0.075745 0.694872 0.984444 0.999432 0.99998
 0.075745 0.694872 0.984444 0.999432 0.99998
 0.075745 0.694872 0.984444 0.999432 0.99998
 0.075745 0.694872 0.984444 0.999432 0.99998
 0.075745 0.694872 0.984444 0.999432 0.99998
 0.075745 0.694872 0.984444 0.999432 0.99998
 0.075745 0.694872 0.984444 0.999432 0.99998
 0.075745 0.694872 0.984444 0.999432 0.99998
 0.075745 0.694872 0.984444 0.999432 0.99998
 0.075745 0.694872 0.984444 0.999432 0.99998
 0.075745 0.694872 0.984444 0.999432 0.99998
 0.075745 0.694872 0.984444 0.999432 0.99998
 0.075745 0.694872 0.984444 0.999432 0.99998
Scru_reclas
 0.136454 0.442971 0.800085 0.952699 0.990231
 0.136454 0.442971 0.800085 0.952699 0.990231
 0.136454 0.442971 0.800085 0.952699 0.990231
 0.136454 0.442971 0.800085 0.952699 0.990231
 0.136454 0.442971 0.800085 0.952699 0.990231
 0.136454 0.442971 0.800085 0.952699 0.990231
 0.136454 0.442971 0.800085 0.952699 0.990231
 0.136454 0.442971 0.800085 0.952699 0.990231
 0.136454 0.442971 0.800085 0.952699 0.990231
 0.136454 0.442971 0.800085 0.952699 0.990231
 0.136454 0.442971 0.800085 0.952699 0.990231
 0.136454 0.442971 0.800085 0.952699 0.990231
 0.136454 0.442971 0.800085 0.952699 0.990231
 0.136454 0.442971 0.800085 0.952699 0.990231
 0.136454 0.442971 0.800085 0.952699 0.990231
 0.136454 0.442971 0.800085 0.952699 0.990231
 0.136454 0.442971 0.800085 0.952699 0.990231
 0.136454 0.442971 0.800085 0.952699 0.990231
 0.136454 0.442971 0.800085 0.952699 0.990231
 0.136454 0.442971 0.800085 0.952699 0.990231
 0.136454 0.442971 0.800085 0.952699 0.990231
 0.136454 0.442971 0.800085 0.952699 0.990231
 0.136454 0.442971 0.800085 0.952699 0.990231
 0.136454 0.442971 0.800085 0.952699 0.990231
 0.136454 0.442971 0.800085 0.952699 0.990231
 0.136454 0.442971 0.800085 0.952699 0.990231
 0.136454 0.442971 0.800085 0.952699 0.990231
Scru_pelaces
 0.240697 0.614692 0.889242 0.975849 0.995106
 0.240697 0.614692 0.889242 0.975849 0.995106
 0.240697 0.614692 0.889242 0.975849 0.995106
 0.240697 0.614692 0.889242 0.975849 0.995106
 0.240697 0.614692 0.889242 0.975849 0.995106
 0.240697 0.614692 0.889242 0.975849 0.995106
 0.240697 0.614692 0.889242 0.975849 0.995106
 0.240697 0.614692 0.889242 0.975849 0.995106
 0.240697 0.614692 0.889242 0.975849 0.995106
 0.240697 0.614692 0.889242 0.975849 0.995106
 0.240697 0.614692 0.889242 0.975849 0.995106
 0.240697 0.614692 0.889242 0.975849 0.995106
 0.240697 0.614692 0.889242 0.975849 0.995106
 0.240697 0.614692 0.889242 0.975849 0.995106
 0.240697 0.614692 0.889242 0.975849 0.995106
 0.240697 0.614692 0.889242 0.975849 0.995106
 0.240697 0.614692 0.889242 0.975849 0.995106
 0.240697 0.614692 0.889242 0.975849 0.995106
 0.240697 0.614692 0.889242 0.975849 0.995106
 0.240697 0.614692 0.889242 0.975849 0.995106
 0.240697 0.614692 0.889242 0.975849 0.995106
 0.240697 0.614692 0.889242 0.975849 0.995106
 0.240697 0.614692 0.889242 0.975849 0.995106
 0.240697 0.614692 0.889242 0.975849 0.995106
 0.240697 0.614692 0.889242 0.975849 0.995106
 0.240697 0.614692 0.889242 0.975849 0.995106
 0.240697 0.614692 0.889242 0.975849 0.995106
pf_obs 
 0.256992 0.487395 0.22802 0.0275931 0
 0.321318 0.546541 0.124235 0.00734118 0.000564706
 0.182869 0.594174 0.210203 0.0122559 0.00049798
 0.330522 0.361315 0.267642 0.0388342 0.00168674
 0.649043 0.306663 0.0425973 0.00169635 0
 0.582887 0.30429 0.105238 0.00758474 0
 0.465427 0.430635 0.0974691 0.00646863 0
 0.296916 0.608066 0.0921331 0.00288517 0
 0.311714 0.524322 0.152257 0.0117073 0
 0.15457 0.633149 0.183074 0.0267441 0.00246327
 0.131901 0.49318 0.331252 0.0422183 0.00144891
 0.196976 0.569456 0.194076 0.0375587 0.00193317
 0.518974 0.381816 0.0799577 0.0180837 0.00116848
 0.0928022 0.601141 0.25162 0.0475244 0.00691264
 0.122501 0.610282 0.24278 0.0234846 0.000952079
 0.383417 0.481906 0.127806 0.00687128 0
 0.0376549 0.599619 0.316969 0.0457579 0
 0.0361596 0.667082 0.258105 0.0386534 0
 0.158088 0.579412 0.248529 0.0139706 0
 0.0477256 0.309471 0.559284 0.082774 0.000745712
 0.0406174 0.521527 0.379366 0.0568643 0.0016247
 0.151134 0.462217 0.34131 0.0453401 0
 0.294876 0.26143 0.354403 0.0886775 0.000613685
 0.281977 0.475581 0.204845 0.0348837 0.00271318
 0.0841818 0.532909 0.334909 0.0458182 0.00218182
 0.115287 0.27431 0.454777 0.147771 0.00785563
 0.0989387 0.350907 0.424855 0.114687 0.0106128
pf_pred 
 0.0637677 0.625339 0.274356 0.0365309 6.21786e-06
 0.241324 0.302384 0.344963 0.0984697 0.0128599
 0.0228729 0.79358 0.0955979 0.0668574 0.021092
 0.150234 0.230519 0.556044 0.0334535 0.0297493
 0.486886 0.359954 0.058547 0.0851625 0.00945012
 0.108417 0.800444 0.0708031 0.00785598 0.0124806
 0.506651 0.322495 0.161617 0.00723013 0.0020079
 0.243429 0.714703 0.032755 0.00863514 0.00047849
 0.286439 0.596827 0.113429 0.00260459 0.000700826
 0.350298 0.571183 0.0719022 0.00643644 0.000180737
 0.165253 0.735122 0.0926495 0.00640246 0.000572635
 0.174371 0.637805 0.176265 0.0107761 0.000783149
 0.320096 0.538381 0.123275 0.0171606 0.00108864
 0.256593 0.699223 0.0402879 0.00341466 0.000480971
 0.252002 0.720237 0.027375 0.000353592 3.16675e-05
 0.289226 0.681161 0.0293586 0.000250904 3.27122e-06
 0.227437 0.690222 0.0808117 0.00151619 1.25993e-05
 0.305373 0.590546 0.0987338 0.00525151 9.55747e-05
 0.205458 0.693311 0.092973 0.00784633 0.000411099
 0.243678 0.578683 0.164087 0.0124731 0.00107843
 0.299491 0.576349 0.10686 0.0160168 0.00128278
 0.212999 0.641845 0.128194 0.0146438 0.00231796
 0.278429 0.539747 0.159958 0.0193633 0.00250278
 0.297766 0.582393 0.10046 0.0171037 0.00227749
 0.101159 0.746792 0.135904 0.01359 0.0025551
 0.121504 0.469517 0.363343 0.0408854 0.00474968
 0.0737865 0.585282 0.222855 0.105169 0.0129082
pobs_RECLAS
 0 0 0 0 0
 0 0 0 0 0
 0 0 0 0 0
 0 0 0 0 0
 0.835266 0.146461 0.0176864 0.000547809 3.91292e-05
 0.385257 0.428462 0.181853 0.0044286 0
 0.867414 0.0963971 0.0333333 0.00285562 0
 0.441836 0.489002 0.0689373 0.000224442 0
 0.779404 0.147425 0.0564933 0.0165055 0.000172143
 0.814271 0.122319 0.05973 0.00367925 0
 0.40263 0.566651 0.0304383 0.000280538 0
 0.475488 0.404961 0.113038 0.00651328 0
 0.955842 0.0263864 0.0167828 0.000988607 0
 0.975058 0.0227948 0.00214734 0 0
 0.738997 0.206755 0.0527124 0.00153531 0
 0.850938 0.134255 0.0134407 0.00136685 0
 0.542534 0.407297 0.0501686 0 0
 0.764087 0.199537 0.0359546 0.000420521 0
 0.470689 0.182191 0.310203 0.0369168 0
 0.84361 0.089868 0.0606195 0.00523954 0.000663233
 0.607945 0.314616 0.071237 0.00620181 0
 0.523733 0.453247 0.0230204 0 0
 0.530135 0.295979 0.169645 0.0042399 0
 0.562478 0.366248 0.0663022 0.0049721 0
 0.250443 0.683176 0.0655157 0.000865301 0
 0.195077 0.31981 0.436473 0.0351445 0.0134964
 0.565238 0.351407 0.0832357 0.000118908 0
ppred_RECLAS
 0.152822 0.517415 0.285244 0.0445115 7.87015e-06
 0.443627 0.188425 0.266699 0.089155 0.0120948
 0.066835 0.722214 0.101254 0.0826243 0.027073
 0.306927 0.158312 0.47095 0.0331705 0.0306408
 0.707183 0.183168 0.0377811 0.0644394 0.00742812
 0.274953 0.636561 0.0658778 0.00853124 0.0140771
 0.75073 0.152516 0.0906511 0.00473696 0.00136638
 0.50444 0.462764 0.0247451 0.00761268 0.00043813
 0.563844 0.35631 0.077203 0.002066 0.000577353
 0.617729 0.327373 0.0495612 0.00518632 0.00015127
 0.386798 0.529483 0.0769423 0.00620054 0.000575985
 0.392802 0.450418 0.145606 0.0103895 0.000784228
 0.633964 0.286303 0.0680319 0.0109783 0.000723174
 0.638934 0.342895 0.0163523 0.00158677 0.000231976
 0.632568 0.356051 0.0112008 0.000165639 1.53968e-05
 0.581016 0.399715 0.0190768 0.000189686 2.56834e-06
 0.493373 0.446507 0.0588235 0.00128524 1.10919e-05
 0.577588 0.349751 0.0683381 0.00424208 8.01865e-05
 0.432867 0.480723 0.0782642 0.00772545 0.000420438
 0.49065 0.372066 0.125172 0.0111144 0.000998113
 0.546022 0.356374 0.082011 0.0143958 0.00119765
 0.433533 0.440692 0.108826 0.0145555 0.00239329
 0.523695 0.335655 0.121185 0.0171617 0.00230412
 0.550621 0.357115 0.0752099 0.0149819 0.00207223
 0.240804 0.603632 0.136461 0.0159816 0.00312126
 0.267104 0.349003 0.334499 0.0440754 0.00531874
 0.180814 0.469081 0.215825 0.119096 0.0151835
pobs_PELACES
 0 0 0 0 0
 0 0 0 0 0
 0 0 0 0 0
 0 0 0 0 0
 0 0 0 0 0
 0 0 0 0 0
 0 0 0 0 0
 0 0 0 0 0
 0 0 0 0 0
 0 0 0 0 0
 0.450072 0.473896 0.0757376 0.000293798 0
 0 0 0 0 0
 0.463077 0.371075 0.160297 0.00555027 0
 0.529543 0.364841 0.0842815 0.0213345 0
 0.631943 0.363953 0.00410389 0 0
 0.735681 0.248677 0.0153453 0.000297389 0
 0.695825 0.281241 0.0229344 0 0
 0.275771 0.60734 0.115278 0.00161068 0
 0 0 0 0 0
 0.896147 0.0623911 0.0374545 0.00400742 0
 0.803859 0.145111 0.0509908 3.86294e-05 0
 0.739449 0.233085 0.0266225 0.000797448 4.60066e-05
 0.878498 0.100942 0.0204185 0.000141795 0
 0.694673 0.275183 0.0284847 0.00165964 0
 0.469039 0.446079 0.0841089 0.000773354 0
 0.822795 0.102175 0.0682046 0.00682512 0
 0.69333 0.244118 0.0624202 0.000131731 0
ppred_PELACES
 0.220573 0.526727 0.220997 0.0316983 5.49808e-06
 0.595338 0.167836 0.175733 0.053918 0.00717509
 0.125836 0.736351 0.0694351 0.0517476 0.0166296
 0.465043 0.155355 0.337981 0.0218358 0.0197855
 0.781452 0.151417 0.0244334 0.0383597 0.004338
 0.418809 0.532344 0.0372936 0.00441234 0.00714065
 0.857573 0.0992853 0.0406497 0.00194239 0.000549532
 0.656418 0.328226 0.0118405 0.00332739 0.000187817
 0.728411 0.236841 0.0336996 0.00082262 0.000225452
 0.73995 0.232857 0.0247545 0.00237114 6.78341e-05
 0.5557 0.402293 0.0388859 0.00286039 0.000260592
 0.562904 0.354185 0.0774859 0.00505118 0.000373945
 0.818497 0.155883 0.0221636 0.00324677 0.000209713
 0.863944 0.132587 0.00315475 0.000275299 3.94503e-05
 0.85946 0.138337 0.00217133 2.88762e-05 2.63103e-06
 0.745511 0.246918 0.00750179 6.7932e-05 9.02006e-07
 0.670733 0.302914 0.0258336 0.000514489 4.3544e-06
 0.725801 0.240586 0.0317773 0.00180204 3.34082e-05
 0.566221 0.384897 0.0446315 0.00403559 0.000215424
 0.648611 0.280587 0.0650549 0.00528228 0.000465264
 0.657581 0.285336 0.0486116 0.00783206 0.000639166
 0.554656 0.368874 0.0669318 0.00821356 0.00132476
 0.660229 0.262062 0.0677586 0.00879231 0.00115788
 0.676279 0.273703 0.0414282 0.00756303 0.00102609
 0.334559 0.559607 0.0938164 0.0100856 0.00193222
 0.391956 0.33741 0.238396 0.0288256 0.00341216
 0.297468 0.465156 0.151342 0.0764716 0.00956265
pobs_pel_tallas
 0 0 0 0 0 0 0 0 0 0 0 0 0 0 0 0 0 0 0 0 0 0 0 0 0 0 0 0 0 0 0 0 0 0 0 0
 0 0 0 0 0 0 0 0 0 0 0 0 0 0 0 0 0 0 0 0 0 0 0 0 0 0 0 0 0 0 0 0 0 0 0 0
 0 0 0 0 0 0 0 0 0 0 0 0 0 0 0 0 0 0 0 0 0 0 0 0 0 0 0 0 0 0 0 0 0 0 0 0
 0 0 0 0 0 0 0 0 0 0 0 0 0 0 0 0 0 0 0 0 0 0 0 0 0 0 0 0 0 0 0 0 0 0 0 0
 0 0 0 0 0 0 0 0 0 0 0 0 0 0 0 0 0 0 0 0 0 0 0 0 0 0 0 0 0 0 0 0 0 0 0 0
 0 0 0 0 0 0 0 0 0 0 0 0 0 0 0 0 0 0 0 0 0 0 0 0 0 0 0 0 0 0 0 0 0 0 0 0
 0 0 0 0 0 0 0 0 0 0 0 0 0 0 0 0 0 0 0 0 0 0 0 0 0 0 0 0 0 0 0 0 0 0 0 0
 0 0 0 0 0 0 0 0 0 0 0 0 0 0 0 0 0 0 0 0 0 0 0 0 0 0 0 0 0 0 0 0 0 0 0 0
 0 0 0 0 0 0 0 0 0 0 0 0 0 0 0 0 0 0 0 0 0 0 0 0 0 0 0 0 0 0 0 0 0 0 0 0
 0 0 0 0 0 0 0 0 0 0 0 0 0 0 0 0 0 0 0 0 0 0 0 0 0 0 0 0 0 0 0 0 0 0 0 0
 0 0 0 0 0 0 0 0 1.78061e-05 0.00172719 0.00360574 0.0105946 0.0120993 0.0124554 0.0147524 0.0171206 0.0266825 0.0428682 0.0675386 0.121331 0.153587 0.119568 0.100827 0.0573624 0.0630603 0.0341343 0.0324427 0.0444173 0.0211091 0.0280891 0.0125444 0.00206551 0 0 0 0
 0 0 0 0 0 0 0 0 0 0 0 0 0 0 0 0 0 0 0 0 0 0 0 0 0 0 0 0 0 0 0 0 0 0 0 0
 0 0 0 0 0 0 0.0133647 0.0140871 0.0187388 0.0205184 0.03894 0.0496705 0.03968 0.0493445 0.0407372 0.0367815 0.0215668 0.0243155 0.0234873 0.0199281 0.019796 0.0243948 0.0301388 0.0376714 0.0412746 0.0863199 0.0771752 0.113111 0.0741005 0.0525337 0.0229764 0.00759418 0.00175318 0 0 0
 0 0 0 0 0 0 0 0 0 0 0.00219441 0.00772107 0.0458388 0.0604681 0.0671733 0.0775358 0.0609151 0.0617685 0.073594 0.0568108 0.0755445 0.0548602 0.0670107 0.0636378 0.0643287 0.046367 0.0373049 0.0286899 0.0247887 0.0153202 0.00654259 0.00121912 0.000365735 0 0 0
 0 0 0 0 0 0 0 0 0 0 0 0 0.000112435 0.00938835 0.0111873 0.0202946 0.0414886 0.0713402 0.111592 0.104902 0.108894 0.110636 0.117776 0.105296 0.107544 0.0401394 0.0192827 0.0124803 0.00416011 0.0028671 0.000618394 0 0 0 0 0
 0 0 0 0 0 0 0 0 0 0 0.00291406 0.0102884 0.027416 0.0768956 0.0749926 0.110853 0.0956884 0.0897413 0.0766577 0.0534642 0.0500743 0.0551293 0.0594112 0.0620874 0.0668451 0.0424026 0.0208742 0.0120726 0.0048766 0.00582813 0.00118941 0.000297354 0 0 0 0
 0 0.00264628 0.0354308 0.0461629 0.0458689 0.0383711 0.0214643 0.0164657 0.0346957 0.0420465 0.0363128 0.0245516 0.0311673 0.0291091 0.0169068 0.0133784 0.00837989 0.0085269 0.0148486 0.0160247 0.0276389 0.0546898 0.0760071 0.122758 0.109233 0.0665981 0.0333725 0.0166128 0.00676272 0.00308733 0.000882094 0 0 0 0 0
 0 0 0 0 0 0 0 0.000805153 0.000690131 0.00759144 0.0133425 0.0154129 0.00931677 0.000345066 0.00356568 0.00563607 0.00851162 0.0253048 0.0502646 0.0516448 0.0657925 0.0565908 0.0611916 0.0827007 0.0866115 0.110766 0.145733 0.0935128 0.0569358 0.0249597 0.0138026 0.00621118 0.00161031 0.00115022 0 0
 0 0 0 0 0 0 0 0 0 0 0 0 0 0 0 0 0 0 0 0 0 0 0 0 0 0 0 0 0 0 0 0 0 0 0 0
 0.00147267 0.00158595 0.00478618 0.00569244 0.00954404 0.0108468 0.00647125 0.017049 0.0510054 0.094081 0.124002 0.0959785 0.0687766 0.0820023 0.061753 0.0591476 0.0492212 0.0479892 0.0443925 0.0268479 0.0217502 0.0140895 0.0121071 0.0120363 0.00920419 0.00665534 0.0049561 0.00860946 0.00930331 0.0156896 0.0114698 0.00855282 0.00243557 0.00046729 0 2.83206e-05
 0 0 0 0 0.000772559 0.00158375 0.000888443 0.00281984 0.00712685 0.0440552 0.0773331 0.111326 0.0921469 0.0852325 0.0710754 0.0886704 0.0786465 0.0553345 0.0373146 0.0185414 0.00753245 0.00457741 0.012979 0.0271748 0.0457355 0.0583668 0.034881 0.0177882 0.00938659 0.00492506 0.0015258 0.00185414 0.000309023 5.79419e-05 3.86279e-05 0
 0 0.00173294 0.00326652 0 0.00397197 0.00683976 0.00946217 0.0152591 0.00757587 0.0136028 0.0228656 0.0392903 0.0559909 0.0764795 0.0681675 0.0726916 0.0566044 0.0477403 0.0527397 0.0444891 0.0609904 0.0582453 0.0661739 0.0445044 0.0529084 0.0360697 0.0280645 0.0235558 0.0158879 0.00826598 0.00280645 0.00217768 0.000904811 0.00058276 9.20147e-05 0
 0 0 0 0 0 0 0 0 0 0 0 0 0 0 0 0 0 0 0 0 0 0 0 0 0 0 0 0 0 0 0 0 0 0 0 0
 0 0 0 0 0 0 0 0 0 0 0 0 0 0 0 0 0 0 0 0 0 0 0 0 0 0 0 0 0 0 0 0 0 0 0 0
 0 0 0 0 0 0 0 0 0 0 0 0 0 0 0 0 0 0 0 0 0 0 0 0 0 0 0 0 0 0 0 0 0 0 0 0
 0 0 0 0 0 0 0 0 0 0 0 0 0 0 0 0 0 0 0 0 0 0 0 0 0 0 0 0 0 0 0 0 0 0 0 0
 0 0 0 0 0 0 0 0 0 0 0 0 0 0 0 0 0 0 0 0 0 0 0 0 0 0 0 0 0 0 0 0 0 0 0 0
ppred_pel_tallas
 1.04399e-16 9.65251e-06 5.65804e-05 0.000268807 0.00103467 0.00322629 0.0081499 0.0166797 0.0276633 0.0371962 0.0405959 0.0360916 0.0264537 0.0166874 0.0104365 0.00858974 0.0103279 0.0145884 0.0206556 0.0280351 0.0361863 0.0443987 0.0518335 0.0576663 0.0612603 0.0623019 0.0608561 0.0573188 0.0522952 0.0464438 0.0403429 0.0344131 0.0289032 0.0239231 0.0194973 0.0156127
 1.04738e-16 2.59793e-05 0.000152467 0.000724735 0.00279023 0.00870104 0.0219782 0.0449706 0.0745453 0.100117 0.108959 0.0961381 0.0688814 0.0403276 0.0198153 0.00915502 0.00554871 0.00569761 0.00759082 0.0103504 0.0136059 0.0171038 0.0205793 0.0237582 0.0263971 0.0283237 0.0294568 0.0298009 0.0294223 0.0284174 0.0268881 0.0249301 0.0226342 0.0200943 0.0174138 0.014705
 1.03781e-16 5.52962e-06 3.23572e-05 0.000153607 0.000591053 0.00184284 0.00465567 0.00953176 0.0158213 0.021312 0.0233618 0.0210113 0.0159229 0.011073 0.00870024 0.00949737 0.013175 0.0192433 0.0272819 0.0368084 0.047099 0.0571468 0.0657804 0.0718887 0.0746735 0.0738397 0.0696617 0.0628955 0.0545773 0.0457747 0.0373731 0.0299515 0.0237647 0.018805 0.0149058 0.0118413
 1.06524e-16 2.02978e-05 0.000119111 0.000566158 0.00217967 0.00679703 0.0171688 0.0351303 0.0582349 0.0782158 0.0851351 0.0751449 0.0539004 0.0316803 0.0158019 0.00771025 0.0052581 0.00591213 0.00814509 0.0113077 0.0151312 0.0194145 0.0239169 0.0283564 0.0324429 0.0359144 0.0385642 0.0402507 0.0408969 0.0404842 0.0390484 0.0366797 0.0335246 0.0297805 0.0256833 0.0214832
 1.01918e-16 3.40937e-05 0.000200108 0.000951231 0.00366231 0.0114206 0.0288475 0.0590255 0.0978405 0.131394 0.142976 0.126098 0.0902275 0.0525816 0.0253769 0.0109367 0.00552629 0.00475346 0.00592746 0.00786963 0.0101044 0.0123536 0.0143675 0.0159169 0.0168335 0.0170452 0.0165898 0.0155973 0.0142517 0.0127424 0.0112247 0.00979839 0.00850671 0.00735055 0.00630923 0.00535876
 1.01189e-16 1.82963e-05 0.000107328 0.000510067 0.00196358 0.00612308 0.0154669 0.0316508 0.0524777 0.0705153 0.076838 0.0680225 0.0492289 0.0298115 0.0164868 0.010697 0.0106317 0.0140653 0.0195524 0.0262621 0.0335146 0.0405374 0.0464699 0.0505053 0.0520716 0.0509696 0.0474214 0.0420058 0.0355099 0.0287449 0.0223856 0.0168768 0.0124156 0.00899467 0.00647693 0.00467096
 1.00702e-16 3.7411e-05 0.000219587 0.00104385 0.00401893 0.0125327 0.0316565 0.0647727 0.107365 0.144179 0.156871 0.138315 0.0988856 0.0574587 0.0274152 0.0112746 0.00490886 0.00347645 0.00402187 0.00527665 0.00677595 0.00829953 0.00967291 0.0107382 0.0113757 0.0115274 0.0112079 0.0104948 0.00950551 0.00836775 0.0071937 0.0060649 0.00502929 0.00410728 0.0033018 0.00260769
 1.00399e-16 2.86489e-05 0.000168125 0.000799147 0.00307669 0.0095943 0.0242346 0.0495887 0.0822038 0.110413 0.120192 0.106115 0.0761716 0.0448796 0.0225738 0.01129 0.00797115 0.00897821 0.0120408 0.0160704 0.0204678 0.0247127 0.0282656 0.030629 0.0314541 0.030625 0.0282882 0.0248119 0.0206932 0.0164424 0.012483 0.00909257 0.0063912 0.00436886 0.00293231 0.00195297
 1.00595e-16 3.17845e-05 0.000186542 0.000886722 0.0034139 0.0106459 0.0268908 0.0550227 0.0912082 0.122496 0.133316 0.117631 0.0842852 0.0493525 0.0242554 0.0111998 0.00674287 0.0068145 0.00890156 0.0118577 0.015143 0.018359 0.0211119 0.0230381 0.0238762 0.0235274 0.0220783 0.0197728 0.0169492 0.0139595 0.0111004 0.00857228 0.00647073 0.0048048 0.00352799 0.00256928
 1.00512e-16 3.22874e-05 0.000189495 0.000900762 0.00346796 0.0108145 0.0273166 0.055894 0.0926522 0.124435 0.135423 0.119486 0.0856034 0.0501024 0.0245829 0.0112814 0.00669609 0.00668864 0.00870428 0.01158 0.0147727 0.0178872 0.0205359 0.0223627 0.0231136 0.0226965 0.0212024 0.018878 0.0160619 0.0131048 0.0103008 0.00784616 0.00583155 0.00426036 0.00308015 0.00221434
 1.00794e-16 2.42601e-05 0.000142353 0.000676605 0.00260484 0.00812286 0.020518 0.0419847 0.0696025 0.0934988 0.10181 0.0899578 0.0647306 0.0384545 0.0199269 0.0109282 0.00892649 0.0108812 0.0148749 0.0199371 0.0254493 0.0308031 0.0353427 0.0384553 0.0397039 0.0389319 0.0363002 0.0322388 0.027337 0.0222044 0.0173513 0.0131176 0.00965927 0.00697969 0.00498478 0.00353819
 1.01407e-16 2.45725e-05 0.00014419 0.000685351 0.00263853 0.00822793 0.0207833 0.0425273 0.0705005 0.0947008 0.103107 0.0910769 0.0654768 0.0387796 0.0198798 0.0105618 0.00824433 0.00983995 0.0134162 0.0180236 0.0230952 0.0280953 0.0324467 0.0356033 0.037164 0.0369641 0.0351097 0.0319398 0.0279337 0.0235963 0.0193574 0.0155129 0.0122133 0.00948891 0.00729352 0.00554708
 1.00487e-16 3.57093e-05 0.000209592 0.00099632 0.00383591 0.011962 0.0302149 0.0618234 0.102478 0.137622 0.149751 0.13207 0.0944935 0.0550529 0.0265411 0.0113877 0.00567594 0.00479892 0.00593127 0.00783103 0.00999306 0.0121201 0.0139472 0.0152341 0.0158088 0.0156058 0.014681 0.0131935 0.0113638 0.0094214 0.00755954 0.00590814 0.00452896 0.00342755 0.0025738 0.00192225
 1.001e-16 3.769e-05 0.000221223 0.00105162 0.00404883 0.012626 0.0318921 0.0652549 0.108165 0.145256 0.15805 0.139369 0.0996734 0.0579845 0.0277925 0.0116458 0.00539341 0.00415974 0.00495792 0.00648581 0.00823523 0.0099328 0.0113488 0.0122808 0.0125883 0.0122256 0.0112537 0.00982327 0.00813739 0.00640419 0.00479628 0.00342657 0.0023435 0.00154215 0.000983277 0.000612982
 1.00078e-16 3.74947e-05 0.000220076 0.00104616 0.00402783 0.0125604 0.0317266 0.0649164 0.107604 0.144503 0.157232 0.138652 0.0991681 0.0577061 0.0276883 0.0116522 0.00547129 0.00429662 0.0051565 0.00675241 0.0085724 0.0103354 0.0118024 0.0127625 0.0130694 0.0126764 0.0116479 0.0101425 0.0083731 0.00655788 0.00487766 0.00345046 0.0023266 0.00150027 0.000929566 0.000557093
 1.0019e-16 3.25304e-05 0.000190921 0.000907537 0.00349404 0.0108958 0.0275221 0.0563144 0.0933494 0.125372 0.136446 0.120394 0.0862659 0.0505145 0.0248299 0.0114687 0.00690531 0.0069701 0.00908462 0.0120668 0.0153536 0.0185263 0.0211736 0.0229207 0.0235055 0.0228422 0.021043 0.0183877 0.0152532 0.0120265 0.00902877 0.00647056 0.00444289 0.00293771 0.00188325 0.00118034
 1.00484e-16 2.92721e-05 0.000171786 0.000816557 0.00314373 0.00980337 0.0247627 0.0506689 0.0839937 0.112814 0.122799 0.108399 0.0777732 0.0457472 0.0228699 0.0112087 0.00762806 0.0084027 0.0112159 0.0149727 0.0190941 0.0230949 0.0264758 0.0287751 0.0296649 0.0290299 0.0269944 0.0238865 0.0201539 0.0162596 0.0125907 0.00940456 0.00681811 0.0048321 0.0033725 0.00233273
 1.00594e-16 3.16708e-05 0.000185874 0.000883546 0.00340167 0.0106078 0.0267945 0.0548257 0.0908818 0.122058 0.13284 0.117214 0.0839917 0.0491915 0.0241966 0.0112065 0.00679278 0.00690077 0.00902603 0.012024 0.0153521 0.0186067 0.0213883 0.0233279 0.0241609 0.0237885 0.0222999 0.0199449 0.0170685 0.0140294 0.0111294 0.00857159 0.00645195 0.00477809 0.00350089 0.00254647
 1.00908e-16 2.47182e-05 0.000145043 0.000689401 0.00265412 0.00827652 0.0209061 0.0427787 0.070918 0.0952638 0.103726 0.0916372 0.0659093 0.0390952 0.0201498 0.0108771 0.00868752 0.0104771 0.0142938 0.0191614 0.0244747 0.0296496 0.0340583 0.0371134 0.0383941 0.0377457 0.0353157 0.0315084 0.0268801 0.0220078 0.017376 0.0133088 0.00995712 0.00732898 0.00534078 0.00386934
 1.01219e-16 2.83066e-05 0.00016612 0.000789623 0.00304003 0.00948 0.0239459 0.0489975 0.0812228 0.109092 0.118745 0.104817 0.0751947 0.044214 0.022074 0.0107732 0.00728049 0.00799818 0.010696 0.0143314 0.0183663 0.0223562 0.0258401 0.0283845 0.0296703 0.0295643 0.0281474 0.0256839 0.0225494 0.0191401 0.0157939 0.0127443 0.0101108 0.00791968 0.00613761 0.00470508
 1.01083e-16 2.86979e-05 0.000168417 0.000800542 0.00308207 0.0096111 0.024277 0.0496751 0.0823459 0.1106 0.120387 0.106265 0.0762324 0.0448211 0.0223711 0.010907 0.00735408 0.00806209 0.0107665 0.014406 0.0184313 0.022388 0.0258075 0.028252 0.0294035 0.029137 0.0275475 0.0249179 0.0216436 0.0181374 0.0147479 0.0117113 0.00914225 0.00705584 0.00540392 0.00411147
 1.01415e-16 2.42133e-05 0.000142081 0.000675319 0.0025999 0.00810745 0.0204791 0.0419048 0.0694691 0.093317 0.101605 0.0897607 0.0645538 0.0382794 0.0197087 0.0106077 0.00844042 0.0101688 0.0138868 0.0186486 0.0238754 0.0290112 0.0334559 0.0366434 0.0381612 0.0378457 0.0358168 0.0324379 0.0282172 0.0236871 0.0192976 0.0153547 0.0120087 0.00928154 0.00711414 0.00541232
 1.01404e-16 2.88125e-05 0.000169091 0.000803754 0.00309444 0.00964969 0.0243745 0.0498743 0.0826756 0.111041 0.120861 0.106672 0.0764972 0.0449229 0.0223227 0.0107208 0.00702265 0.0075603 0.0100649 0.0134869 0.0173023 0.0210921 0.0244261 0.0268984 0.0282084 0.0282269 0.027022 0.0248318 0.0219981 0.0188823 0.0157937 0.0129468 0.0104536 0.00834231 0.00658826 0.00514412
 1.00986e-16 2.95128e-05 0.000173202 0.000823293 0.00316967 0.00988429 0.0249671 0.0510868 0.0846856 0.113741 0.1238 0.109267 0.07836 0.0460205 0.0228741 0.0109934 0.00720678 0.00775308 0.0103017 0.013768 0.0176037 0.0213674 0.024609 0.0269089 0.0279643 0.0276583 0.0260861 0.0235236 0.0203541 0.0169768 0.013728 0.0108339 0.00840259 0.006445 0.00491056 0.00372276
 1.01951e-16 1.46239e-05 8.57644e-05 0.000407546 0.00156884 0.00489209 0.0123576 0.0252891 0.041934 0.0563604 0.0614475 0.0544777 0.0396003 0.0243284 0.014082 0.0100781 0.0109361 0.0149281 0.0209122 0.0281805 0.0360776 0.0438112 0.05048 0.0552275 0.0574311 0.0568476 0.0536663 0.0484464 0.0419675 0.0350444 0.0283649 0.0223953 0.0173618 0.0132934 0.0100934 0.00761083
 1.04644e-16 1.7118e-05 0.000100427 0.000477296 0.00183747 0.00572984 0.0144734 0.0296166 0.0491009 0.0659659 0.0718489 0.0635306 0.0458154 0.0274222 0.0145921 0.00862754 0.00779821 0.0100176 0.0139845 0.0190474 0.0247731 0.0306982 0.0362857 0.0409934 0.0443764 0.0461734 0.046345 0.0450524 0.0425917 0.0393085 0.0355252 0.0314992 0.0274164 0.0234067 0.019568 0.0159834
 1.05375e-16 1.30027e-05 7.62555e-05 0.000362359 0.00139489 0.00434965 0.0109873 0.0224847 0.0372833 0.050108 0.0546263 0.0484195 0.0351737 0.0215647 0.012407 0.00878015 0.00945926 0.0129206 0.0181763 0.0246425 0.0317985 0.0390121 0.04555 0.0506978 0.0539097 0.054926 0.0538183 0.050944 0.0468341 0.0420542 0.0370868 0.0322656 0.0277689 0.0236554 0.019918 0.0165309
pSPR Fmed_Fpbrs
0.516315   0.6 0.325
Fs Fmed_Fpbrs
0.66   0.459405 1.62571
SSBpbr Bo_Bmed_Bpbrs
477694  222756  262732 131366
Ro
21590.3
SPR SPRFo_SPRFmed_SPRFpbrs
447270 230932 145363
log_Ro
9.8
likeval ReclasPelacesDesembMPH_pf_preclas_ppelaces_ptallas_desvR_qrecl_qpela
 75.7049 14.1524 0.205021 0.000518099 374.889 214.032 63.4819 0 29.6011 0.000105959 0.000382578 1.84663e-14 0 0 0
q_reclas_q_pelaces
4.30015 16.1633
M
0.7
N
 15619.4 19221.2 6338.7 834.018 0.141896
 44007.9 7448.68 6584.11 1859.99 242.818
 3500.74 20519.4 2075.31 1441.8 454.748
 7095.62 1513.65 2861.34 170.461 151.532
 38075.9 3278.52 387.991 556.776 61.7527
 15089.6 18558.6 1372.08 151.203 240.155
 64294 6557.83 2711.94 120.427 33.4351
 57496.6 28330.6 1087.81 284.857 15.7807
 67282.4 24920.5 4038.96 92.1952 24.802
 114181 28545.4 2920.4 259.311 7.2794
 66375.2 51085.6 5445.87 373.972 33.4403
 46662.1 28448.6 6572.5 399.084 28.9962
 56664.7 20274.9 4149.27 575.318 36.4919
 29154.7 22331.6 1207.87 102.155 14.3879
 12383.9 9948.78 354.97 4.57513 0.409715
 9475.88 4225.9 158.14 1.34454 0.0175266
 7059.36 3922.38 395.002 7.36995 0.0612307
 9164.35 2961.23 414.207 21.8822 0.398146
 7951.21 3978.41 428.397 35.8414 1.87728
 9464.58 3597.69 841.499 63.4936 5.48822
 16080.7 4172.09 598.898 88.8335 7.11197
 18120.9 7502.46 1168.89 132.186 20.916
 29623.5 8404.13 1990.3 238.793 30.855
 47437.1 13462 1849.72 312.082 41.5426
 21815.4 21618 3040.59 300.866 56.5455
 19354.5 10191.8 6132.54 683.042 79.32
 7522.39 8999.53 2768.68 1295.66 158.979
pred_Ctot
 446.668 4380.26 1921.75 255.884 0.0435537
 1939.34 2430.04 2772.22 791.33 103.345
 328.112 11383.9 1371.35 959.069 302.565
 356.383 546.832 1319.03 79.3577 70.5707
 506.433 374.405 60.8974 88.5814 9.8295
 1365.16 10079.1 891.541 98.9212 157.154
 5245.11 3338.64 1673.14 74.8501 20.7869
 5300.59 15562.4 713.229 188.027 10.419
 7111.3 14817.2 2816.05 64.663 17.3991
 8180.61 13339 1679.16 150.312 4.22082
 6590.59 29318 3695.03 255.342 22.8377
 4227.73 15464 4273.67 261.273 18.988
 8522.87 14334.9 3282.31 456.918 28.9861
 6701.7 18262.3 1052.24 89.1842 12.562
 2846.65 8135.9 309.232 3.99423 0.357721
 1146.21 2699.46 116.349 0.994336 0.0129639
 796.042 2415.82 282.845 5.30675 0.0440981
 835.515 1615.76 270.14 14.3684 0.261497
 510.716 1723.39 231.107 19.5039 1.02188
 769.759 1828.02 518.338 39.4017 3.40669
 702.012 1350.97 250.482 37.5436 3.00686
 864.264 2604.35 520.159 59.4185 9.40536
 1817.52 3523.34 1044.17 126.399 16.3376
 2821.38 5518.27 951.87 162.06 21.5796
 932.204 6881.88 1252.39 125.235 23.5459
 889.16 3435.9 2658.93 299.197 34.7579
 511.496 4057.23 1544.85 729.039 89.481
F
 0.0404795 0.371352 0.526105 0.534114 0.534407
 0.0629974 0.577927 0.818765 0.831231 0.831686
 0.138446 1.27008 1.79936 1.82675 1.82776
 0.0720856 0.661301 0.936883 0.951147 0.951668
 0.0186474 0.171068 0.242357 0.246047 0.246181
 0.133343 1.22327 1.73304 1.75942 1.76039
 0.119524 1.09649 1.55343 1.57708 1.57795
 0.136034 1.24796 1.76801 1.79493 1.79591
 0.157401 1.44397 2.04571 2.07686 2.078
 0.104279 0.956639 1.3553 1.37593 1.37668
 0.147224 1.35061 1.91344 1.94257 1.94364
 0.13355 1.22517 1.73573 1.76215 1.76312
 0.231149 2.12052 3.0042 3.04994 3.05161
 0.375168 3.44172 4.87598 4.95022 4.95293
 0.375168 3.44172 4.87598 4.95022 4.95293
 0.18205 1.6701 2.36607 2.40209 2.40341
 0.168751 1.54809 2.19322 2.22661 2.22783
 0.134438 1.23331 1.74726 1.77386 1.77484
 0.0930313 0.853454 1.20911 1.22752 1.22819
 0.119139 1.09296 1.54842 1.572 1.57286
 0.0623911 0.572365 0.810885 0.82323 0.823681
 0.0683408 0.626947 0.888212 0.901735 0.90223
 0.0886967 0.813688 1.15277 1.17032 1.17097
 0.0858768 0.787819 1.11612 1.13312 1.13374
 0.0610343 0.559918 0.793251 0.805328 0.805769
 0.0657536 0.603212 0.854587 0.867598 0.868073
 0.0987289 0.905722 1.28316 1.3027 1.30341
Np
 13929.1 6680.45 1221.31 570.748 157.063
YTP_r0W_actual
 4143.12 98590.8 50671.2 29307.4 4089.28
YTP_p0W_proyectada
 2952.16 15581.7 15716.3 4195.1 2509.67
 2952.16 30757.4 10624.6 6283.33 1986.15
CTP_r0_actual
 511.496 4057.23 1544.85 729.039 89.481
CTP_p0_proyectada
 343.275 677.467 485.071 103.583 53.9715
 343.275 1337.28 327.921 155.144 42.713
Wmedp
 8.6 23 32.4 40.5 46.5
nmprior
 10.8 10.6 4.6 0
nm_flota  nm_reclas  nm_pelaces    nm_pelaL
inf 20.7915 13.3334 48.6868
cv_recla  cv_pelaces  cv_mph
0.753516 0.399017 0.608334
 ------------------------------------------------
Talla a la edad & desviaci?n 
 7.2 14.2025 17.0495 18.207 18.6776
 1.08 2.13037 2.55742 2.73105 2.80164
