years
 1997 1998 1999 2000 2001 2002 2003 2004 2005 2006 2007 2008 2009 2010 2011 2012 2013 2014 2015 2016 2017 2018 2019 2020 2021 2022 2023
reclasobs
 0 0 0 370054 412103 1.49427e+06 250295 1.28982e+06 931140 785840 897777 1.04006e+06 184774 17550 25797 100020 73551 82996 120727 218422 84188 347160 605670 569463 516374 1.08416e+06 1.01767e+06
reclaspred
 453387 121646 335541 232869 362659 457009 995423 679483 761132 753774 626890 423940 256030 105345 65398.2 66306.9 80147.7 109560 122128 168748 252210 237974 405505 537396 723527 711406 685535
pelacesobs
 0 0 0 0 0 0 0 0 0 2.06254e+06 1.5e+06 0 1.87456e+06 323000 250000 174000 83755 137374 0 501740 490994 745055 786931 1.00524e+06 1.33801e+06 1.41789e+06 1.42762e+06
pelacespred
 1.95004e+06 378548 707670 725075 1.01149e+06 926874 2.64573e+06 2.06308e+06 2.16246e+06 2.11183e+06 1.46961e+06 1.02604e+06 648271 211960 144444 148682 185969 264360 283887 401931 689284 592696 834791 1.28079e+06 1.63594e+06 1.72416e+06 1.65352e+06
mphobs
 0 0 0 0 0 112323 0 153150 637223 0 255016 313432 73983 77613 109348 50772 17779 17303 59886 28197 0 207744 136588 643089 65757 70829 0
mphpred
 135316 77506.5 90625.4 94449.8 106993 176490 256381 316590 271686 285687 285688 195267 118698 62090.4 26885.7 23059.6 26741.1 35135.4 44900.6 52599.8 79572.8 96754.2 120231 169866 256146 283735 266175
desembarqueobs
 350755 77701 442110 56441 14545 235359 269955 359681 431902 328805 639364 411747 362871 311530 167758 66681 60226 58785 57116 73181 50977 67692 138656 160484 209506 203330 187013
desembarquepred
 350766 77703.6 442141 56445.1 14545.3 235447 270024 359710 431983 328838 639463 411893 363061 311762 167647 66683.1 60255.3 58784.7 57106.3 73181.5 50979.8 67685 138664 160500 209504 203321 187011
Reclutas
 38852.7 46755.9 25729 37469.4 65416.2 47908 84679.9 80745.2 104124 115188 63386.6 43027.4 46787.8 24832.5 15389.5 14371.2 10488.9 12705.7 14219.3 22701.9 29253.6 37072.9 59319.1 83889 45878 52383.4 65319.9
log_desv_Rt
 -0.0124662 0.172697 -0.424625 -0.0487196 0.508525 0.197038 0.766633 0.719053 0.973334 1.07432 0.477007 0.0895928 0.173378 -0.460089 -0.938561 -1.00702 -1.32193 -1.1302 -1.01764 -0.549794 -0.296243 -0.059359 0.410686 0.75725 0.153741 0.286345 0.507052
SSB
 448195 256717 300169 312836 354383 584571 849186 1.04861e+06 899879 946251 946257 646764 393151 205656 89051 76378.1 88572 116375 148720 174221 263561 320469 398229 562631 848405 939788 881624
BT
 1.61191e+06 390999 721452 554092 700346 819346 1.98608e+06 1.81489e+06 1.86719e+06 1.75421e+06 1.57396e+06 1.07272e+06 790093 430615 233607 155340 175376 227271 242134 333431 511525 468451 666560 1.00634e+06 1.27739e+06 1.35178e+06 1.29287e+06
Ftot
 0.990642 0.849475 1.3692 0.275388 0.0495644 0.476286 0.295885 0.582494 0.656093 0.497333 0.963736 0.875997 1.46109 2.89185 3.23882 1.27155 0.903688 0.616408 0.489937 0.498973 0.23107 0.285113 0.345674 0.338179 0.274075 0.249924 0.251594
BD_Bspro_t
 0.910605 0.648478 0.583406 0.415808 0.573446 0.740538 0.693678 0.711108 0.645933 0.613685 0.584294 0.419161 0.308195 0.210398 0.115375 0.12092 0.183793 0.295606 0.406087 0.50495 0.632992 0.733724 0.741902 0.749012 0.771576 0.737017 0.716351
BD_Bspro
 0.549947 0.314998 0.368315 0.383858 0.434837 0.717283 1.04197 1.28667 1.10417 1.16107 1.16108 0.793596 0.482406 0.252345 0.109268 0.0937178 0.10868 0.142796 0.182483 0.213773 0.323396 0.393224 0.488636 0.690362 1.04101 1.15314 1.08177
BD_Bo
 0.424389 0.243082 0.284226 0.29622 0.33556 0.553521 0.804082 0.992914 0.852082 0.895992 0.895997 0.612412 0.372269 0.194732 0.084321 0.0723213 0.0838675 0.110194 0.140821 0.164967 0.249562 0.303448 0.377077 0.532747 0.803342 0.889871 0.834797
BD_Brms
 0.771617 0.441966 0.516774 0.538582 0.610109 1.0064 1.46197 1.8053 1.54924 1.62908 1.62908 1.11348 0.676852 0.354059 0.153311 0.131493 0.152486 0.200353 0.256038 0.29994 0.453749 0.551723 0.685594 0.968631 1.46062 1.61795 1.51781
S_f
 0.103462 0.686779 0.976559 0.998738 0.999934
 0.103462 0.686779 0.976559 0.998738 0.999934
 0.103462 0.686779 0.976559 0.998738 0.999934
 0.103462 0.686779 0.976559 0.998738 0.999934
 0.103462 0.686779 0.976559 0.998738 0.999934
 0.103462 0.686779 0.976559 0.998738 0.999934
 0.103462 0.686779 0.976559 0.998738 0.999934
 0.103462 0.686779 0.976559 0.998738 0.999934
 0.103462 0.686779 0.976559 0.998738 0.999934
 0.103462 0.686779 0.976559 0.998738 0.999934
 0.103462 0.686779 0.976559 0.998738 0.999934
 0.103462 0.686779 0.976559 0.998738 0.999934
 0.103462 0.686779 0.976559 0.998738 0.999934
 0.103462 0.686779 0.976559 0.998738 0.999934
 0.103462 0.686779 0.976559 0.998738 0.999934
 0.103462 0.686779 0.976559 0.998738 0.999934
 0.103462 0.686779 0.976559 0.998738 0.999934
 0.103462 0.686779 0.976559 0.998738 0.999934
 0.103462 0.686779 0.976559 0.998738 0.999934
 0.103462 0.686779 0.976559 0.998738 0.999934
 0.103462 0.686779 0.976559 0.998738 0.999934
 0.103462 0.686779 0.976559 0.998738 0.999934
 0.103462 0.686779 0.976559 0.998738 0.999934
 0.103462 0.686779 0.976559 0.998738 0.999934
 0.103462 0.686779 0.976559 0.998738 0.999934
 0.103462 0.686779 0.976559 0.998738 0.999934
 0.103462 0.686779 0.976559 0.998738 0.999934
Scru_reclas
 0.669662 0.938933 0.991498 0.998871 0.999851
 0.669662 0.938933 0.991498 0.998871 0.999851
 0.669662 0.938933 0.991498 0.998871 0.999851
 0.669662 0.938933 0.991498 0.998871 0.999851
 0.669662 0.938933 0.991498 0.998871 0.999851
 0.669662 0.938933 0.991498 0.998871 0.999851
 0.669662 0.938933 0.991498 0.998871 0.999851
 0.669662 0.938933 0.991498 0.998871 0.999851
 0.669662 0.938933 0.991498 0.998871 0.999851
 0.669662 0.938933 0.991498 0.998871 0.999851
 0.669662 0.938933 0.991498 0.998871 0.999851
 0.669662 0.938933 0.991498 0.998871 0.999851
 0.669662 0.938933 0.991498 0.998871 0.999851
 0.669662 0.938933 0.991498 0.998871 0.999851
 0.669662 0.938933 0.991498 0.998871 0.999851
 0.669662 0.938933 0.991498 0.998871 0.999851
 0.669662 0.938933 0.991498 0.998871 0.999851
 0.669662 0.938933 0.991498 0.998871 0.999851
 0.669662 0.938933 0.991498 0.998871 0.999851
 0.669662 0.938933 0.991498 0.998871 0.999851
 0.669662 0.938933 0.991498 0.998871 0.999851
 0.669662 0.938933 0.991498 0.998871 0.999851
 0.669662 0.938933 0.991498 0.998871 0.999851
 0.669662 0.938933 0.991498 0.998871 0.999851
 0.669662 0.938933 0.991498 0.998871 0.999851
 0.669662 0.938933 0.991498 0.998871 0.999851
 0.669662 0.938933 0.991498 0.998871 0.999851
Scru_pelaces
 1 1 1 1 1
 1 1 1 1 1
 1 1 1 1 1
 1 1 1 1 1
 1 1 1 1 1
 1 1 1 1 1
 1 1 1 1 1
 1 1 1 1 1
 1 1 1 1 1
 1 1 1 1 1
 1 1 1 1 1
 1 1 1 1 1
 1 1 1 1 1
 1 1 1 1 1
 1 1 1 1 1
 1 1 1 1 1
 1 1 1 1 1
 1 1 1 1 1
 1 1 1 1 1
 1 1 1 1 1
 1 1 1 1 1
 1 1 1 1 1
 1 1 1 1 1
 1 1 1 1 1
 1 1 1 1 1
 1 1 1 1 1
 1 1 1 1 1
pf_obs 
 0.256992 0.487395 0.22802 0.0275931 0
 0.321318 0.546541 0.124235 0.00734118 0.000564706
 0.182869 0.594174 0.210203 0.0122559 0.00049798
 0.330522 0.361315 0.267642 0.0388342 0.00168674
 0.649043 0.306663 0.0425973 0.00169635 0
 0.582887 0.30429 0.105238 0.00758474 0
 0.465427 0.430635 0.0974691 0.00646863 0
 0.296916 0.608066 0.0921331 0.00288517 0
 0.311714 0.524322 0.152257 0.0117073 0
 0.15457 0.633149 0.183074 0.0267441 0.00246327
 0.131901 0.49318 0.331252 0.0422183 0.00144891
 0.196976 0.569456 0.194076 0.0375587 0.00193317
 0.518974 0.381816 0.0799577 0.0180837 0.00116848
 0.0928022 0.601141 0.25162 0.0475244 0.00691264
 0.122501 0.610282 0.24278 0.0234846 0.000952079
 0.383417 0.481906 0.127806 0.00687128 0
 0.0376549 0.599619 0.316969 0.0457579 0
 0.0361596 0.667082 0.258105 0.0386534 0
 0.158088 0.579412 0.248529 0.0139706 0
 0.0477256 0.309471 0.559284 0.082774 0.000745712
 0.0406174 0.521527 0.379366 0.0568643 0.0016247
 0.151134 0.462217 0.34131 0.0453401 0
 0.294876 0.26143 0.354403 0.0886775 0.000613685
 0.281977 0.475581 0.204845 0.0348837 0.00271318
 0.0841818 0.532909 0.334909 0.0458182 0.00218182
 0.115287 0.27431 0.454777 0.147771 0.00785563
 0.0989387 0.350907 0.424855 0.114687 0.0106128
pf_pred 
 0.323263 0.463229 0.19086 0.022634 1.45765e-05
 0.28395 0.571448 0.113476 0.0279275 0.00319824
 0.159299 0.635264 0.178057 0.0216416 0.00573915
 0.254038 0.465503 0.237955 0.0370414 0.0054622
 0.268604 0.486663 0.173311 0.0608259 0.0105964
 0.144474 0.574585 0.207343 0.0524568 0.0211411
 0.239668 0.394853 0.276679 0.0660164 0.0227828
 0.188154 0.546263 0.163292 0.0779187 0.0243729
 0.23143 0.474044 0.224683 0.0434321 0.0264098
 0.217529 0.535181 0.177402 0.0537044 0.0161843
 0.127064 0.573572 0.23021 0.050009 0.0191454
 0.133451 0.474595 0.299013 0.0720548 0.0208862
 0.226446 0.447134 0.217813 0.0835236 0.0250831
 0.210752 0.617371 0.123955 0.0324451 0.0154774
 0.292064 0.598296 0.0992023 0.0076751 0.00276287
 0.322951 0.605015 0.0676542 0.00399076 0.000388481
 0.20098 0.63992 0.149111 0.00940484 0.000584735
 0.234135 0.498469 0.232314 0.0329484 0.00213306
 0.217596 0.532309 0.186104 0.0558112 0.00817983
 0.271463 0.470612 0.197316 0.045424 0.0151848
 0.235748 0.540124 0.164952 0.0455693 0.0136057
 0.212932 0.503193 0.220982 0.0465873 0.0163055
 0.252886 0.46372 0.20484 0.0614929 0.0170612
 0.247232 0.510668 0.171649 0.0512912 0.0191605
 0.109056 0.592236 0.226485 0.0515938 0.0206292
 0.137348 0.361795 0.372762 0.0977138 0.030381
 0.172791 0.417639 0.210375 0.14919 0.0500055
pobs_RECLAS
 0 0 0 0 0
 0 0 0 0 0
 0 0 0 0 0
 0 0 0 0 0
 0.835266 0.146461 0.0176864 0.000547809 3.91292e-05
 0.385257 0.428462 0.181853 0.0044286 0
 0.867414 0.0963971 0.0333333 0.00285562 0
 0.441836 0.489002 0.0689373 0.000224442 0
 0.779404 0.147425 0.0564933 0.0165055 0.000172143
 0.814271 0.122319 0.05973 0.00367925 0
 0.40263 0.566651 0.0304383 0.000280538 0
 0.475488 0.404961 0.113038 0.00651328 0
 0.955842 0.0263864 0.0167828 0.000988607 0
 0.975058 0.0227948 0.00214734 0 0
 0.738997 0.206755 0.0527124 0.00153531 0
 0.850938 0.134255 0.0134407 0.00136685 0
 0.542534 0.407297 0.0501686 0 0
 0.764087 0.199537 0.0359546 0.000420521 0
 0.470689 0.182191 0.310203 0.0369168 0
 0.84361 0.089868 0.0606195 0.00523954 0.000663233
 0.607945 0.314616 0.071237 0.00620181 0
 0.523733 0.453247 0.0230204 0 0
 0.530135 0.295979 0.169645 0.0042399 0
 0.562478 0.366248 0.0663022 0.0049721 0
 0.250443 0.683176 0.0655157 0.000865301 0
 0.195077 0.31981 0.436473 0.0351445 0.0134964
 0.565238 0.351407 0.0832357 0.000118908 0
ppred_RECLAS
 0.723419 0.207978 0.061442 0.00715649 4.60712e-06
 0.674845 0.275074 0.0394477 0.00954119 0.00109228
 0.512018 0.397989 0.0782057 0.009318 0.00246986
 0.64399 0.246601 0.093046 0.0142608 0.00210241
 0.656181 0.25069 0.0662412 0.0228995 0.00398841
 0.472328 0.38881 0.102915 0.0256224 0.0103235
 0.633731 0.217985 0.112681 0.0264702 0.00913288
 0.552959 0.330409 0.0721639 0.0338751 0.0105931
 0.621471 0.260906 0.0900855 0.0171265 0.010411
 0.595177 0.302752 0.0735577 0.0219119 0.00660153
 0.445244 0.403982 0.116424 0.0248432 0.00950744
 0.466071 0.335131 0.152287 0.0360613 0.0104493
 0.63498 0.242502 0.0823109 0.0309248 0.00928237
 0.637911 0.309524 0.0382373 0.0097034 0.00462386
 0.735853 0.238328 0.0234362 0.00175255 0.000630097
 0.71483 0.263097 0.0207548 0.00120078 0.000116837
 0.568978 0.365621 0.0613616 0.00380272 0.000236346
 0.62183 0.271952 0.0924811 0.0129017 0.000835002
 0.595393 0.301259 0.0772205 0.022788 0.00333896
 0.665856 0.238645 0.0733349 0.0166123 0.00555182
 0.61493 0.294981 0.0665734 0.0181096 0.00540575
 0.588783 0.290639 0.094187 0.0195499 0.00684078
 0.643835 0.245931 0.0800248 0.0236492 0.00655982
 0.632877 0.272404 0.0674629 0.0198452 0.0074116
 0.391257 0.444043 0.125347 0.0281143 0.0112385
 0.473406 0.260883 0.198538 0.0512442 0.0159289
 0.535015 0.270514 0.100645 0.0702767 0.0235497
pobs_PELACES
 0 0 0 0 0
 0 0 0 0 0
 0 0 0 0 0
 0 0 0 0 0
 0 0 0 0 0
 0 0 0 0 0
 0 0 0 0 0
 0 0 0 0 0
 0 0 0 0 0
 0 0 0 0 0
 0.450072 0.473896 0.0757376 0.000293798 0
 0 0 0 0 0
 0.463077 0.371075 0.160297 0.00555027 0
 0.529543 0.364841 0.0842815 0.0213345 0
 0.631943 0.363953 0.00410389 0 0
 0.735681 0.248677 0.0153453 0.000297389 0
 0.695825 0.281241 0.0229344 0 0
 0.275771 0.60734 0.115278 0.00161068 0
 0 0 0 0 0
 0.896147 0.0623911 0.0374545 0.00400742 0
 0.803859 0.145111 0.0509908 3.86294e-05 0
 0.739449 0.233085 0.0266225 0.000797448 4.60066e-05
 0.878498 0.100942 0.0204185 0.000141795 0
 0.694673 0.275183 0.0284847 0.00165964 0
 0.469039 0.446079 0.0841089 0.000773354 0
 0.822795 0.102175 0.0682046 0.00682512 0
 0.69333 0.244118 0.0624202 0.000131731 0
ppred_PELACES
 0.821343 0.139173 0.0354164 0.00406512 2.61341e-06
 0.777613 0.191962 0.0240353 0.00573473 0.000655651
 0.664115 0.282869 0.0461777 0.00540688 0.00143099
 0.732681 0.18977 0.0660447 0.0100274 0.0014767
 0.733044 0.197843 0.0492716 0.0169012 0.00294075
 0.585387 0.313574 0.0751009 0.018495 0.00744311
 0.726469 0.168354 0.0801128 0.0186402 0.00642428
 0.666282 0.25383 0.0496548 0.0230384 0.00719562
 0.730248 0.19271 0.0591795 0.0111143 0.0067479
 0.699435 0.230585 0.0505897 0.0149044 0.00448507
 0.584717 0.314314 0.0782279 0.0164531 0.00628798
 0.603736 0.261576 0.103516 0.024176 0.00699606
 0.774815 0.159304 0.044528 0.0164293 0.00492375
 0.818106 0.162259 0.0143961 0.00355035 0.00168823
 0.882513 0.109285 0.00746632 0.000541226 0.000194149
 0.819703 0.168458 0.0111436 0.000634034 6.1601e-05
 0.692081 0.266542 0.0388547 0.00237439 0.000147375
 0.728085 0.201694 0.0612345 0.00844135 0.00054566
 0.699343 0.229662 0.0531958 0.0155266 0.00227233
 0.759944 0.176466 0.0489598 0.0109687 0.00366142
 0.704427 0.230519 0.0481904 0.0129902 0.00387345
 0.684745 0.228199 0.0681478 0.0140114 0.00489742
 0.735683 0.187522 0.055905 0.0163578 0.00453227
 0.725127 0.208573 0.0473596 0.0137945 0.0051461
 0.492621 0.378254 0.0984997 0.0218856 0.00873907
 0.579212 0.216959 0.152665 0.0390416 0.0121227
 0.636595 0.218713 0.0752264 0.0520443 0.0174212
pobs_pel_tallas
 0 0 0 0 0 0 0 0 0 0 0 0 0 0 0 0 0 0 0 0 0 0 0 0 0 0 0 0 0 0 0 0 0 0 0 0
 0 0 0 0 0 0 0 0 0 0 0 0 0 0 0 0 0 0 0 0 0 0 0 0 0 0 0 0 0 0 0 0 0 0 0 0
 0 0 0 0 0 0 0 0 0 0 0 0 0 0 0 0 0 0 0 0 0 0 0 0 0 0 0 0 0 0 0 0 0 0 0 0
 0 0 0 0 0 0 0 0 0 0 0 0 0 0 0 0 0 0 0 0 0 0 0 0 0 0 0 0 0 0 0 0 0 0 0 0
 0 0 0 0 0 0 0 0 0 0 0 0 0 0 0 0 0 0 0 0 0 0 0 0 0 0 0 0 0 0 0 0 0 0 0 0
 0 0 0 0 0 0 0 0 0 0 0 0 0 0 0 0 0 0 0 0 0 0 0 0 0 0 0 0 0 0 0 0 0 0 0 0
 0 0 0 0 0 0 0 0 0 0 0 0 0 0 0 0 0 0 0 0 0 0 0 0 0 0 0 0 0 0 0 0 0 0 0 0
 0 0 0 0 0 0 0 0 0 0 0 0 0 0 0 0 0 0 0 0 0 0 0 0 0 0 0 0 0 0 0 0 0 0 0 0
 0 0 0 0 0 0 0 0 0 0 0 0 0 0 0 0 0 0 0 0 0 0 0 0 0 0 0 0 0 0 0 0 0 0 0 0
 0 0 0 0 0 0 0 0 0 0 0 0 0 0 0 0 0 0 0 0 0 0 0 0 0 0 0 0 0 0 0 0 0 0 0 0
 0 0 0 0 0 0 0 0 1.78061e-05 0.00172719 0.00360574 0.0105946 0.0120993 0.0124554 0.0147524 0.0171206 0.0266825 0.0428682 0.0675386 0.121331 0.153587 0.119568 0.100827 0.0573624 0.0630603 0.0341343 0.0324427 0.0444173 0.0211091 0.0280891 0.0125444 0.00206551 0 0 0 0
 0 0 0 0 0 0 0 0 0 0 0 0 0 0 0 0 0 0 0 0 0 0 0 0 0 0 0 0 0 0 0 0 0 0 0 0
 0 0 0 0 0 0 0.0133647 0.0140871 0.0187388 0.0205184 0.03894 0.0496705 0.03968 0.0493445 0.0407372 0.0367815 0.0215668 0.0243155 0.0234873 0.0199281 0.019796 0.0243948 0.0301388 0.0376714 0.0412746 0.0863199 0.0771752 0.113111 0.0741005 0.0525337 0.0229764 0.00759418 0.00175318 0 0 0
 0 0 0 0 0 0 0 0 0 0 0.00219441 0.00772107 0.0458388 0.0604681 0.0671733 0.0775358 0.0609151 0.0617685 0.073594 0.0568108 0.0755445 0.0548602 0.0670107 0.0636378 0.0643287 0.046367 0.0373049 0.0286899 0.0247887 0.0153202 0.00654259 0.00121912 0.000365735 0 0 0
 0 0 0 0 0 0 0 0 0 0 0 0 0.000112435 0.00938835 0.0111873 0.0202946 0.0414886 0.0713402 0.111592 0.104902 0.108894 0.110636 0.117776 0.105296 0.107544 0.0401394 0.0192827 0.0124803 0.00416011 0.0028671 0.000618394 0 0 0 0 0
 0 0 0 0 0 0 0 0 0 0 0.00291406 0.0102884 0.027416 0.0768956 0.0749926 0.110853 0.0956884 0.0897413 0.0766577 0.0534642 0.0500743 0.0551293 0.0594112 0.0620874 0.0668451 0.0424026 0.0208742 0.0120726 0.0048766 0.00582813 0.00118941 0.000297354 0 0 0 0
 0 0.00264628 0.0354308 0.0461629 0.0458689 0.0383711 0.0214643 0.0164657 0.0346957 0.0420465 0.0363128 0.0245516 0.0311673 0.0291091 0.0169068 0.0133784 0.00837989 0.0085269 0.0148486 0.0160247 0.0276389 0.0546898 0.0760071 0.122758 0.109233 0.0665981 0.0333725 0.0166128 0.00676272 0.00308733 0.000882094 0 0 0 0 0
 0 0 0 0 0 0 0 0.000805153 0.000690131 0.00759144 0.0133425 0.0154129 0.00931677 0.000345066 0.00356568 0.00563607 0.00851162 0.0253048 0.0502646 0.0516448 0.0657925 0.0565908 0.0611916 0.0827007 0.0866115 0.110766 0.145733 0.0935128 0.0569358 0.0249597 0.0138026 0.00621118 0.00161031 0.00115022 0 0
 0 0 0 0 0 0 0 0 0 0 0 0 0 0 0 0 0 0 0 0 0 0 0 0 0 0 0 0 0 0 0 0 0 0 0 0
 0.00147267 0.00158595 0.00478618 0.00569244 0.00954404 0.0108468 0.00647125 0.017049 0.0510054 0.094081 0.124002 0.0959785 0.0687766 0.0820023 0.061753 0.0591476 0.0492212 0.0479892 0.0443925 0.0268479 0.0217502 0.0140895 0.0121071 0.0120363 0.00920419 0.00665534 0.0049561 0.00860946 0.00930331 0.0156896 0.0114698 0.00855282 0.00243557 0.00046729 0 2.83206e-05
 0 0 0 0 0.000772559 0.00158375 0.000888443 0.00281984 0.00712685 0.0440552 0.0773331 0.111326 0.0921469 0.0852325 0.0710754 0.0886704 0.0786465 0.0553345 0.0373146 0.0185414 0.00753245 0.00457741 0.012979 0.0271748 0.0457355 0.0583668 0.034881 0.0177882 0.00938659 0.00492506 0.0015258 0.00185414 0.000309023 5.79419e-05 3.86279e-05 0
 0 0.00173294 0.00326652 0 0.00397197 0.00683976 0.00946217 0.0152591 0.00757587 0.0136028 0.0228656 0.0392903 0.0559909 0.0764795 0.0681675 0.0726916 0.0566044 0.0477403 0.0527397 0.0444891 0.0609904 0.0582453 0.0661739 0.0445044 0.0529084 0.0360697 0.0280645 0.0235558 0.0158879 0.00826598 0.00280645 0.00217768 0.000904811 0.00058276 9.20147e-05 0
 0 0 0 0 0 0 0 0 0 0 0 0 0 0 0 0 0 0 0 0 0 0 0 0 0 0 0 0 0 0 0 0 0 0 0 0
 0 0 0 0 0 0 0 0 0 0 0 0 0 0 0 0 0 0 0 0 0 0 0 0 0 0 0 0 0 0 0 0 0 0 0 0
 0 0 0 0 0 0 0 0 0 0 0 0 0 0 0 0 0 0 0 0 0 0 0 0 0 0 0 0 0 0 0 0 0 0 0 0
 0 0 0 0 0 0 0 0 0 0 0 0 0 0 0 0 0 0 0 0 0 0 0 0 0 0 0 0 0 0 0 0 0 0 0 0
 0 0 0 0 0 0 0 0 0 0 0 0 0 0 0 0 0 0 0 0 0 0 0 0 0 0 0 0 0 0 0 0 0 0 0 0
ppred_pel_tallas
 1.00689e-16 3.58328e-05 0.000210318 0.000999775 0.00384922 0.0120035 0.0303197 0.0620378 0.102833 0.138097 0.150264 0.132514 0.0947921 0.0551885 0.0265353 0.0112642 0.00543965 0.00443656 0.00542305 0.0071639 0.00917169 0.0111743 0.0129338 0.0142335 0.0149136 0.014906 0.0142478 0.0130664 0.0115446 0.00987579 0.00822535 0.0067081 0.00538398 0.0042679 0.00334627 0.00259303
 1.00632e-16 3.3928e-05 0.000199131 0.000946579 0.00364438 0.0113647 0.0287063 0.058737 0.0973633 0.130757 0.142292 0.125516 0.089859 0.0524628 0.0254985 0.0112935 0.00614573 0.0056917 0.00724756 0.009615 0.0122738 0.0148821 0.0171181 0.0186876 0.0193799 0.0191162 0.017967 0.0161301 0.0138782 0.0114946 0.00921683 0.00720354 0.00552872 0.00419673 0.00316802 0.00238462
 1.01001e-16 2.89827e-05 0.000170089 0.000808493 0.00311269 0.00970658 0.0245182 0.0501685 0.0831637 0.111698 0.12158 0.107316 0.0769788 0.0452456 0.0225563 0.0109529 0.00732724 0.00799068 0.0106552 0.0142505 0.0182255 0.022128 0.0254929 0.0278862 0.0289935 0.0286927 0.02708 0.024439 0.0211643 0.017668 0.0142976 0.0112884 0.00875399 0.00670782 0.00510004 0.00385349
 1.01413e-16 3.19688e-05 0.000187628 0.000891896 0.00343384 0.0107081 0.0270478 0.0553436 0.0917389 0.123205 0.134077 0.118278 0.0846952 0.0494851 0.0241216 0.0108067 0.00606244 0.00578878 0.00746742 0.00997689 0.0128296 0.015699 0.0182701 0.0202462 0.0214029 0.0216357 0.0209789 0.0195875 0.0176912 0.0155368 0.013338 0.0112465 0.00934717 0.0076705 0.00621352 0.004959
 1.01483e-16 3.19849e-05 0.000187722 0.000892341 0.00343555 0.0107134 0.0270613 0.0553713 0.0917849 0.123267 0.134146 0.118343 0.0847494 0.0495324 0.0241736 0.0108779 0.0061676 0.00594051 0.00767448 0.0102414 0.0131437 0.0160431 0.0186124 0.0205465 0.0216189 0.0217312 0.0209321 0.0193964 0.0173748 0.0151318 0.012892 0.0108089 0.00896072 0.0073654 0.00600445 0.00484573
 1.02152e-16 2.55511e-05 0.00014994 0.000712693 0.00274382 0.00855627 0.0216127 0.0442238 0.0733113 0.0984716 0.1072 0.0946617 0.0679877 0.0401336 0.0203293 0.0104072 0.00766092 0.00886576 0.0120147 0.0161474 0.0207293 0.0252826 0.0292989 0.0322961 0.0339169 0.0340087 0.0326534 0.0301342 0.0268555 0.0232432 0.0196586 0.0163487 0.0134383 0.0109537 0.00886142 0.00710434
 1.02133e-16 3.16971e-05 0.000186035 0.000884325 0.0034047 0.0106172 0.0268183 0.0548738 0.0909595 0.122157 0.132932 0.117259 0.0839442 0.0490042 0.0238095 0.0105368 0.00573278 0.00533086 0.00683976 0.00916249 0.0118405 0.0145829 0.0171121 0.0191634 0.0205296 0.0211029 0.0208919 0.0200071 0.0186238 0.0169342 0.0151077 0.0132678 0.0114893 0.00980987 0.0082461 0.00680761
 1.01916e-16 2.9076e-05 0.000170639 0.000811115 0.00312279 0.0097381 0.0245978 0.0503311 0.0834324 0.112057 0.121964 0.107638 0.0771759 0.0452925 0.0224523 0.0106927 0.00688524 0.0073243 0.00971916 0.0130146 0.016692 0.0203446 0.0235587 0.0259464 0.0272225 0.0272687 0.0261567 0.0241208 0.0214914 0.0186135 0.0157766 0.013175 0.0109017 0.00896945 0.00734302 0.0059704
 1.01601e-16 3.18628e-05 0.000187006 0.000888936 0.00342244 0.0106726 0.0269581 0.05516 0.0914345 0.122796 0.133633 0.117888 0.0844199 0.0493318 0.024061 0.0108031 0.00609283 0.00584419 0.00754657 0.0100801 0.0129552 0.015842 0.0184216 0.0203951 0.0215381 0.0217486 0.0210663 0.0196528 0.0177444 0.0155924 0.0134122 0.0113534 0.00949595 0.00786345 0.0064459 0.00522024
 1.01516e-16 3.05207e-05 0.000179123 0.000851454 0.00327811 0.0102225 0.0258212 0.0528342 0.0875806 0.117625 0.128016 0.112958 0.0809452 0.0474136 0.0233345 0.0108304 0.00660093 0.00674433 0.00885426 0.0118364 0.0151775 0.0184972 0.0214165 0.0235808 0.024729 0.0247515 0.0237118 0.0218221 0.0193835 0.0167119 0.0140746 0.0116533 0.00953834 0.00774634 0.00624906 0.00500085
 1.02073e-16 2.5522e-05 0.000149768 0.000711879 0.00274069 0.00854649 0.021588 0.0441733 0.0732276 0.0983593 0.107078 0.0945547 0.0679124 0.0400925 0.0203145 0.0104095 0.00767496 0.00889033 0.0120511 0.0161979 0.0207956 0.0253653 0.0293969 0.0324063 0.0340343 0.0341264 0.0327635 0.0302284 0.0269263 0.0232846 0.0196668 0.0163226 0.0133797 0.0108673 0.00875383 0.00698354
 1.02713e-16 2.63492e-05 0.00015463 0.000735 0.00282972 0.00882417 0.0222893 0.0456079 0.075604 0.101546 0.110533 0.0975721 0.0700067 0.0411826 0.0205977 0.0101182 0.00693121 0.00769918 0.0103597 0.0139574 0.0180064 0.0221046 0.0258286 0.0287707 0.0306174 0.0312147 0.0305951 0.028953 0.0265839 0.0238072 0.0209005 0.0180618 0.0154046 0.0129755 0.0107824 0.00881856
 1.01479e-16 3.38047e-05 0.00019841 0.000943159 0.00363122 0.0113236 0.0286026 0.0585246 0.0970104 0.130281 0.141766 0.125037 0.089481 0.0521722 0.0252276 0.0109553 0.00565759 0.00498322 0.00626542 0.00833236 0.0107039 0.01309 0.015225 0.0168627 0.017819 0.018011 0.0174724 0.0163369 0.0147988 0.0130634 0.0113053 0.00964421 0.00814193 0.00681452 0.00565144 0.00463302
 1.00459e-16 3.56925e-05 0.000209493 0.000995847 0.00383409 0.0119563 0.0302006 0.0617941 0.10243 0.137557 0.149682 0.132012 0.0944591 0.0550465 0.0265635 0.0114404 0.005764 0.00493026 0.0061135 0.00806789 0.010281 0.012446 0.0142877 0.0155579 0.0160809 0.0157937 0.0147608 0.013155 0.0112123 0.00917628 0.00725021 0.00556845 0.00419139 0.00311866 0.0023115 0.00171521
 1.0017e-16 3.84988e-05 0.000225973 0.00107421 0.00413581 0.0128972 0.0325772 0.0666565 0.110487 0.148373 0.161435 0.14234 0.101766 0.0591388 0.0282273 0.0116242 0.00507913 0.00360522 0.00415281 0.00540466 0.00686751 0.00829906 0.00950693 0.0103231 0.0106298 0.0103864 0.00963917 0.00850773 0.00715489 0.00574851 0.00442855 0.00328755 0.00236683 0.00166532 0.00115482 0.000795425
 1.00238e-16 3.57624e-05 0.000209902 0.000997794 0.00384158 0.0119796 0.0302596 0.0619149 0.10263 0.137827 0.149977 0.132275 0.0946534 0.0551725 0.026648 0.0115169 0.00586 0.00506477 0.0062985 0.00830865 0.0105745 0.012779 0.014636 0.0158878 0.0163534 0.0159703 0.0148102 0.0130581 0.0109657 0.00879215 0.00675375 0.00499346 0.0035751 0.00249692 0.0017151 0.00116769
 1.00727e-16 3.02015e-05 0.000177246 0.000842521 0.00324371 0.0101152 0.0255502 0.05228 0.086663 0.116395 0.126686 0.111806 0.0801632 0.0470439 0.0233164 0.0110954 0.00712815 0.00756063 0.0100062 0.0133589 0.0170683 0.0206997 0.0238128 0.0259985 0.0269625 0.0265928 0.0249854 0.0224135 0.0192557 0.0159065 0.0126986 0.00985637 0.0074872 0.00560173 0.00414868 0.00304964
 1.01251e-16 3.17689e-05 0.000186454 0.000886308 0.00341232 0.010641 0.0268783 0.0549969 0.0911645 0.122435 0.133241 0.117548 0.0841878 0.0492192 0.0240489 0.01087 0.00623124 0.00606063 0.00785419 0.0104901 0.0134698 0.0164495 0.0190944 0.0210903 0.0222022 0.0223248 0.0215028 0.0199106 0.0178023 0.0154489 0.0130835 0.0108703 0.00889782 0.00719353 0.00574645 0.004529
 1.0147e-16 3.05167e-05 0.0001791 0.000851341 0.00327768 0.0102211 0.0258178 0.0528272 0.087569 0.117609 0.127998 0.112943 0.0809333 0.047405 0.0233274 0.0108225 0.00659018 0.00672932 0.00883431 0.0118118 0.0151495 0.0184688 0.0213915 0.0235641 0.024725 0.0247634 0.0237407 0.0218662 0.019438 0.0167702 0.0141289 0.0116963 0.00956441 0.00775231 0.00623461 0.00496825
 1.01301e-16 3.3157e-05 0.000194606 0.000925069 0.00356157 0.0111064 0.028054 0.0574021 0.0951505 0.127785 0.139055 0.122657 0.0878031 0.0512446 0.0248738 0.0109637 0.00589587 0.00540868 0.00688641 0.00917072 0.0117713 0.0143753 0.0166885 0.0184374 0.0194181 0.0195407 0.0188457 0.0174865 0.0156849 0.0136759 0.01166 0.00977604 0.00809658 0.00664086 0.00539575 0.00433532
 1.01387e-16 3.07384e-05 0.000180401 0.000857528 0.0033015 0.0102954 0.0260054 0.0532111 0.0882054 0.118464 0.128928 0.113762 0.0815186 0.0477438 0.0234866 0.0108831 0.00660826 0.00673107 0.00882705 0.0117937 0.0151144 0.0184076 0.0212937 0.0234183 0.0245212 0.0244946 0.0234048 0.0214675 0.0189872 0.0162837 0.0136271 0.0112008 0.0090955 0.00732682 0.00586424 0.00465895
 1.01753e-16 2.98801e-05 0.000175363 0.000833574 0.00320927 0.0100078 0.0252789 0.0517247 0.0857416 0.115155 0.125329 0.11059 0.0792543 0.0464352 0.022876 0.0106575 0.0065524 0.00674504 0.00888376 0.0119007 0.015295 0.0186941 0.0217233 0.0240292 0.0253463 0.0255554 0.0247051 0.0229895 0.0206912 0.0181109 0.0155059 0.0130555 0.0108552 0.00893297 0.00727572 0.00585423
 1.01629e-16 3.20996e-05 0.000188397 0.000895548 0.0034479 0.0107519 0.0271586 0.0555702 0.0921144 0.123709 0.134624 0.118759 0.085035 0.0496742 0.0241963 0.0108099 0.00602127 0.00571161 0.00735146 0.00981528 0.012616 0.0154304 0.0179483 0.0198794 0.0210056 0.0212278 0.0205845 0.0192319 0.0173988 0.0153279 0.0132265 0.0112385 0.0094397 0.00785226 0.00646624 0.00525994
 1.01455e-16 3.16401e-05 0.000185697 0.000882711 0.00339847 0.0105978 0.0267692 0.0547737 0.0907948 0.121939 0.132703 0.117077 0.0838584 0.0490428 0.0239927 0.0108945 0.00631319 0.00619404 0.00804148 0.0107333 0.0137646 0.0167826 0.0194427 0.0214241 0.02249 0.0225401 0.0216303 0.0199504 0.0177704 0.0153741 0.0130014 0.0108156 0.00889819 0.00726461 0.00589065 0.00473682
 1.02682e-16 2.15088e-05 0.000126201 0.000599826 0.00230923 0.007201 0.0181894 0.0372202 0.0617047 0.0828923 0.0902681 0.0797771 0.0574435 0.0342036 0.0178698 0.0100379 0.00848391 0.0105337 0.0145057 0.0195507 0.0251201 0.030661 0.0355644 0.0392481 0.0412781 0.0414656 0.0399032 0.0369259 0.0330153 0.0286802 0.0243536 0.0203337 0.016774 0.0137116 0.0111124 0.00891446
 1.04146e-16 2.52781e-05 0.000148345 0.000705133 0.00271474 0.00846562 0.0213836 0.0437544 0.0725307 0.0974157 0.106031 0.0935834 0.0671132 0.0394174 0.0196 0.00944331 0.00624402 0.00680315 0.00915786 0.0124238 0.0161836 0.0201115 0.0238618 0.027089 0.0295076 0.0309455 0.031368 0.0308634 0.0296019 0.0277822 0.0255878 0.0231631 0.0206124 0.0180119 0.015427 0.0129223
 1.03742e-16 2.77801e-05 0.000163035 0.000774969 0.00298363 0.00930414 0.0235016 0.048088 0.0797135 0.10706 0.116522 0.102825 0.0737033 0.0432114 0.021342 0.0100368 0.00630389 0.00660611 0.00876758 0.0118051 0.0152607 0.0187918 0.0220502 0.0247016 0.0264886 0.0272827 0.0271055 0.0261068 0.0245133 0.0225656 0.0204661 0.0183508 0.01629 0.0143065 0.012402 0.0105782
pSPR Fmed_Fpbrs
0.509438   0.6 0.325
Fs Fmed_Fpbrs
0.66   0.448834 1.53268
SSBpbr Bo_Bmed_Bpbrs
1.05609e+06  485209  580852 290426
Ro
39340.1
SPR SPRFo_SPRFmed_SPRFpbrs
814979 415181 264868
log_Ro
10.4
likeval ReclasPelacesDesembMPH_pf_preclas_ppelaces_ptallas_desvR_qrecl_qpela
 63.2763 17.0854 0.00989366 0.000592347 345.287 210.403 59.141 0 16.1771 8.24949e-06 4.62594e-05 9.58949e-15 0 0 0
q_reclas_q_pelaces
0.665643 2.63172
M
0.7
N
 38852.7 10635.3 3434.6 401.481 0.258361
 46755.9 17414.2 2674.67 648.224 74.1739
 25729 21264.8 4825.35 579.415 153.557
 37469.4 11089.1 4123.54 629.251 92.6925
 65416.2 18084.1 4557.75 1564.83 272.289
 47908 32318.5 8679.75 2156.37 868.22
 84679.9 22646.5 11571.4 2707.08 933.259
 80745.2 40783 9177.89 4304.19 1345.11
 104124 37751.8 13574.9 2580.43 1567.69
 115188 48312.9 11946.5 3551.99 1069.4
 63386.6 54331.8 17049.8 3650.14 1396.34
 43027.4 28489.7 13918.7 3303.54 956.813
 46787.8 19515.4 7751.8 2938.13 881.814
 24832.5 19974.5 3552.88 924.118 440.69
 15389.5 9142.72 1361.23 104.737 37.6921
 14371.2 5466.22 490.958 28.5954 2.78175
 10488.9 6256.79 1133.51 70.4298 4.37542
 12705.7 4743.69 1670.35 232.89 15.0635
 14219.3 5919.62 1542.62 454.333 66.5243
 22701.9 6712.09 2099.7 474.748 158.552
 29253.6 10706.2 2366.06 640.516 191.034
 37072.9 14183.7 4536.39 937.604 327.815
 59319.1 17874.7 5790.88 1705.23 472.632
 83889 28422.1 7000.53 2051.79 765.686
 45878 40225.7 11188.8 2498.61 997.982
 52383.4 22145.4 16548.2 4251.46 1320.44
 65319.9 25348.8 9262.62 6437.96 2155.57
pred_Ctot
 2738.11 3923.66 1616.63 191.715 0.123467
 2843.52 5722.56 1136.37 279.67 32.0277
 2464.07 9826.39 2754.22 334.757 88.7743
 758.183 1389.3 710.184 110.551 16.3021
 240.702 436.109 155.308 54.5074 9.49566
 1661.37 6607.37 2384.32 603.221 243.11
 1839.29 3030.23 2123.33 506.631 174.843
 3408.07 9894.56 2957.74 1411.36 441.471
 4933.67 10105.8 4789.83 925.892 563.009
 4167.06 10252.1 3398.36 1028.78 310.031
 4351.04 19640.8 7883.07 1712.46 655.595
 2695.25 9585.19 6039.04 1455.26 421.829
 4762.05 9403.03 4580.51 1756.46 527.487
 4698.12 13762.5 2763.22 723.272 345.025
 3212.49 6580.8 1091.15 84.4204 30.3896
 1283.74 2404.95 268.927 15.8634 1.54422
 676.949 2155.4 502.241 31.6778 1.96953
 566.631 1206.35 562.224 79.7384 5.16223
 506.919 1240.08 433.555 130.02 19.056
 823.915 1428.35 598.871 137.866 46.0871
 497.681 1140.24 348.226 96.2 28.7226
 776.307 1834.54 805.657 169.848 59.4466
 1501.84 2753.94 1216.5 365.195 101.323
 2078.57 4293.37 1443.11 431.224 161.089
 923.957 5017.62 1918.85 437.12 174.777
 963.068 2536.86 2613.76 685.156 213.027
 1208.84 2921.79 1471.78 1043.73 349.837
F
 0.102494 0.680352 0.96742 0.989392 0.990576
 0.0878883 0.583401 0.829562 0.848403 0.849418
 0.141661 0.940341 1.33711 1.36748 1.36911
 0.0284922 0.189131 0.268933 0.275041 0.27537
 0.00512803 0.0340398 0.0484025 0.0495018 0.0495611
 0.0492775 0.327103 0.465121 0.475685 0.476254
 0.0306129 0.203208 0.28895 0.295512 0.295866
 0.060266 0.400044 0.56884 0.581759 0.582455
 0.0678806 0.45059 0.640713 0.655265 0.656049
 0.0514551 0.341558 0.485675 0.496706 0.4973
 0.09971 0.661874 0.941145 0.96252 0.963672
 0.0906324 0.601616 0.855463 0.874892 0.875939
 0.151167 1.00345 1.42684 1.45925 1.46099
 0.299197 1.98606 2.82406 2.8882 2.89166
 0.335095 2.22436 3.1629 3.23474 3.23861
 0.131557 0.873272 1.24174 1.26994 1.27146
 0.0934973 0.620634 0.882504 0.902547 0.903628
 0.0637748 0.423336 0.601959 0.615631 0.616367
 0.0506898 0.336478 0.478452 0.489319 0.489904
 0.0516247 0.342684 0.487276 0.498343 0.498939
 0.023907 0.158694 0.225654 0.230779 0.231055
 0.0294984 0.19581 0.27843 0.284754 0.285094
 0.0357641 0.237402 0.337571 0.345238 0.345651
 0.0349887 0.232254 0.330252 0.337753 0.338157
 0.0283563 0.188229 0.26765 0.273729 0.274057
 0.0258576 0.171643 0.244066 0.249609 0.249908
 0.0260304 0.172789 0.245696 0.251277 0.251577
Np
 28466.6 13494.7 11530.7 3392.71 1502.89
YTP_r0W_actual
 9791.58 70999.5 48274.3 41957.8 15987.5
YTP_p0W_proyectada
 8010.32 141146 89796.1 38839.6 42765.5
 8010.32 60269.3 97769.7 36626.8 18646.7
CTP_r0_actual
 1208.84 2921.79 1471.78 1043.73 349.837
CTP_p0_proyectada
 931.432 6136.78 2771.48 959.004 919.688
 931.432 2620.4 3017.58 904.365 401.005
Wmedp
 8.6 23 32.4 40.5 46.5
nmprior
 10.8 10.6 4.6 0
nm_flota  nm_reclas  nm_pelaces    nm_pelaL
inf 19.6734 17.6153 73.9324
cv_recla  cv_pelaces  cv_mph
0.688892 0.438418 0.650465
 ------------------------------------------------
Talla a la edad & desviaci?n 
 7.2 14.2025 17.0495 18.207 18.6776
 1.08 2.13037 2.55742 2.73105 2.80164
