years
 1997 1998 1999 2000 2001 2002 2003 2004 2005 2006 2007 2008 2009 2010 2011 2012 2013 2014 2015 2016 2017 2018 2019 2020 2021 2022 2023
reclasobs
 0 0 0 370054 412103 1.49427e+06 250295 1.28982e+06 931140 785840 897777 1.04006e+06 184774 17550 25797 100020 73551 82996 120727 218422 84188 347160 605670 569463 516374 1.08416e+06 1.01767e+06
reclaspred
 419752 118869 369311 266020 392260 484961 1.04909e+06 696286 758611 696881 557074 371566 224805 95713.5 62875.7 64921.9 81035.8 113597 126223 177477 258753 239310 410438 549868 728879 724833 718759
pelacesobs
 0 0 0 0 0 0 0 0 0 2.06254e+06 1.5e+06 0 1.87456e+06 323000 250000 174000 83755 137374 0 501740 490994 745055 786931 1.00524e+06 1.33801e+06 1.41789e+06 1.42762e+06
pelacespred
 1.77095e+06 380057 788489 839312 1.08383e+06 1.0467e+06 2.72665e+06 2.18374e+06 2.14299e+06 1.9625e+06 1.35167e+06 928880 567040 190706 132959 145663 190322 275886 304202 429590 707839 618848 871350 1.33149e+06 1.71487e+06 1.85397e+06 1.82085e+06
mphobs
 0 0 0 0 0 112323 0 153150 637223 0 255016 313432 73983 77613 109348 50772 17779 17303 59886 28197 0 207744 136588 643089 65757 70829 0
mphpred
 118813 73226 92773.9 111152 120545 189527 282020 335429 281628 281394 263066 179884 109026 56244.9 24693.1 21742.9 26547.3 36478.7 47263.7 55899.4 83694.9 99611.7 124314 176273 264630 299134 287409
desembarqueobs
 350755 77701 442110 56441 14545 235359 269955 359681 431902 328805 639364 411747 362871 311530 167758 66681 60226 58785 57116 73181 50977 67692 138656 160484 209506 203330 187013
desembarquepred
 350771 77706.9 442178 56444.6 14545.3 235428 270009 359731 432006 328867 639653 412013 363219 311945 167746 66693.7 60256.2 58790 57112.3 73184.9 50979.7 67688.3 138666 160500 209510 203328 187014
Reclutas
 46090.8 56257.2 34900.4 50967.7 85849.6 64181.3 103720 95891.5 116570 118398 63916.9 41412.1 44179.2 23708.5 16452 16908.7 12917.9 15743.7 17899.2 29147.4 36851.1 47165.2 75704.9 106968 59653.3 69753.6 88719.4
log_desv_Rt
 -0.0216308 0.177689 -0.299746 0.0789465 0.600352 0.309468 0.789454 0.710973 0.90625 0.921803 0.30534 -0.128671 -0.0639896 -0.686411 -1.0518 -1.02442 -1.29363 -1.09581 -0.967489 -0.479879 -0.245359 0.00141249 0.474598 0.820284 0.236305 0.392725 0.633234
SSB
 516431 318284 403251 483135 523960 823798 1.22583e+06 1.45798e+06 1.22412e+06 1.22311e+06 1.14344e+06 781886 473890 244474 107331 94507.6 115391 158558 205436 242973 363788 432972 540345 766187 1.15024e+06 1.30022e+06 1.24925e+06
BT
 1.88305e+06 472887 949673 813568 984239 1.12784e+06 2.63199e+06 2.37406e+06 2.32022e+06 2.08068e+06 1.79358e+06 1.21139e+06 861608 462670 257158 185044 220076 294879 322232 445802 677721 620327 880596 1.32968e+06 1.70299e+06 1.84173e+06 1.8009e+06
Ftot
 0.789003 0.620511 0.898277 0.164804 0.031584 0.313279 0.190905 0.385721 0.439074 0.354337 0.733472 0.671598 1.10162 2.15959 2.34457 0.906684 0.627734 0.411192 0.327797 0.331015 0.156277 0.198465 0.239617 0.232333 0.190305 0.172435 0.168829
BD_Bspro_t
 0.925786 0.696216 0.655512 0.520065 0.662657 0.801043 0.76543 0.77503 0.714285 0.674078 0.63352 0.469834 0.354089 0.246185 0.139267 0.149414 0.232719 0.370401 0.491057 0.590956 0.705824 0.789754 0.796761 0.802826 0.820762 0.79489 0.781412
BD_Bspro
 0.529289 0.326208 0.413291 0.495163 0.537005 0.844308 1.25635 1.49428 1.2546 1.25356 1.17191 0.801353 0.485689 0.250561 0.110003 0.0968606 0.118264 0.162506 0.210551 0.249022 0.372845 0.443752 0.553798 0.785263 1.17888 1.33259 1.28036
BD_Bo
 0.352974 0.217543 0.275617 0.330217 0.35812 0.563056 0.837839 0.99651 0.836673 0.83598 0.781531 0.53441 0.323898 0.167095 0.0733595 0.0645948 0.0788682 0.108373 0.140413 0.166069 0.248645 0.295931 0.369319 0.52368 0.786175 0.888682 0.85385
BD_Brms
 0.641771 0.395533 0.501122 0.600394 0.651128 1.02374 1.52334 1.81184 1.52122 1.51996 1.42097 0.971654 0.588906 0.303809 0.133381 0.117445 0.143397 0.197041 0.255297 0.301943 0.452081 0.538057 0.671489 0.952145 1.42941 1.61578 1.55245
S_f
 0.125841 0.732274 0.981121 0.998988 0.999947
 0.125841 0.732274 0.981121 0.998988 0.999947
 0.125841 0.732274 0.981121 0.998988 0.999947
 0.125841 0.732274 0.981121 0.998988 0.999947
 0.125841 0.732274 0.981121 0.998988 0.999947
 0.125841 0.732274 0.981121 0.998988 0.999947
 0.125841 0.732274 0.981121 0.998988 0.999947
 0.125841 0.732274 0.981121 0.998988 0.999947
 0.125841 0.732274 0.981121 0.998988 0.999947
 0.125841 0.732274 0.981121 0.998988 0.999947
 0.125841 0.732274 0.981121 0.998988 0.999947
 0.125841 0.732274 0.981121 0.998988 0.999947
 0.125841 0.732274 0.981121 0.998988 0.999947
 0.125841 0.732274 0.981121 0.998988 0.999947
 0.125841 0.732274 0.981121 0.998988 0.999947
 0.125841 0.732274 0.981121 0.998988 0.999947
 0.125841 0.732274 0.981121 0.998988 0.999947
 0.125841 0.732274 0.981121 0.998988 0.999947
 0.125841 0.732274 0.981121 0.998988 0.999947
 0.125841 0.732274 0.981121 0.998988 0.999947
 0.125841 0.732274 0.981121 0.998988 0.999947
 0.125841 0.732274 0.981121 0.998988 0.999947
 0.125841 0.732274 0.981121 0.998988 0.999947
 0.125841 0.732274 0.981121 0.998988 0.999947
 0.125841 0.732274 0.981121 0.998988 0.999947
 0.125841 0.732274 0.981121 0.998988 0.999947
 0.125841 0.732274 0.981121 0.998988 0.999947
Scru_reclas
 0.819672 1 1 1 1
 0.819672 1 1 1 1
 0.819672 1 1 1 1
 0.819672 1 1 1 1
 0.819672 1 1 1 1
 0.819672 1 1 1 1
 0.819672 1 1 1 1
 0.819672 1 1 1 1
 0.819672 1 1 1 1
 0.819672 1 1 1 1
 0.819672 1 1 1 1
 0.819672 1 1 1 1
 0.819672 1 1 1 1
 0.819672 1 1 1 1
 0.819672 1 1 1 1
 0.819672 1 1 1 1
 0.819672 1 1 1 1
 0.819672 1 1 1 1
 0.819672 1 1 1 1
 0.819672 1 1 1 1
 0.819672 1 1 1 1
 0.819672 1 1 1 1
 0.819672 1 1 1 1
 0.819672 1 1 1 1
 0.819672 1 1 1 1
 0.819672 1 1 1 1
 0.819672 1 1 1 1
Scru_pelaces
 1 1 1 1 1
 1 1 1 1 1
 1 1 1 1 1
 1 1 1 1 1
 1 1 1 1 1
 1 1 1 1 1
 1 1 1 1 1
 1 1 1 1 1
 1 1 1 1 1
 1 1 1 1 1
 1 1 1 1 1
 1 1 1 1 1
 1 1 1 1 1
 1 1 1 1 1
 1 1 1 1 1
 1 1 1 1 1
 1 1 1 1 1
 1 1 1 1 1
 1 1 1 1 1
 1 1 1 1 1
 1 1 1 1 1
 1 1 1 1 1
 1 1 1 1 1
 1 1 1 1 1
 1 1 1 1 1
 1 1 1 1 1
 1 1 1 1 1
pf_obs 
 0.256992 0.487395 0.22802 0.0275931 0
 0.321318 0.546541 0.124235 0.00734118 0.000564706
 0.182869 0.594174 0.210203 0.0122559 0.00049798
 0.330522 0.361315 0.267642 0.0388342 0.00168674
 0.649043 0.306663 0.0425973 0.00169635 0
 0.582887 0.30429 0.105238 0.00758474 0
 0.465427 0.430635 0.0974691 0.00646863 0
 0.296916 0.608066 0.0921331 0.00288517 0
 0.311714 0.524322 0.152257 0.0117073 0
 0.15457 0.633149 0.183074 0.0267441 0.00246327
 0.131901 0.49318 0.331252 0.0422183 0.00144891
 0.196976 0.569456 0.194076 0.0375587 0.00193317
 0.518974 0.381816 0.0799577 0.0180837 0.00116848
 0.0928022 0.601141 0.25162 0.0475244 0.00691264
 0.122501 0.610282 0.24278 0.0234846 0.000952079
 0.383417 0.481906 0.127806 0.00687128 0
 0.0376549 0.599619 0.316969 0.0457579 0
 0.0361596 0.667082 0.258105 0.0386534 0
 0.158088 0.579412 0.248529 0.0139706 0
 0.0477256 0.309471 0.559284 0.082774 0.000745712
 0.0406174 0.521527 0.379366 0.0568643 0.0016247
 0.151134 0.462217 0.34131 0.0453401 0
 0.294876 0.26143 0.354403 0.0886775 0.000613685
 0.281977 0.475581 0.204845 0.0348837 0.00271318
 0.0841818 0.532909 0.334909 0.0458182 0.00218182
 0.115287 0.27431 0.454777 0.147771 0.00785563
 0.0989387 0.350907 0.424855 0.114687 0.0106128
pf_pred 
 0.360775 0.440087 0.178163 0.0209617 1.45315e-05
 0.302518 0.553545 0.110479 0.030015 0.00344299
 0.175285 0.603537 0.187749 0.025802 0.00762662
 0.257815 0.43617 0.246537 0.0506965 0.00878107
 0.278181 0.463505 0.170072 0.0713514 0.0168907
 0.156379 0.554682 0.203742 0.0564317 0.0287654
 0.235332 0.38464 0.276276 0.0736066 0.0301455
 0.18612 0.513727 0.174018 0.0921844 0.0339501
 0.220218 0.445081 0.236589 0.057398 0.0407138
 0.204012 0.500768 0.192821 0.0728549 0.0295438
 0.124005 0.527364 0.245455 0.0678876 0.0352887
 0.126106 0.432384 0.305717 0.0963339 0.0394594
 0.21236 0.403398 0.227188 0.109587 0.047466
 0.19882 0.573431 0.142823 0.0508437 0.0340813
 0.290398 0.548238 0.134227 0.0173085 0.00982841
 0.335639 0.560433 0.0906527 0.0111313 0.00214385
 0.211953 0.609442 0.159242 0.0169495 0.00241417
 0.239606 0.471827 0.240145 0.0432848 0.00513742
 0.226079 0.500861 0.190273 0.0691439 0.013643
 0.28423 0.443906 0.195344 0.0536561 0.0228642
 0.246352 0.518187 0.16345 0.0520462 0.0199649
 0.229262 0.481634 0.216507 0.050687 0.0219098
 0.270638 0.446179 0.196584 0.0651697 0.0214291
 0.263309 0.491503 0.167654 0.0541507 0.0233838
 0.120136 0.574928 0.223573 0.0559828 0.0253804
 0.152621 0.35182 0.356571 0.102429 0.0365587
 0.190298 0.404582 0.198815 0.149239 0.0570659
pobs_RECLAS
 0 0 0 0 0
 0 0 0 0 0
 0 0 0 0 0
 0 0 0 0 0
 0.835266 0.146461 0.0176864 0.000547809 3.91292e-05
 0.385257 0.428462 0.181853 0.0044286 0
 0.867414 0.0963971 0.0333333 0.00285562 0
 0.441836 0.489002 0.0689373 0.000224442 0
 0.779404 0.147425 0.0564933 0.0165055 0.000172143
 0.814271 0.122319 0.05973 0.00367925 0
 0.40263 0.566651 0.0304383 0.000280538 0
 0.475488 0.404961 0.113038 0.00651328 0
 0.955842 0.0263864 0.0167828 0.000988607 0
 0.975058 0.0227948 0.00214734 0 0
 0.738997 0.206755 0.0527124 0.00153531 0
 0.850938 0.134255 0.0134407 0.00136685 0
 0.542534 0.407297 0.0501686 0 0
 0.764087 0.199537 0.0359546 0.000420521 0
 0.470689 0.182191 0.310203 0.0369168 0
 0.84361 0.089868 0.0606195 0.00523954 0.000663233
 0.607945 0.314616 0.071237 0.00620181 0
 0.523733 0.453247 0.0230204 0 0
 0.530135 0.295979 0.169645 0.0042399 0
 0.562478 0.366248 0.0663022 0.0049721 0
 0.250443 0.683176 0.0655157 0.000865301 0
 0.195077 0.31981 0.436473 0.0351445 0.0134964
 0.565238 0.351407 0.0832357 0.000118908 0
ppred_RECLAS
 0.753844 0.185113 0.0547252 0.00631291 4.37177e-06
 0.692907 0.258007 0.0378441 0.0100857 0.00115574
 0.534606 0.367733 0.0831531 0.0112003 0.00330708
 0.651114 0.229484 0.0965374 0.0194923 0.00337295
 0.669743 0.233696 0.0639703 0.0263569 0.00623337
 0.496016 0.364082 0.0991963 0.0269711 0.0137347
 0.629392 0.214071 0.114375 0.0299198 0.0122418
 0.551459 0.313851 0.0787081 0.0409242 0.0150568
 0.607792 0.252581 0.0992503 0.0236309 0.0167453
 0.579064 0.293541 0.0837505 0.0310612 0.0125833
 0.440031 0.378104 0.128795 0.034932 0.0181392
 0.451794 0.314237 0.162985 0.0503725 0.0206119
 0.614345 0.229564 0.093088 0.0439763 0.0190265
 0.607629 0.310251 0.0520093 0.018037 0.0120736
 0.719268 0.235049 0.0381765 0.00479038 0.0027162
 0.725596 0.241893 0.028431 0.00342153 0.000658271
 0.58461 0.34192 0.0656411 0.00685355 0.000975174
 0.629568 0.255285 0.096126 0.017005 0.0020163
 0.608908 0.278958 0.0785781 0.0280302 0.00552526
 0.680843 0.219852 0.0717307 0.0193406 0.0082334
 0.630596 0.276429 0.0649042 0.0202934 0.007777
 0.613037 0.267913 0.08957 0.0205891 0.0088911
 0.665392 0.227787 0.0745749 0.0242721 0.00797339
 0.653321 0.253315 0.064216 0.0203637 0.00878504
 0.418957 0.417238 0.120692 0.0296736 0.0134397
 0.504875 0.24238 0.182799 0.0515605 0.018385
 0.565053 0.250227 0.0915078 0.0674469 0.0257652
pobs_PELACES
 0 0 0 0 0
 0 0 0 0 0
 0 0 0 0 0
 0 0 0 0 0
 0 0 0 0 0
 0 0 0 0 0
 0 0 0 0 0
 0 0 0 0 0
 0 0 0 0 0
 0 0 0 0 0
 0.450072 0.473896 0.0757376 0.000293798 0
 0 0 0 0 0
 0.463077 0.371075 0.160297 0.00555027 0
 0.529543 0.364841 0.0842815 0.0213345 0
 0.631943 0.363953 0.00410389 0 0
 0.735681 0.248677 0.0153453 0.000297389 0
 0.695825 0.281241 0.0229344 0 0
 0.275771 0.60734 0.115278 0.00161068 0
 0 0 0 0 0
 0.896147 0.0623911 0.0374545 0.00400742 0
 0.803859 0.145111 0.0509908 3.86294e-05 0
 0.739449 0.233085 0.0266225 0.000797448 4.60066e-05
 0.878498 0.100942 0.0204185 0.000141795 0
 0.694673 0.275183 0.0284847 0.00165964 0
 0.469039 0.446079 0.0841089 0.000773354 0
 0.822795 0.102175 0.0682046 0.00682512 0
 0.69333 0.244118 0.0624202 0.000131731 0
ppred_PELACES
 0.816343 0.140312 0.0388781 0.00446403 3.09063e-06
 0.758574 0.204487 0.0285037 0.00756867 0.000867136
 0.630056 0.296788 0.0623385 0.00835231 0.00246546
 0.702754 0.196433 0.0815231 0.0164447 0.00284545
 0.713608 0.202814 0.055373 0.0228104 0.00539458
 0.562874 0.318073 0.0844598 0.022922 0.0116716
 0.684253 0.183612 0.0965754 0.0252351 0.0103244
 0.620648 0.268023 0.0651195 0.0337819 0.0124275
 0.676496 0.211052 0.0799948 0.0189971 0.0134598
 0.645113 0.249702 0.0691996 0.025611 0.0103742
 0.531002 0.322935 0.103572 0.02797 0.0145206
 0.540784 0.269532 0.132296 0.0407263 0.0166612
 0.715364 0.175757 0.0651052 0.0305576 0.0132163
 0.750982 0.204009 0.0286416 0.00980734 0.00656036
 0.837279 0.140283 0.0187943 0.00232593 0.00131785
 0.795971 0.181411 0.0197924 0.00236921 0.000455683
 0.662666 0.280178 0.0510857 0.00531411 0.000755982
 0.69466 0.212647 0.0774121 0.0136613 0.00161962
 0.671501 0.236148 0.0647526 0.0230537 0.00454384
 0.737166 0.182608 0.0579814 0.0156029 0.00664156
 0.683128 0.237899 0.0551452 0.0172262 0.00660124
 0.669017 0.230321 0.0757575 0.0173937 0.00751075
 0.71922 0.192366 0.0617512 0.02007 0.00659249
 0.707698 0.214699 0.0533982 0.0169101 0.00729458
 0.478599 0.376085 0.107101 0.0263025 0.0119122
 0.564687 0.214672 0.159625 0.0449784 0.0160371
 0.622556 0.21847 0.078794 0.0580183 0.0221622
pobs_pel_tallas
 0 0 0 0 0 0 0 0 0 0 0 0 0 0 0 0 0 0 0 0 0 0 0 0 0 0 0 0 0 0 0 0 0 0 0 0
 0 0 0 0 0 0 0 0 0 0 0 0 0 0 0 0 0 0 0 0 0 0 0 0 0 0 0 0 0 0 0 0 0 0 0 0
 0 0 0 0 0 0 0 0 0 0 0 0 0 0 0 0 0 0 0 0 0 0 0 0 0 0 0 0 0 0 0 0 0 0 0 0
 0 0 0 0 0 0 0 0 0 0 0 0 0 0 0 0 0 0 0 0 0 0 0 0 0 0 0 0 0 0 0 0 0 0 0 0
 0 0 0 0 0 0 0 0 0 0 0 0 0 0 0 0 0 0 0 0 0 0 0 0 0 0 0 0 0 0 0 0 0 0 0 0
 0 0 0 0 0 0 0 0 0 0 0 0 0 0 0 0 0 0 0 0 0 0 0 0 0 0 0 0 0 0 0 0 0 0 0 0
 0 0 0 0 0 0 0 0 0 0 0 0 0 0 0 0 0 0 0 0 0 0 0 0 0 0 0 0 0 0 0 0 0 0 0 0
 0 0 0 0 0 0 0 0 0 0 0 0 0 0 0 0 0 0 0 0 0 0 0 0 0 0 0 0 0 0 0 0 0 0 0 0
 0 0 0 0 0 0 0 0 0 0 0 0 0 0 0 0 0 0 0 0 0 0 0 0 0 0 0 0 0 0 0 0 0 0 0 0
 0 0 0 0 0 0 0 0 0 0 0 0 0 0 0 0 0 0 0 0 0 0 0 0 0 0 0 0 0 0 0 0 0 0 0 0
 0 0 0 0 0 0 0 0 1.78061e-05 0.00172719 0.00360574 0.0105946 0.0120993 0.0124554 0.0147524 0.0171206 0.0266825 0.0428682 0.0675386 0.121331 0.153587 0.119568 0.100827 0.0573624 0.0630603 0.0341343 0.0324427 0.0444173 0.0211091 0.0280891 0.0125444 0.00206551 0 0 0 0
 0 0 0 0 0 0 0 0 0 0 0 0 0 0 0 0 0 0 0 0 0 0 0 0 0 0 0 0 0 0 0 0 0 0 0 0
 0 0 0 0 0 0 0.0133647 0.0140871 0.0187388 0.0205184 0.03894 0.0496705 0.03968 0.0493445 0.0407372 0.0367815 0.0215668 0.0243155 0.0234873 0.0199281 0.019796 0.0243948 0.0301388 0.0376714 0.0412746 0.0863199 0.0771752 0.113111 0.0741005 0.0525337 0.0229764 0.00759418 0.00175318 0 0 0
 0 0 0 0 0 0 0 0 0 0 0.00219441 0.00772107 0.0458388 0.0604681 0.0671733 0.0775358 0.0609151 0.0617685 0.073594 0.0568108 0.0755445 0.0548602 0.0670107 0.0636378 0.0643287 0.046367 0.0373049 0.0286899 0.0247887 0.0153202 0.00654259 0.00121912 0.000365735 0 0 0
 0 0 0 0 0 0 0 0 0 0 0 0 0.000112435 0.00938835 0.0111873 0.0202946 0.0414886 0.0713402 0.111592 0.104902 0.108894 0.110636 0.117776 0.105296 0.107544 0.0401394 0.0192827 0.0124803 0.00416011 0.0028671 0.000618394 0 0 0 0 0
 0 0 0 0 0 0 0 0 0 0 0.00291406 0.0102884 0.027416 0.0768956 0.0749926 0.110853 0.0956884 0.0897413 0.0766577 0.0534642 0.0500743 0.0551293 0.0594112 0.0620874 0.0668451 0.0424026 0.0208742 0.0120726 0.0048766 0.00582813 0.00118941 0.000297354 0 0 0 0
 0 0.00264628 0.0354308 0.0461629 0.0458689 0.0383711 0.0214643 0.0164657 0.0346957 0.0420465 0.0363128 0.0245516 0.0311673 0.0291091 0.0169068 0.0133784 0.00837989 0.0085269 0.0148486 0.0160247 0.0276389 0.0546898 0.0760071 0.122758 0.109233 0.0665981 0.0333725 0.0166128 0.00676272 0.00308733 0.000882094 0 0 0 0 0
 0 0 0 0 0 0 0 0.000805153 0.000690131 0.00759144 0.0133425 0.0154129 0.00931677 0.000345066 0.00356568 0.00563607 0.00851162 0.0253048 0.0502646 0.0516448 0.0657925 0.0565908 0.0611916 0.0827007 0.0866115 0.110766 0.145733 0.0935128 0.0569358 0.0249597 0.0138026 0.00621118 0.00161031 0.00115022 0 0
 0 0 0 0 0 0 0 0 0 0 0 0 0 0 0 0 0 0 0 0 0 0 0 0 0 0 0 0 0 0 0 0 0 0 0 0
 0.00147267 0.00158595 0.00478618 0.00569244 0.00954404 0.0108468 0.00647125 0.017049 0.0510054 0.094081 0.124002 0.0959785 0.0687766 0.0820023 0.061753 0.0591476 0.0492212 0.0479892 0.0443925 0.0268479 0.0217502 0.0140895 0.0121071 0.0120363 0.00920419 0.00665534 0.0049561 0.00860946 0.00930331 0.0156896 0.0114698 0.00855282 0.00243557 0.00046729 0 2.83206e-05
 0 0 0 0 0.000772559 0.00158375 0.000888443 0.00281984 0.00712685 0.0440552 0.0773331 0.111326 0.0921469 0.0852325 0.0710754 0.0886704 0.0786465 0.0553345 0.0373146 0.0185414 0.00753245 0.00457741 0.012979 0.0271748 0.0457355 0.0583668 0.034881 0.0177882 0.00938659 0.00492506 0.0015258 0.00185414 0.000309023 5.79419e-05 3.86279e-05 0
 0 0.00173294 0.00326652 0 0.00397197 0.00683976 0.00946217 0.0152591 0.00757587 0.0136028 0.0228656 0.0392903 0.0559909 0.0764795 0.0681675 0.0726916 0.0566044 0.0477403 0.0527397 0.0444891 0.0609904 0.0582453 0.0661739 0.0445044 0.0529084 0.0360697 0.0280645 0.0235558 0.0158879 0.00826598 0.00280645 0.00217768 0.000904811 0.00058276 9.20147e-05 0
 0 0 0 0 0 0 0 0 0 0 0 0 0 0 0 0 0 0 0 0 0 0 0 0 0 0 0 0 0 0 0 0 0 0 0 0
 0 0 0 0 0 0 0 0 0 0 0 0 0 0 0 0 0 0 0 0 0 0 0 0 0 0 0 0 0 0 0 0 0 0 0 0
 0 0 0 0 0 0 0 0 0 0 0 0 0 0 0 0 0 0 0 0 0 0 0 0 0 0 0 0 0 0 0 0 0 0 0 0
 0 0 0 0 0 0 0 0 0 0 0 0 0 0 0 0 0 0 0 0 0 0 0 0 0 0 0 0 0 0 0 0 0 0 0 0
 0 0 0 0 0 0 0 0 0 0 0 0 0 0 0 0 0 0 0 0 0 0 0 0 0 0 0 0 0 0 0 0 0 0 0 0
ppred_pel_tallas
 1.00752e-16 3.56148e-05 0.000209038 0.000993691 0.00382579 0.0119304 0.0301352 0.0616602 0.102207 0.137257 0.149351 0.13171 0.0942198 0.0548615 0.0263898 0.0112228 0.00545035 0.00447683 0.00548843 0.00725757 0.0092988 0.0113396 0.0131405 0.0144826 0.0152035 0.0152327 0.0146047 0.0134453 0.0119355 0.0102679 0.00860762 0.00707009 0.00571665 0.00456429 0.00360205 0.00280666
 1.00772e-16 3.30983e-05 0.000194259 0.000923414 0.00355519 0.0110865 0.0280037 0.0572995 0.0949811 0.127559 0.138816 0.122461 0.0876936 0.0512432 0.0249891 0.0112101 0.00630265 0.00601617 0.00773373 0.0102803 0.0131336 0.0159376 0.0183512 0.0200611 0.0208417 0.0206069 0.0194289 0.017515 0.0151522 0.0126388 0.0102253 0.00807973 0.00628097 0.00483531 0.00370331 0.00282652
 1.01384e-16 2.74982e-05 0.000161372 0.000767049 0.00295311 0.00920893 0.0232612 0.0475967 0.0789014 0.105976 0.11536 0.101842 0.0730906 0.043037 0.0215982 0.0107259 0.00748625 0.00839165 0.0112759 0.0151159 0.0193673 0.0235654 0.0272247 0.0298882 0.0312211 0.0310859 0.0295716 0.0269612 0.0236545 0.0200713 0.0165678 0.0133878 0.0106533 0.00838669 0.00654761 0.00506903
 1.0192e-16 3.06641e-05 0.000179968 0.000855476 0.00329361 0.0102708 0.0259433 0.0530837 0.0879933 0.118176 0.128608 0.113464 0.0812689 0.0475261 0.0232474 0.0105533 0.00611741 0.00601544 0.00783713 0.0105063 0.0135475 0.0166322 0.0194372 0.0216544 0.0230466 0.0234964 0.0230262 0.0217809 0.0199816 0.0178688 0.0156527 0.0134849 0.011454 0.00959874 0.00792805 0.00643904
 1.01889e-16 3.11376e-05 0.000182747 0.000868688 0.00334448 0.0104294 0.026344 0.0539036 0.0893524 0.120001 0.130595 0.115217 0.0825249 0.0482614 0.0236079 0.0107166 0.0062081 0.00609414 0.00792235 0.0105933 0.0136167 0.016652 0.0193663 0.021447 0.0226603 0.0229013 0.0222133 0.0207671 0.0188102 0.0166041 0.0143708 0.0122622 0.0103562 0.00867263 0.00719731 0.00590477
 1.02636e-16 2.45696e-05 0.000144177 0.000685296 0.00263833 0.00822731 0.0207818 0.0425238 0.0704937 0.0946886 0.103086 0.0910394 0.065409 0.0386576 0.0196674 0.0102094 0.00769069 0.00901857 0.0122671 0.0165103 0.0212231 0.0259272 0.0301094 0.0332807 0.0350758 0.0353337 0.0341284 0.0317359 0.0285536 0.0250015 0.0214362 0.018102 0.0151238 0.0125314 0.0102981 0.00837625
 1.02781e-16 2.98569e-05 0.00017523 0.000832954 0.0032069 0.0100004 0.0252602 0.051686 0.0856763 0.115064 0.12522 0.110472 0.0791208 0.0462592 0.0226086 0.0102329 0.005894 0.00577392 0.0075323 0.010132 0.0131246 0.0162074 0.0190817 0.0214586 0.023109 0.0239086 0.0238568 0.0230618 0.0217013 0.0199722 0.0180491 0.0160603 0.0140866 0.0121728 0.0103453 0.00862576
 1.02754e-16 2.70868e-05 0.00015896 0.000755585 0.00290898 0.00907133 0.0229136 0.0468853 0.0777214 0.104389 0.113627 0.1003 0.0719577 0.042317 0.0211395 0.0103397 0.00702083 0.00774539 0.010386 0.0139536 0.017943 0.0219387 0.0255084 0.0282427 0.029836 0.0301535 0.0292563 0.0273729 0.0248317 0.0219769 0.0190979 0.0163894 0.0139468 0.0117884 0.00988884 0.00821011
 1.02487e-16 2.95197e-05 0.000173248 0.000823527 0.00317059 0.00988717 0.0249743 0.0511011 0.0847076 0.113765 0.123814 0.109247 0.0782765 0.0458329 0.0225253 0.010405 0.00628064 0.00638229 0.00839171 0.0112659 0.0145294 0.0178391 0.0208512 0.0232379 0.0247482 0.0252595 0.0247992 0.0235245 0.0216725 0.0194979 0.0172202 0.0149937 0.0129041 0.0109838 0.00923504 0.00765063
 1.02429e-16 2.81528e-05 0.00016522 0.000785351 0.00302359 0.00942875 0.0238164 0.0487323 0.0807824 0.108498 0.118092 0.104225 0.0747375 0.043879 0.021785 0.0104323 0.00679703 0.00729715 0.00972039 0.0130496 0.0167852 0.0205326 0.0238868 0.026464 0.0279762 0.0282938 0.0274695 0.0257123 0.0233258 0.0206305 0.0178982 0.0153145 0.0129747 0.0109024 0.0090803 0.00747745
 1.03216e-16 2.31801e-05 0.000136019 0.000646509 0.00248899 0.00776159 0.0196054 0.0401169 0.0665044 0.0893325 0.0972614 0.0859102 0.0617563 0.0365644 0.0187242 0.00991924 0.00771745 0.00921311 0.0125959 0.0169895 0.0218844 0.0268037 0.0312291 0.0346624 0.036726 0.0372447 0.0362771 0.0340836 0.0310476 0.0275773 0.0240217 0.0206231 0.0175106 0.0147243 0.0122523 0.010065
 1.04144e-16 2.36045e-05 0.000138515 0.000658389 0.00253475 0.0079043 0.0199658 0.0408539 0.0677246 0.0909666 0.0990275 0.0874391 0.062788 0.0370404 0.0187209 0.00952183 0.00694665 0.00802631 0.0109262 0.0147899 0.0191638 0.0236516 0.0278245 0.0312617 0.0336311 0.0347549 0.034638 0.033445 0.0314414 0.0289188 0.0261328 0.0232689 0.0204398 0.0177042 0.0150934 0.0126328
 1.0265e-16 3.12131e-05 0.000183193 0.000870812 0.00335267 0.010455 0.0264084 0.0540353 0.0895699 0.120291 0.130904 0.115475 0.0826791 0.048289 0.0235053 0.0104755 0.00580281 0.00548513 0.00706887 0.00946947 0.0122269 0.0150428 0.0176311 0.0197207 0.0211028 0.0216737 0.0214512 0.0205584 0.0191821 0.0175223 0.0157489 0.0139793 0.0122768 0.0106645 0.00914574 0.00772048
 1.01117e-16 3.27673e-05 0.000192315 0.000914174 0.00351961 0.0109756 0.0277235 0.0567261 0.0940307 0.126283 0.137428 0.121237 0.0868199 0.0507379 0.0247526 0.0111209 0.00627701 0.00601406 0.00774255 0.0103 0.0131697 0.0159987 0.0184486 0.0202078 0.0210516 0.0208933 0.0198027 0.0179825 0.0157139 0.0132884 0.0109496 0.00885899 0.00709099 0.00564938 0.00449477 0.00357124
 1.00455e-16 3.65276e-05 0.000214398 0.00101917 0.00392389 0.0122363 0.0309079 0.0632413 0.104828 0.140776 0.153178 0.135081 0.0966239 0.0562453 0.0270247 0.0114386 0.00547183 0.00440571 0.00534946 0.00704031 0.00897881 0.0108869 0.0125242 0.0136746 0.0141838 0.0139936 0.0131551 0.0118125 0.0101648 0.00841925 0.00674953 0.00527221 0.00404204 0.00306292 0.00230651 0.00173084
 1.00443e-16 3.47281e-05 0.000203829 0.000968917 0.0037304 0.0116329 0.0293838 0.0601231 0.0996605 0.133841 0.145644 0.128464 0.0919498 0.053644 0.0259987 0.011389 0.00601813 0.00541404 0.0068281 0.00903859 0.0115255 0.013958 0.0160303 0.0174643 0.0180619 0.0177511 0.0166018 0.0148055 0.0126248 0.0103319 0.00815502 0.00624635 0.00467625 0.00344743 0.00251953 0.00183366
 1.01035e-16 2.89194e-05 0.000169718 0.000806728 0.00310589 0.00968538 0.0244647 0.0500589 0.0829821 0.111454 0.121314 0.10708 0.0768079 0.0451416 0.0224979 0.0109141 0.00728847 0.00794082 0.0105892 0.0141675 0.018129 0.0220258 0.0253972 0.0278125 0.0289582 0.0287098 0.027159 0.0245819 0.0213653 0.0179142 0.0145713 0.0115698 0.00902452 0.00695253 0.00530896 0.00402202
 1.01714e-16 3.03119e-05 0.000177899 0.000845635 0.00325571 0.0101526 0.0256448 0.052473 0.0869815 0.116819 0.127135 0.112174 0.0803673 0.0470429 0.0230929 0.0106209 0.00634576 0.00639252 0.00837708 0.0112259 0.0144499 0.0176976 0.0206187 0.0228811 0.024232 0.0245518 0.0238752 0.0223716 0.0202938 0.0179139 0.0154681 0.0131249 0.0109793 0.00906749 0.00738935 0.00592981
 1.02001e-16 2.93029e-05 0.000171973 0.00081746 0.00314723 0.0098143 0.0247902 0.0507248 0.0840844 0.112931 0.122911 0.108464 0.077746 0.0455829 0.0225146 0.0105874 0.00664208 0.00694082 0.00917826 0.0123028 0.0158132 0.0193285 0.0224631 0.024853 0.0262255 0.0264593 0.0256062 0.0238675 0.0215347 0.0189164 0.016275 0.013791 0.0115579 0.00959986 0.00790039 0.00642799
 1.0173e-16 3.21641e-05 0.000188776 0.000897351 0.00345484 0.0107736 0.0272133 0.0556821 0.0922997 0.123957 0.134893 0.118994 0.0851969 0.0497565 0.0242135 0.0107791 0.00595042 0.00559956 0.00719259 0.00960477 0.0123537 0.0151236 0.0176124 0.019537 0.0206841 0.0209549 0.0203835 0.0191183 0.0173779 0.0153948 0.013368 0.0114359 0.0096723 0.00810015 0.00671247 0.00549156
 1.01761e-16 2.981e-05 0.00017495 0.000831611 0.00320171 0.0099842 0.0252194 0.0516029 0.0855399 0.114885 0.125037 0.110338 0.0790844 0.0463575 0.0228782 0.0107256 0.00668284 0.00694432 0.00916161 0.0122625 0.0157359 0.0191949 0.0222498 0.0245352 0.0257807 0.0258707 0.0248676 0.0229855 0.0205301 0.0178224 0.015134 0.0126494 0.0104607 0.0085861 0.0069989 0.00565597
 1.021e-16 2.91944e-05 0.000171337 0.000814433 0.00313557 0.00977796 0.0246984 0.0505369 0.083773 0.112512 0.122454 0.108059 0.0774511 0.0454008 0.022408 0.0105101 0.0065588 0.00683059 0.00903076 0.012116 0.0155935 0.0190919 0.0222348 0.024665 0.0261125 0.0264516 0.0257242 0.024117 0.0219055 0.0193835 0.0168037 0.0143424 0.0120955 0.010094 0.00833102 0.00678535
 1.01937e-16 3.13819e-05 0.000184183 0.000875515 0.00337077 0.0105114 0.026551 0.0543271 0.0900541 0.120943 0.131617 0.116112 0.083152 0.0485999 0.0237211 0.01068 0.00606618 0.0058576 0.00758381 0.0101433 0.0130541 0.0159904 0.0186358 0.0206924 0.0219351 0.0222589 0.0216978 0.0204058 0.0186101 0.0165525 0.0144398 0.0124157 0.010557 0.00888788 0.00740226 0.00608376
 1.0175e-16 3.08804e-05 0.000181236 0.000861503 0.00331681 0.0103431 0.026126 0.0534577 0.0886136 0.11901 0.129519 0.114275 0.0818668 0.0479088 0.0234955 0.0107667 0.006376 0.00637125 0.00831915 0.0111222 0.0142801 0.0174351 0.0202348 0.0223486 0.0235313 0.023676 0.0228353 0.021198 0.0190349 0.0166312 0.0142282 0.0119907 0.0100014 0.00827828 0.0068005 0.00553326
 1.03104e-16 2.08972e-05 0.000122611 0.000582759 0.00224352 0.00699608 0.0176718 0.0361611 0.0599492 0.080535 0.0877035 0.0775165 0.0558287 0.0332682 0.0174293 0.00986765 0.0084287 0.0105198 0.0145109 0.0195775 0.0251828 0.0307814 0.0357697 0.0395685 0.0417431 0.0420991 0.0407188 0.0379233 0.0341783 0.0299771 0.0257407 0.0217597 0.0181857 0.0150595 0.0123555 0.0100232
 1.04631e-16 2.46447e-05 0.000144627 0.000687454 0.00264668 0.00825336 0.0208474 0.0426574 0.0707123 0.0949739 0.103375 0.0912417 0.0654403 0.0384479 0.0191426 0.00926512 0.00618371 0.00678375 0.00915567 0.0124405 0.0162332 0.020216 0.0240492 0.0273909 0.0299558 0.0315668 0.0321795 0.0318684 0.0307873 0.0291191 0.0270336 0.0246659 0.0221168 0.019465 0.0167829 0.0141458
 1.04219e-16 2.71679e-05 0.000159441 0.000757882 0.00291784 0.00909898 0.0229834 0.0470277 0.0779561 0.1047 0.113955 0.100563 0.0720894 0.0422801 0.0209102 0.00988148 0.00627197 0.00662599 0.00881859 0.0118897 0.0153909 0.0189843 0.0223245 0.0250786 0.0269883 0.0279217 0.027894 0.0270462 0.0255944 0.0237682 0.0217594 0.0196964 0.0176448 0.0156271 0.0136487 0.0117185
pSPR Fmed_Fpbrs
0.494793   0.6 0.325
Fs Fmed_Fpbrs
0.66   0.425437 1.40707
SSBpbr Bo_Bmed_Bpbrs
1.46308e+06  650770  804696 402348
Ro
47098.7
SPR SPRFo_SPRFmed_SPRFpbrs
975707 482774 317105
log_Ro
10.58
likeval ReclasPelacesDesembMPH_pf_preclas_ppelaces_ptallas_desvR_qrecl_qpela
 61.989 21.0295 0.0195762 0.000626572 347.729 213.765 58.3394 0 16.2983 3.06291e-05 2.35885e-05 3.91838e-15 0 0 0
q_reclas_q_pelaces
0.456466 1.99566
M
0.7
N
 46090.8 11784.5 3843.22 446.477 0.309308
 56257.2 20724.7 3283.86 880.032 100.874
 34900.4 25838.1 6533.49 887.117 262.049
 50967.7 15478.6 6646.32 1343.96 232.579
 85849.6 24790.3 6812.62 2807.71 664.031
 64181.3 42462.5 12029 3279.82 1670.46
 103720 30639.5 16763.7 4392.77 1797.47
 95891.5 50283.4 13230.1 6902.72 2540.11
 116570 45362.1 18825.7 4499.9 3189.38
 118398 54775.4 16332.5 6076.54 2462.12
 63916.9 56230.4 20984.2 5728.81 2975.84
 41412.1 28941.7 16319.4 5074.08 2076.92
 44179.2 18898.1 8788.9 4193.08 1815.11
 23708.5 19098.8 4188.62 1480.92 992.329
 16452 8971.64 1950.75 249.961 141.89
 16908.7 6082.42 800.275 97.0921 18.6878
 12917.9 7491.21 1554.98 163.267 23.2379
 15743.7 5927.58 2349.16 417.103 49.4659
 17899.2 7423.82 2178.23 779.289 153.636
 29147.4 8529.29 2899.84 784.195 333.889
 36851.1 13883.6 3323.81 1040.7 398.854
 47165.2 17943.3 6148.9 1415.93 611.507
 75704.9 22843.9 7705.15 2513.19 825.678
 106968 36477.2 9518.3 3024.65 1305
 59653.3 51588.1 15280.2 3763.2 1704.58
 69753.6 28922 22285.5 6295.56 2245
 88719.4 33895.1 12658.5 9344.2 3569.84
pred_Ctot
 3151.02 3843.73 1556.08 183.08 0.126918
 3052.74 5585.89 1114.86 302.885 34.7437
 2700.28 9297.52 2892.28 397.481 117.488
 753.246 1274.34 720.297 148.118 25.6553
 244.958 408.149 149.761 62.83 14.8735
 1788.32 6343.27 2329.96 645.345 328.957
 1773.08 2898.02 2081.56 554.579 227.128
 3276.6 9044.05 3063.55 1622.88 597.683
 4520.84 9137.05 4856.92 1178.32 835.811
 3722.9 9138.23 3518.68 1329.49 539.128
 4074.51 17327.8 8065.03 2230.61 1159.5
 2425.4 8316.07 5879.87 1852.8 758.925
 4145.9 7875.51 4435.38 2139.47 926.676
 4121.32 11886.6 2960.57 1053.93 706.467
 3074.7 5804.69 1421.18 183.26 104.062
 1319.88 2203.88 356.487 43.7732 8.4306
 708.854 2038.22 532.568 56.6857 8.07393
 572.679 1127.7 573.965 103.454 12.2788
 521.431 1155.19 438.849 159.474 31.4663
 857.291 1338.9 589.195 161.837 68.9629
 516.685 1086.82 342.811 109.159 41.8734
 837.857 1760.17 791.24 185.239 80.0709
 1620.01 2670.78 1176.73 390.099 128.273
 2220.32 4144.54 1413.72 456.618 197.18
 1016.59 4865.03 1891.87 473.725 214.768
 1078.16 2485.36 2518.93 723.591 258.262
 1342.89 2855.06 1402.99 1053.15 402.703
F
 0.0992887 0.577767 0.774107 0.788205 0.788961
 0.0780856 0.454385 0.608797 0.619884 0.620478
 0.11304 0.657785 0.881318 0.897368 0.898229
 0.0207391 0.120682 0.161693 0.164637 0.164795
 0.00397455 0.0231282 0.0309877 0.0315521 0.0315823
 0.0394232 0.229406 0.307364 0.312962 0.313262
 0.0240236 0.139795 0.187301 0.190712 0.190895
 0.0485394 0.282454 0.378439 0.385331 0.385701
 0.0552534 0.321523 0.430785 0.43863 0.439051
 0.04459 0.259472 0.347648 0.353979 0.354318
 0.0923006 0.537103 0.719625 0.73273 0.733433
 0.0845144 0.491794 0.658919 0.670919 0.671563
 0.138629 0.806689 1.08082 1.10051 1.10156
 0.271765 1.58141 2.11882 2.15741 2.15948
 0.295042 1.71687 2.30031 2.3422 2.34445
 0.114098 0.663942 0.889567 0.905767 0.906636
 0.0789945 0.459674 0.615883 0.627099 0.627701
 0.0517447 0.301105 0.403429 0.410776 0.41117
 0.0412502 0.240037 0.321609 0.327465 0.32778
 0.0416551 0.242394 0.324766 0.33068 0.330997
 0.0196661 0.114438 0.153327 0.156119 0.156269
 0.0249749 0.145331 0.194718 0.198264 0.198454
 0.0301536 0.175466 0.235094 0.239375 0.239605
 0.029237 0.170132 0.227947 0.232098 0.232321
 0.0239481 0.139356 0.186712 0.190113 0.190295
 0.0216994 0.12627 0.16918 0.172261 0.172426
 0.0212455 0.123629 0.165641 0.168658 0.16882
Np
 35706.6 16807 15684.9 4865.82 2290.41
YTP_r0W_actual
 10877.4 69377.9 46018.2 42336.7 18403.5
YTP_p0W_proyectada
 11547.9 194415 121134 55038.2 66065.5
 11547.9 75759.3 127734 50278.3 27194.5
CTP_r0_actual
 1342.89 2855.06 1402.99 1053.15 402.703
CTP_p0_proyectada
 1342.77 8452.84 3738.69 1358.97 1420.76
 1342.77 3293.88 3942.4 1241.44 584.827
Wmedp
 8.6 23 32.4 40.5 46.5
nmprior
 10.8 10.6 4.6 0
nm_flota  nm_reclas  nm_pelaces    nm_pelaL
inf 16.2849 18.4773 79.4249
cv_recla  cv_pelaces  cv_mph
0.681849 0.486397 0.668993
 ------------------------------------------------
Talla a la edad & desviaci?n 
 7.2 14.2025 17.0495 18.207 18.6776
 1.08 2.13037 2.55742 2.73105 2.80164
