years
 1997 1998 1999 2000 2001 2002 2003 2004 2005 2006 2007 2008 2009 2010 2011 2012 2013 2014 2015 2016 2017 2018 2019 2020 2021 2022 2023
reclasobs
 0 0 0 370054 412103 1.49427e+06 250295 1.28982e+06 931140 785840 897777 1.04006e+06 184774 17550 25797 100020 73551 82996 120727 218422 84188 347160 605670 569463 516374 1.08416e+06 1.01767e+06
reclaspred
 432728 129422 448765 323925 427229 505868 1.08025e+06 683957 707933 581500 442187 295143 181315 89164.9 67474.9 71072.4 89181.7 126267 136145 192166 268801 241869 417660 569302 737578 738566 727388
pelacesobs
 0 0 0 0 0 0 0 0 0 2.06254e+06 1.5e+06 0 1.87456e+06 323000 250000 174000 83755 137374 0 501740 490994 745055 786931 1.00524e+06 1.33801e+06 1.41789e+06 1.42762e+06
pelacespred
 1.64192e+06 438792 907083 1.00251e+06 1.11814e+06 1.1243e+06 2.61483e+06 2.16519e+06 1.93643e+06 1.62666e+06 1.11841e+06 765471 469063 198737 146945 162540 211206 299112 333439 457177 704180 624874 877963 1.34035e+06 1.7303e+06 1.89701e+06 1.85417e+06
mphobs
 0 0 0 0 0 112323 0 153150 637223 0 255016 313432 73983 77613 109348 50772 17779 17303 59886 28197 0 207744 136588 643089 65757 70829 0
mphpred
 110306 77219.7 103705 143921 137773 195936 296565 337548 275221 256035 216946 150384 93029.1 50061.3 26505.8 24058.2 29207.3 40578.1 52033.2 60486.3 87853.9 100690 125507 179151 268596 308274 296634
desembarqueobs
 350755 77701 442110 56441 14545 235359 269955 359681 431902 328805 639364 411747 362871 311530 167758 66681 60226 58785 57116 73181 50977 67692 138656 160484 209506 203330 187013
desembarquepred
 350766 77704.8 442154 56442.7 14545.1 235392 269980 359714 431977 328869 639777 412110 363372 312151 167871 66698.5 60245.1 58789.5 57115.6 73184 50978.2 67690.1 138661 160491 209507 203329 187013
Reclutas
 82238.3 104114 67813.9 98183.4 160938 122194 179185 153165 164440 141647 69436.9 41326.2 43272.8 25196.6 21039.8 27898.3 23567.8 28766.4 32544.3 55267.1 68051.3 86850.8 142348 202982 111312 128296 161085
log_desv_Rt
 0.0773764 0.313241 -0.115478 0.254593 0.748773 0.473363 0.856174 0.69927 0.770298 0.621092 -0.0918263 -0.610747 -0.56472 -1.10554 -1.28583 -1.00368 -1.17236 -0.973035 -0.849643 -0.320067 -0.111982 0.131947 0.626032 0.980872 0.380094 0.522092 0.749689
SSB
 977419 684244 918934 1.27528e+06 1.22081e+06 1.73619e+06 2.62786e+06 2.99102e+06 2.43873e+06 2.26872e+06 1.92236e+06 1.33256e+06 824331 443593 234868 213180 258805 359562 461066 535969 778473 892215 1.11211e+06 1.58746e+06 2.38002e+06 2.73161e+06 2.62847e+06
BT
 3.38059e+06 954437 1.94388e+06 1.94171e+06 2.10989e+06 2.29764e+06 5.09158e+06 4.47756e+06 4.03294e+06 3.37611e+06 2.69016e+06 1.82244e+06 1.24062e+06 676952 420784 360861 446477 608605 675212 918230 1.36384e+06 1.23698e+06 1.74507e+06 2.64742e+06 3.40964e+06 3.73672e+06 3.64424e+06
Ftot
 0.301085 0.214629 0.283464 0.0515671 0.0113284 0.11953 0.074386 0.152185 0.178671 0.156891 0.356067 0.334422 0.520891 0.88306 0.754224 0.291999 0.211806 0.142296 0.117442 0.121144 0.058406 0.0789777 0.0950071 0.0896033 0.0745749 0.0709428 0.0686079
BD_Bspro_t
 0.964063 0.831357 0.814598 0.737641 0.819288 0.89522 0.875045 0.876736 0.832946 0.793108 0.74717 0.605157 0.494816 0.38489 0.27127 0.296993 0.423898 0.591653 0.698873 0.77002 0.840467 0.88727 0.890385 0.893844 0.903596 0.889239 0.881198
BD_Bspro
 0.619869 0.43394 0.582778 0.80877 0.774224 1.10107 1.66656 1.89687 1.54662 1.4388 1.21914 0.845093 0.522782 0.281322 0.148951 0.135196 0.164132 0.228031 0.292403 0.339906 0.4937 0.565833 0.705291 1.00675 1.50939 1.73236 1.66695
BD_Bo
 0.282873 0.198026 0.265947 0.369077 0.353312 0.502468 0.760526 0.865625 0.70579 0.656588 0.556348 0.385653 0.238568 0.12838 0.0679728 0.061696 0.0749005 0.10406 0.133436 0.155114 0.225297 0.258215 0.321855 0.459424 0.688799 0.790552 0.760702
BD_Brms
 0.514315 0.360047 0.48354 0.671049 0.642386 0.913579 1.38278 1.57386 1.28325 1.1938 1.01154 0.701187 0.433761 0.233417 0.123587 0.112175 0.136183 0.189201 0.242612 0.282026 0.40963 0.469481 0.585192 0.835317 1.25236 1.43737 1.38309
S_f
 0.199275 1 1 1 1
 0.199275 1 1 1 1
 0.199275 1 1 1 1
 0.199275 1 1 1 1
 0.199275 1 1 1 1
 0.199275 1 1 1 1
 0.199275 1 1 1 1
 0.199275 1 1 1 1
 0.199275 1 1 1 1
 0.199275 1 1 1 1
 0.199275 1 1 1 1
 0.199275 1 1 1 1
 0.199275 1 1 1 1
 0.199275 1 1 1 1
 0.199275 1 1 1 1
 0.199275 1 1 1 1
 0.199275 1 1 1 1
 0.199275 1 1 1 1
 0.199275 1 1 1 1
 0.199275 1 1 1 1
 0.199275 1 1 1 1
 0.199275 1 1 1 1
 0.199275 1 1 1 1
 0.199275 1 1 1 1
 0.199275 1 1 1 1
 0.199275 1 1 1 1
 0.199275 1 1 1 1
Scru_reclas
 1 1 1 1 1
 1 1 1 1 1
 1 1 1 1 1
 1 1 1 1 1
 1 1 1 1 1
 1 1 1 1 1
 1 1 1 1 1
 1 1 1 1 1
 1 1 1 1 1
 1 1 1 1 1
 1 1 1 1 1
 1 1 1 1 1
 1 1 1 1 1
 1 1 1 1 1
 1 1 1 1 1
 1 1 1 1 1
 1 1 1 1 1
 1 1 1 1 1
 1 1 1 1 1
 1 1 1 1 1
 1 1 1 1 1
 1 1 1 1 1
 1 1 1 1 1
 1 1 1 1 1
 1 1 1 1 1
 1 1 1 1 1
 1 1 1 1 1
Scru_pelaces
 1 1 1 1 1
 1 1 1 1 1
 1 1 1 1 1
 1 1 1 1 1
 1 1 1 1 1
 1 1 1 1 1
 1 1 1 1 1
 1 1 1 1 1
 1 1 1 1 1
 1 1 1 1 1
 1 1 1 1 1
 1 1 1 1 1
 1 1 1 1 1
 1 1 1 1 1
 1 1 1 1 1
 1 1 1 1 1
 1 1 1 1 1
 1 1 1 1 1
 1 1 1 1 1
 1 1 1 1 1
 1 1 1 1 1
 1 1 1 1 1
 1 1 1 1 1
 1 1 1 1 1
 1 1 1 1 1
 1 1 1 1 1
 1 1 1 1 1
pf_obs 
 0.256992 0.487395 0.22802 0.0275931 0
 0.321318 0.546541 0.124235 0.00734118 0.000564706
 0.182869 0.594174 0.210203 0.0122559 0.00049798
 0.330522 0.361315 0.267642 0.0388342 0.00168674
 0.649043 0.306663 0.0425973 0.00169635 0
 0.582887 0.30429 0.105238 0.00758474 0
 0.465427 0.430635 0.0974691 0.00646863 0
 0.296916 0.608066 0.0921331 0.00288517 0
 0.311714 0.524322 0.152257 0.0117073 0
 0.15457 0.633149 0.183074 0.0267441 0.00246327
 0.131901 0.49318 0.331252 0.0422183 0.00144891
 0.196976 0.569456 0.194076 0.0375587 0.00193317
 0.518974 0.381816 0.0799577 0.0180837 0.00116848
 0.0928022 0.601141 0.25162 0.0475244 0.00691264
 0.122501 0.610282 0.24278 0.0234846 0.000952079
 0.383417 0.481906 0.127806 0.00687128 0
 0.0376549 0.599619 0.316969 0.0457579 0
 0.0361596 0.667082 0.258105 0.0386534 0
 0.158088 0.579412 0.248529 0.0139706 0
 0.0477256 0.309471 0.559284 0.082774 0.000745712
 0.0406174 0.521527 0.379366 0.0568643 0.0016247
 0.151134 0.462217 0.34131 0.0453401 0
 0.294876 0.26143 0.354403 0.0886775 0.000613685
 0.281977 0.475581 0.204845 0.0348837 0.00271318
 0.0841818 0.532909 0.334909 0.0458182 0.00218182
 0.115287 0.27431 0.454777 0.147771 0.00785563
 0.0989387 0.350907 0.424855 0.114687 0.0106128
pf_pred 
 0.385656 0.43379 0.161491 0.0190516 1.06116e-05
 0.312781 0.538352 0.105115 0.0391323 0.00461912
 0.177093 0.589014 0.183227 0.0357758 0.0148907
 0.256638 0.409946 0.23865 0.0742379 0.0205284
 0.299044 0.44818 0.1394 0.0811516 0.0322248
 0.17856 0.56081 0.166643 0.0518319 0.0421558
 0.24871 0.402062 0.238423 0.0708468 0.039958
 0.18832 0.51302 0.159832 0.0947804 0.0440482
 0.207766 0.439708 0.222813 0.0694175 0.0602956
 0.18196 0.481002 0.187064 0.0947908 0.0551835
 0.111025 0.484601 0.237769 0.0924695 0.0741354
 0.108785 0.378547 0.279467 0.13712 0.0960803
 0.182146 0.340781 0.202639 0.1496 0.124834
 0.168164 0.48884 0.142919 0.0849838 0.115094
 0.236883 0.463895 0.175842 0.0514097 0.0719704
 0.320587 0.469047 0.12788 0.0484738 0.0340118
 0.220161 0.569453 0.145245 0.0395993 0.0255424
 0.246519 0.459153 0.214923 0.0548183 0.0245858
 0.236482 0.485971 0.169131 0.0791678 0.0292488
 0.311285 0.427725 0.166117 0.0578133 0.0370596
 0.267147 0.517029 0.134037 0.0520565 0.0297305
 0.257942 0.48421 0.181912 0.0471599 0.0287761
 0.307821 0.445625 0.160882 0.0604416 0.0252302
 0.296277 0.492345 0.136085 0.0491302 0.0261625
 0.136515 0.593619 0.188806 0.0521863 0.0288735
 0.178243 0.370345 0.310332 0.0987038 0.0423764
 0.216913 0.414355 0.166178 0.139249 0.0633043
pobs_RECLAS
 0 0 0 0 0
 0 0 0 0 0
 0 0 0 0 0
 0 0 0 0 0
 0.835266 0.146461 0.0176864 0.000547809 3.91292e-05
 0.385257 0.428462 0.181853 0.0044286 0
 0.867414 0.0963971 0.0333333 0.00285562 0
 0.441836 0.489002 0.0689373 0.000224442 0
 0.779404 0.147425 0.0564933 0.0165055 0.000172143
 0.814271 0.122319 0.05973 0.00367925 0
 0.40263 0.566651 0.0304383 0.000280538 0
 0.475488 0.404961 0.113038 0.00651328 0
 0.955842 0.0263864 0.0167828 0.000988607 0
 0.975058 0.0227948 0.00214734 0 0
 0.738997 0.206755 0.0527124 0.00153531 0
 0.850938 0.134255 0.0134407 0.00136685 0
 0.542534 0.407297 0.0501686 0 0
 0.764087 0.199537 0.0359546 0.000420521 0
 0.470689 0.182191 0.310203 0.0369168 0
 0.84361 0.089868 0.0606195 0.00523954 0.000663233
 0.607945 0.314616 0.071237 0.00620181 0
 0.523733 0.453247 0.0230204 0 0
 0.530135 0.295979 0.169645 0.0042399 0
 0.562478 0.366248 0.0663022 0.0049721 0
 0.250443 0.683176 0.0655157 0.000865301 0
 0.195077 0.31981 0.436473 0.0351445 0.0134964
 0.565238 0.351407 0.0832357 0.000118908 0
ppred_RECLAS
 0.762226 0.167893 0.0625033 0.0073737 4.10711e-06
 0.697971 0.236603 0.0461976 0.0171984 0.00203008
 0.523269 0.34123 0.106148 0.0207258 0.00862655
 0.63461 0.201504 0.117305 0.0364907 0.0100905
 0.681732 0.203496 0.0632943 0.0368468 0.0146316
 0.523239 0.325492 0.0967189 0.030083 0.024467
 0.625094 0.200635 0.118977 0.0353537 0.0199397
 0.539929 0.290786 0.0905947 0.0537228 0.0249671
 0.570561 0.238348 0.120778 0.0376285 0.0326839
 0.529509 0.276646 0.107589 0.0545185 0.0317385
 0.39035 0.332334 0.16306 0.0634147 0.0508414
 0.384541 0.261419 0.192996 0.0946932 0.0663516
 0.536378 0.193181 0.114871 0.0848049 0.0707652
 0.521219 0.281362 0.0822598 0.0489142 0.0662446
 0.622434 0.229521 0.0870011 0.0254359 0.0356087
 0.706579 0.20257 0.0552283 0.0209346 0.0146888
 0.589014 0.300109 0.0765458 0.0208694 0.0134612
 0.623208 0.229608 0.107476 0.0274129 0.0122946
 0.609921 0.248281 0.0864085 0.0404466 0.0149431
 0.695325 0.189218 0.0734873 0.0255756 0.0163945
 0.647202 0.248899 0.064526 0.0250602 0.0143124
 0.636517 0.237181 0.0891063 0.0231004 0.0140954
 0.691575 0.198564 0.0716866 0.0269319 0.0112422
 0.67971 0.224084 0.0619373 0.0223609 0.0119075
 0.443294 0.382718 0.121727 0.0336456 0.0186153
 0.522049 0.2154 0.180496 0.0574082 0.024647
 0.582412 0.220959 0.0886158 0.074256 0.0337576
pobs_PELACES
 0 0 0 0 0
 0 0 0 0 0
 0 0 0 0 0
 0 0 0 0 0
 0 0 0 0 0
 0 0 0 0 0
 0 0 0 0 0
 0 0 0 0 0
 0 0 0 0 0
 0 0 0 0 0
 0.450072 0.473896 0.0757376 0.000293798 0
 0 0 0 0 0
 0.463077 0.371075 0.160297 0.00555027 0
 0.529543 0.364841 0.0842815 0.0213345 0
 0.631943 0.363953 0.00410389 0 0
 0.735681 0.248677 0.0153453 0.000297389 0
 0.695825 0.281241 0.0229344 0 0
 0.275771 0.60734 0.115278 0.00161068 0
 0 0 0 0 0
 0.896147 0.0623911 0.0374545 0.00400742 0
 0.803859 0.145111 0.0509908 3.86294e-05 0
 0.739449 0.233085 0.0266225 0.000797448 4.60066e-05
 0.878498 0.100942 0.0204185 0.000141795 0
 0.694673 0.275183 0.0284847 0.00165964 0
 0.469039 0.446079 0.0841089 0.000773354 0
 0.822795 0.102175 0.0682046 0.00682512 0
 0.69333 0.244118 0.0624202 0.000131731 0
ppred_PELACES
 0.776343 0.157925 0.0587924 0.00693591 3.86326e-06
 0.70979 0.227344 0.0443897 0.0165254 0.00195063
 0.541913 0.327885 0.101997 0.0199152 0.00828919
 0.637764 0.199764 0.116293 0.0361757 0.0100034
 0.682381 0.203081 0.0631652 0.0367716 0.0146018
 0.531112 0.320117 0.0951218 0.0295862 0.024063
 0.629689 0.198176 0.117519 0.0349204 0.0196953
 0.549901 0.284484 0.0886311 0.0525584 0.024426
 0.582089 0.23195 0.117536 0.0366184 0.0318065
 0.539823 0.270581 0.10523 0.0533233 0.0310428
 0.412957 0.320011 0.157013 0.0610632 0.0489561
 0.405656 0.25245 0.186374 0.0914444 0.0640751
 0.570382 0.179012 0.106446 0.0785849 0.065575
 0.578902 0.247464 0.0723493 0.0430211 0.0582636
 0.668007 0.201817 0.0764997 0.0223657 0.0313106
 0.722317 0.191704 0.0522661 0.0198118 0.013901
 0.602492 0.290268 0.0740356 0.020185 0.0130198
 0.631995 0.224253 0.10497 0.0267736 0.0120079
 0.617278 0.243598 0.0847787 0.0396837 0.0146613
 0.702064 0.185033 0.0718619 0.0250099 0.0160319
 0.650718 0.246419 0.0638829 0.0248105 0.0141697
 0.641331 0.234039 0.0879261 0.0227944 0.0139087
 0.696904 0.195133 0.070448 0.0264666 0.011048
 0.684843 0.220493 0.0609448 0.0220026 0.0117167
 0.448163 0.379371 0.120662 0.0333513 0.0184525
 0.526724 0.213293 0.17873 0.0568467 0.0244059
 0.586814 0.218629 0.0876816 0.0734732 0.0334017
pobs_pel_tallas
 0 0 0 0 0 0 0 0 0 0 0 0 0 0 0 0 0 0 0 0 0 0 0 0 0 0 0 0 0 0 0 0 0 0 0 0
 0 0 0 0 0 0 0 0 0 0 0 0 0 0 0 0 0 0 0 0 0 0 0 0 0 0 0 0 0 0 0 0 0 0 0 0
 0 0 0 0 0 0 0 0 0 0 0 0 0 0 0 0 0 0 0 0 0 0 0 0 0 0 0 0 0 0 0 0 0 0 0 0
 0 0 0 0 0 0 0 0 0 0 0 0 0 0 0 0 0 0 0 0 0 0 0 0 0 0 0 0 0 0 0 0 0 0 0 0
 0 0 0 0 0 0 0 0 0 0 0 0 0 0 0 0 0 0 0 0 0 0 0 0 0 0 0 0 0 0 0 0 0 0 0 0
 0 0 0 0 0 0 0 0 0 0 0 0 0 0 0 0 0 0 0 0 0 0 0 0 0 0 0 0 0 0 0 0 0 0 0 0
 0 0 0 0 0 0 0 0 0 0 0 0 0 0 0 0 0 0 0 0 0 0 0 0 0 0 0 0 0 0 0 0 0 0 0 0
 0 0 0 0 0 0 0 0 0 0 0 0 0 0 0 0 0 0 0 0 0 0 0 0 0 0 0 0 0 0 0 0 0 0 0 0
 0 0 0 0 0 0 0 0 0 0 0 0 0 0 0 0 0 0 0 0 0 0 0 0 0 0 0 0 0 0 0 0 0 0 0 0
 0 0 0 0 0 0 0 0 0 0 0 0 0 0 0 0 0 0 0 0 0 0 0 0 0 0 0 0 0 0 0 0 0 0 0 0
 0 0 0 0 0 0 0 0 1.78061e-05 0.00172719 0.00360574 0.0105946 0.0120993 0.0124554 0.0147524 0.0171206 0.0266825 0.0428682 0.0675386 0.121331 0.153587 0.119568 0.100827 0.0573624 0.0630603 0.0341343 0.0324427 0.0444173 0.0211091 0.0280891 0.0125444 0.00206551 0 0 0 0
 0 0 0 0 0 0 0 0 0 0 0 0 0 0 0 0 0 0 0 0 0 0 0 0 0 0 0 0 0 0 0 0 0 0 0 0
 0 0 0 0 0 0 0.0133647 0.0140871 0.0187388 0.0205184 0.03894 0.0496705 0.03968 0.0493445 0.0407372 0.0367815 0.0215668 0.0243155 0.0234873 0.0199281 0.019796 0.0243948 0.0301388 0.0376714 0.0412746 0.0863199 0.0771752 0.113111 0.0741005 0.0525337 0.0229764 0.00759418 0.00175318 0 0 0
 0 0 0 0 0 0 0 0 0 0 0.00219441 0.00772107 0.0458388 0.0604681 0.0671733 0.0775358 0.0609151 0.0617685 0.073594 0.0568108 0.0755445 0.0548602 0.0670107 0.0636378 0.0643287 0.046367 0.0373049 0.0286899 0.0247887 0.0153202 0.00654259 0.00121912 0.000365735 0 0 0
 0 0 0 0 0 0 0 0 0 0 0 0 0.000112435 0.00938835 0.0111873 0.0202946 0.0414886 0.0713402 0.111592 0.104902 0.108894 0.110636 0.117776 0.105296 0.107544 0.0401394 0.0192827 0.0124803 0.00416011 0.0028671 0.000618394 0 0 0 0 0
 0 0 0 0 0 0 0 0 0 0 0.00291406 0.0102884 0.027416 0.0768956 0.0749926 0.110853 0.0956884 0.0897413 0.0766577 0.0534642 0.0500743 0.0551293 0.0594112 0.0620874 0.0668451 0.0424026 0.0208742 0.0120726 0.0048766 0.00582813 0.00118941 0.000297354 0 0 0 0
 0 0.00264628 0.0354308 0.0461629 0.0458689 0.0383711 0.0214643 0.0164657 0.0346957 0.0420465 0.0363128 0.0245516 0.0311673 0.0291091 0.0169068 0.0133784 0.00837989 0.0085269 0.0148486 0.0160247 0.0276389 0.0546898 0.0760071 0.122758 0.109233 0.0665981 0.0333725 0.0166128 0.00676272 0.00308733 0.000882094 0 0 0 0 0
 0 0 0 0 0 0 0 0.000805153 0.000690131 0.00759144 0.0133425 0.0154129 0.00931677 0.000345066 0.00356568 0.00563607 0.00851162 0.0253048 0.0502646 0.0516448 0.0657925 0.0565908 0.0611916 0.0827007 0.0866115 0.110766 0.145733 0.0935128 0.0569358 0.0249597 0.0138026 0.00621118 0.00161031 0.00115022 0 0
 0 0 0 0 0 0 0 0 0 0 0 0 0 0 0 0 0 0 0 0 0 0 0 0 0 0 0 0 0 0 0 0 0 0 0 0
 0.00147267 0.00158595 0.00478618 0.00569244 0.00954404 0.0108468 0.00647125 0.017049 0.0510054 0.094081 0.124002 0.0959785 0.0687766 0.0820023 0.061753 0.0591476 0.0492212 0.0479892 0.0443925 0.0268479 0.0217502 0.0140895 0.0121071 0.0120363 0.00920419 0.00665534 0.0049561 0.00860946 0.00930331 0.0156896 0.0114698 0.00855282 0.00243557 0.00046729 0 2.83206e-05
 0 0 0 0 0.000772559 0.00158375 0.000888443 0.00281984 0.00712685 0.0440552 0.0773331 0.111326 0.0921469 0.0852325 0.0710754 0.0886704 0.0786465 0.0553345 0.0373146 0.0185414 0.00753245 0.00457741 0.012979 0.0271748 0.0457355 0.0583668 0.034881 0.0177882 0.00938659 0.00492506 0.0015258 0.00185414 0.000309023 5.79419e-05 3.86279e-05 0
 0 0.00173294 0.00326652 0 0.00397197 0.00683976 0.00946217 0.0152591 0.00757587 0.0136028 0.0228656 0.0392903 0.0559909 0.0764795 0.0681675 0.0726916 0.0566044 0.0477403 0.0527397 0.0444891 0.0609904 0.0582453 0.0661739 0.0445044 0.0529084 0.0360697 0.0280645 0.0235558 0.0158879 0.00826598 0.00280645 0.00217768 0.000904811 0.00058276 9.20147e-05 0
 0 0 0 0 0 0 0 0 0 0 0 0 0 0 0 0 0 0 0 0 0 0 0 0 0 0 0 0 0 0 0 0 0 0 0 0
 0 0 0 0 0 0 0 0 0 0 0 0 0 0 0 0 0 0 0 0 0 0 0 0 0 0 0 0 0 0 0 0 0 0 0 0
 0 0 0 0 0 0 0 0 0 0 0 0 0 0 0 0 0 0 0 0 0 0 0 0 0 0 0 0 0 0 0 0 0 0 0 0
 0 0 0 0 0 0 0 0 0 0 0 0 0 0 0 0 0 0 0 0 0 0 0 0 0 0 0 0 0 0 0 0 0 0 0 0
 0 0 0 0 0 0 0 0 0 0 0 0 0 0 0 0 0 0 0 0 0 0 0 0 0 0 0 0 0 0 0 0 0 0 0 0
ppred_pel_tallas
 1.01125e-16 3.38713e-05 0.000198801 0.000945018 0.00363838 0.011346 0.028659 0.05864 0.0972016 0.130537 0.142046 0.125283 0.0896559 0.0522723 0.0252726 0.0109695 0.00565814 0.00497921 0.00626176 0.00833316 0.0107141 0.0131154 0.0152712 0.0169334 0.0179135 0.0181226 0.0175871 0.0164337 0.0148522 0.0130472 0.0111972 0.00943021 0.00781947 0.00639347 0.00515281 0.00408569
 1.01364e-16 3.09721e-05 0.000181774 0.000864055 0.00332663 0.0103738 0.0262034 0.0536161 0.0888765 0.119364 0.129907 0.114623 0.082129 0.0480882 0.0236313 0.0109086 0.00656698 0.00664369 0.00869517 0.0116121 0.0148779 0.0181147 0.020948 0.0230288 0.0241015 0.0240612 0.0229749 0.0210564 0.0186076 0.0159442 0.0133323 0.010952 0.00889142 0.00716401 0.00573801 0.00456388
 1.02627e-16 2.36561e-05 0.000138813 0.000659792 0.00254013 0.00792107 0.0200082 0.0409411 0.0678708 0.0911676 0.0992586 0.0876726 0.0630194 0.0373045 0.0190886 0.010088 0.00781807 0.00931055 0.0127148 0.0171337 0.0220449 0.02696 0.0313497 0.0347067 0.0366484 0.0370009 0.0358308 0.0334128 0.0301489 0.0264675 0.0227359 0.0192109 0.0160302 0.0132361 0.0108131 0.00872302
 1.03427e-16 2.78305e-05 0.000163332 0.000776383 0.00298908 0.00932114 0.0235445 0.0481757 0.0798584 0.107253 0.116728 0.102999 0.0738085 0.0432348 0.0212833 0.00989369 0.00606465 0.00625206 0.00828207 0.011184 0.0145216 0.01798 0.021238 0.0239806 0.0259542 0.0270151 0.0271507 0.0264644 0.0251342 0.0233605 0.0213229 0.0191557 0.0169477 0.0147539 0.0126144 0.0105667
 1.02909e-16 2.97759e-05 0.000174753 0.000830684 0.00319815 0.00997312 0.0251914 0.0515453 0.0854435 0.114753 0.124886 0.110186 0.0789367 0.0461928 0.0226521 0.0103793 0.00614979 0.00615724 0.00806232 0.0108166 0.01395 0.0171311 0.020032 0.0223416 0.0238234 0.0243645 0.0239948 0.0228667 0.0212056 0.0192503 0.0172015 0.0151946 0.0132987 0.0115328 0.00989093 0.00836287
 1.03596e-16 2.31847e-05 0.000136046 0.000646642 0.0024895 0.00776319 0.0196094 0.0401251 0.066518 0.0893504 0.0972801 0.0859248 0.0617627 0.0365599 0.0187066 0.00988517 0.00766127 0.00912742 0.0124726 0.0168214 0.0216675 0.0265389 0.0309237 0.0343311 0.0363904 0.0369317 0.036016 0.033903 0.0309723 0.0276249 0.0242007 0.0209315 0.0179359 0.0152446 0.0128388 0.0106854
 1.03854e-16 2.74783e-05 0.000161264 0.000766555 0.00295124 0.00920313 0.0232464 0.0475658 0.0788475 0.105896 0.115251 0.101696 0.0728773 0.0426938 0.0210254 0.00978841 0.00602096 0.00622543 0.00825733 0.01116 0.0145043 0.0179803 0.0212714 0.0240663 0.0261132 0.0272681 0.0275147 0.0269502 0.0257442 0.0240876 0.0221505 0.0200594 0.0178971 0.0157162 0.0135566 0.0114591
 1.04299e-16 2.40025e-05 0.000140851 0.00066949 0.00257749 0.00803758 0.0203025 0.0415429 0.0688669 0.0925014 0.1007 0.0889189 0.0638576 0.0376851 0.019071 0.00973701 0.00714362 0.00826814 0.0112373 0.0151678 0.019582 0.0240595 0.0281496 0.0314186 0.0335353 0.0343412 0.0338768 0.0323529 0.0300825 0.0273958 0.0245701 0.0217913 0.0191532 0.0166809 0.0143658 0.0121952
 1.04489e-16 2.5404e-05 0.000149083 0.000708639 0.00272824 0.00850771 0.0214899 0.043972 0.0728918 0.0979016 0.106563 0.0940582 0.0674663 0.0396497 0.0197609 0.00959426 0.00643472 0.00706623 0.00951016 0.0128656 0.0166952 0.0206505 0.0243641 0.0274763 0.0297008 0.0308812 0.0310142 0.03023 0.0287421 0.0267849 0.0245617 0.0222175 0.0198389 0.0174714 0.0151435 0.0128847
 1.04865e-16 2.35625e-05 0.000138269 0.000657218 0.00253024 0.00789025 0.0199303 0.0407813 0.0676042 0.0908049 0.0988514 0.0872835 0.062676 0.0369736 0.0186853 0.00949997 0.00692424 0.00799273 0.010872 0.0147047 0.0190364 0.0234708 0.0275821 0.0309559 0.03327 0.0343597 0.0342439 0.0330993 0.0311985 0.0288326 0.0262481 0.023613 0.021017 0.0184938 0.0160525 0.013703
 1.06719e-16 1.80327e-05 0.000105799 0.000502842 0.00193584 0.00603661 0.0152482 0.0312019 0.0517278 0.0694912 0.0756786 0.0668929 0.0481877 0.0287366 0.0150978 0.00862247 0.00746511 0.00940802 0.0130707 0.0177733 0.0230877 0.0285764 0.033743 0.0380951 0.04124 0.0429628 0.043258 0.0423016 0.0403821 0.0378139 0.0348673 0.0317316 0.028517 0.0252795 0.0220555 0.0188871
 1.08864e-16 1.77116e-05 0.00010392 0.000493924 0.00190152 0.00592962 0.0149779 0.0306482 0.0508084 0.0682511 0.074315 0.0656568 0.0472302 0.0280319 0.014485 0.00789597 0.00643453 0.0079164 0.0110008 0.0150644 0.0197625 0.0247665 0.0296985 0.034169 0.0378458 0.040512 0.0420913 0.0426317 0.0422603 0.0411285 0.0393699 0.0370835 0.0343422 0.0312145 0.0277868 0.0241736
 1.07334e-16 2.48913e-05 0.000146078 0.000694365 0.0026733 0.00833639 0.0210571 0.0430861 0.0714219 0.0959233 0.104399 0.0921231 0.0660236 0.038692 0.0190811 0.00893125 0.00556687 0.00583009 0.00779224 0.0106042 0.0138973 0.0174124 0.020882 0.0240379 0.0266556 0.0285931 0.029807 0.0303381 0.0302764 0.0297211 0.0287503 0.0274106 0.0257267 0.0237207 0.0214327 0.0189315
 1.05309e-16 2.52655e-05 0.000148269 0.000704767 0.00271333 0.00846119 0.0213724 0.0437318 0.0724939 0.0973684 0.105985 0.093556 0.067122 0.0394791 0.019734 0.00967531 0.0066061 0.00732764 0.00986649 0.0133141 0.0172164 0.0212037 0.0248891 0.0279016 0.0299577 0.0309206 0.0308219 0.0298353 0.0282168 0.0262319 0.0240959 0.0219445 0.0198353 0.0177728 0.0157409 0.0137302
 1.03384e-16 2.91492e-05 0.000171074 0.000813191 0.0031308 0.00976308 0.0246608 0.0504597 0.0836442 0.112337 0.122257 0.10787 0.0772834 0.0452375 0.0222068 0.0102153 0.00610974 0.00616765 0.00810238 0.0108901 0.0140716 0.0173212 0.0203145 0.0227417 0.0243636 0.0250616 0.0248558 0.0238865 0.0223662 0.0205216 0.0185444 0.0165654 0.014653 0.0128302 0.0110981 0.00945538
 1.02135e-16 3.15169e-05 0.000184975 0.000879282 0.00338527 0.0105566 0.0266653 0.0545609 0.0904416 0.121463 0.132182 0.116609 0.0835055 0.0488006 0.0238079 0.0106997 0.00604939 0.00581609 0.00751745 0.0100467 0.0129204 0.0158134 0.0184114 0.0204202 0.0216195 0.02191 0.0213312 0.020042 0.0182723 0.0162645 0.0142226 0.0122846 0.0105193 0.00894221 0.0075385 0.00628495
 1.02448e-16 2.6296e-05 0.000154315 0.000733499 0.00282394 0.00880612 0.0222437 0.0455149 0.0754506 0.101342 0.110317 0.0973961 0.0699117 0.0411894 0.0207164 0.0103647 0.00733535 0.00830035 0.0111947 0.0150451 0.0193326 0.0236113 0.0274114 0.0302872 0.0319066 0.0321246 0.0310108 0.0288192 0.0259143 0.0226802 0.0194422 0.0164221 0.0137318 0.0113956 0.0093861 0.0076573
 1.03045e-16 2.75799e-05 0.000161858 0.000769374 0.00296209 0.00923695 0.0233319 0.0477408 0.0791383 0.106288 0.115684 0.102091 0.073188 0.0429317 0.0212459 0.0100626 0.00641666 0.00680041 0.00905582 0.0122053 0.0157877 0.0194516 0.0228346 0.0255861 0.0274313 0.0282271 0.0279845 0.02685 0.0250549 0.0228526 0.0204649 0.0180525 0.0157116 0.0134894 0.0114066 0.00947616
 1.03332e-16 2.69389e-05 0.000158093 0.000751472 0.00289315 0.00902198 0.0227889 0.04663 0.0772976 0.103818 0.113001 0.0997363 0.0715287 0.0420159 0.0208995 0.010076 0.00665839 0.00722623 0.00966984 0.0130221 0.016809 0.0206537 0.0241657 0.0269701 0.0287796 0.0294544 0.0290254 0.0276711 0.0256593 0.0232756 0.0207629 0.0182887 0.0159422 0.0137539 0.0117236 0.00984453
 1.02689e-16 3.06335e-05 0.00017979 0.00085463 0.00329036 0.0102607 0.0259176 0.0530312 0.0879059 0.118058 0.128477 0.113341 0.0811677 0.0474394 0.0231538 0.0104246 0.00592419 0.00572972 0.00743438 0.00996967 0.0128735 0.0158367 0.0185581 0.0207515 0.0221962 0.0227821 0.0225277 0.0215625 0.0200845 0.0183059 0.0164085 0.0145187 0.0127061 0.0109971 0.00939652 0.00790428
 1.02502e-16 2.83971e-05 0.000166654 0.00079217 0.00304985 0.00951063 0.0240232 0.0491555 0.0814836 0.109439 0.119115 0.105125 0.0753751 0.0442383 0.0219353 0.0104573 0.00675122 0.0072014 0.00957551 0.012849 0.0165223 0.0202046 0.0234967 0.0260208 0.0274948 0.0277934 0.0269713 0.0252373 0.0228928 0.0202546 0.0175898 0.0150793 0.012813 0.0108102 0.00904944 0.00749687
 1.02758e-16 2.79873e-05 0.00016425 0.000780741 0.00300585 0.00937342 0.0236766 0.0484462 0.0803077 0.107859 0.117395 0.103603 0.0742767 0.0435797 0.0215835 0.0102493 0.00656779 0.00697756 0.00928393 0.0124869 0.0161076 0.0197768 0.0231155 0.0257608 0.0274343 0.0280006 0.0274901 0.0260772 0.0240249 0.0216157 0.0190926 0.0166264 0.0143118 0.0121844 0.0102464 0.00848986
 1.0249e-16 3.0409e-05 0.00017847 0.000848356 0.0032662 0.0101853 0.0257273 0.0526419 0.0872609 0.117192 0.127538 0.112519 0.0805928 0.047131 0.0230548 0.0104669 0.00606874 0.00596895 0.00777767 0.0104283 0.0134506 0.0165207 0.0193208 0.0215489 0.0229739 0.0234832 0.0231018 0.0219737 0.0203154 0.0183589 0.0163025 0.0142842 0.0123792 0.0106145 0.00899099 0.00750297
 1.02241e-16 2.9884e-05 0.000175386 0.000833689 0.00320972 0.0100092 0.0252825 0.0517318 0.0857531 0.11517 0.125343 0.110599 0.0792508 0.046414 0.02283 0.0105766 0.00642283 0.00655074 0.00860897 0.0115339 0.0148335 0.0181478 0.0211174 0.0234033 0.0247515 0.0250477 0.0243381 0.0228067 0.0207206 0.0183616 0.0159681 0.0137027 0.0116478 0.00982339 0.00821363 0.00679128
 1.03845e-16 1.95702e-05 0.00011482 0.000545718 0.0021009 0.00655134 0.0165485 0.0338626 0.0561396 0.07542 0.0821405 0.0726169 0.0523375 0.0312635 0.0165182 0.00957325 0.00842655 0.0106635 0.0147644 0.0199526 0.0257078 0.0314881 0.0366885 0.0407247 0.0431536 0.0437699 0.0426426 0.0400777 0.0365253 0.0324642 0.0283034 0.024326 0.0206824 0.0174182 0.0145188 0.0119489
 1.05701e-16 2.29892e-05 0.000134908 0.000641251 0.00246878 0.0076986 0.0194461 0.0397903 0.0659601 0.0885928 0.0964335 0.0851255 0.0610761 0.0359295 0.0179748 0.00884557 0.00609884 0.00684133 0.00930199 0.0126855 0.0166134 0.0207814 0.0248571 0.0285006 0.0314212 0.0334281 0.0344546 0.0345462 0.0338247 0.0324418 0.0305417 0.0282436 0.0256435 0.0228277 0.0198862 0.0169195
 1.05402e-16 2.56094e-05 0.000150291 0.000714383 0.00275036 0.00857669 0.0216641 0.0443284 0.0734821 0.098693 0.10742 0.0948057 0.0679821 0.0399119 0.0198153 0.00949381 0.00620275 0.00669449 0.00897353 0.0121383 0.0157634 0.0195221 0.0230746 0.0260902 0.0283074 0.0295857 0.0299248 0.0294445 0.0283355 0.0268007 0.0250075 0.0230652 0.0210288 0.0189199 0.0167529 0.014554
pSPR Fmed_Fpbrs
0.434119   0.6 0.325
Fs Fmed_Fpbrs
0.66   0.343692 1.04542
SSBpbr Bo_Bmed_Bpbrs
3.45532e+06  1.32725e+06  1.90043e+06 950214
Ro
76115
SPR SPRFo_SPRFmed_SPRFpbrs
1.57682e+06 684525 512465
log_Ro
11.06
likeval ReclasPelacesDesembMPH_pf_preclas_ppelaces_ptallas_desvR_qrecl_qpela
 66.2119 25.1628 0.0390401 0.00064495 358.219 224.908 59.8418 0 18.4167 0.00011805 1.12006e-07 8.06064e-16 0 0 0
q_reclas_q_pelaces
0.214461 0.953502
M
0.7
N
 82238.3 20435 7607.55 897.485 0.499894
 104114 38460.1 7509.48 2795.63 329.992
 67813.9 49536.8 15409.6 3008.79 1252.33
 98183.4 31825.9 18527.4 5763.41 1593.71
 160938 48258 15009.9 8738.03 3469.82
 122194 79739.1 23694.3 7369.75 5993.95
 179185 59251.3 35136.1 10440.6 5888.56
 153165 87671.4 27314.1 16197.3 7527.53
 164440 73787.4 37390.3 11649 10118.2
 141647 78802 30646.5 15529.5 9040.66
 69436.9 68174.6 33449.8 13008.8 10429.5
 41326.2 32119.5 23712.6 11634.6 8152.35
 43272.8 19198.9 11416.3 8428.2 7032.89
 25196.6 19370 5663.06 3367.43 4560.51
 21039.8 10493.3 3977.54 1162.88 1627.97
 27898.3 8990.05 2451.04 929.08 651.892
 23567.8 13070.7 3333.82 908.93 586.279
 28766.4 11219.7 5251.8 1339.52 600.772
 32544.3 13885.6 4832.57 2262.06 835.725
 55267.1 15787.2 6131.33 2133.87 1367.86
 68051.3 26790.2 6945.23 2697.34 1540.51
 86850.8 33402.3 12548.9 3253.23 1985.06
 142348 42455.4 15327.5 5758.36 2403.72
 202982 69362.4 19171.9 6921.54 3685.82
 111312 99013.9 31492.2 8704.52 4816.01
 128296 54460.6 45635.5 14514.8 6231.61
 161085 62815.3 25192.2 21109.9 9596.79
pred_Ctot
 3456.1 3887.47 1447.23 170.733 0.0950975
 3142.66 5409.08 1056.14 393.18 46.4105
 2687.25 8937.85 2780.34 542.871 225.956
 722.306 1153.79 671.678 208.942 57.7771
 261.021 391.195 121.676 70.8334 28.1275
 2071.31 6505.44 1933.08 601.255 489.011
 1897.72 3067.83 1819.23 540.578 304.889
 3296.13 8979.29 2797.5 1658.92 770.969
 4145.02 8772.37 4445.22 1384.91 1202.92
 3141.24 8303.69 3229.34 1636.4 952.651
 3434.53 14991 7355.31 2860.52 2293.36
 1923.47 6693.22 4941.34 2424.47 1698.83
 3086.75 5775.06 3434.03 2535.21 2115.5
 2953.71 8586.18 2510.28 1492.69 2021.55
 2129.91 4171.06 1581.06 462.244 647.115
 1137.96 1664.93 453.926 172.063 120.729
 702.206 1816.28 463.261 126.303 81.4681
 579.335 1079.04 505.082 128.826 57.7782
 542.118 1114.06 387.721 181.487 67.051
 949.345 1304.46 506.618 176.317 113.023
 566.686 1096.75 284.326 110.425 63.0658
 976.206 1832.54 688.464 178.481 108.906
 1922.03 2782.48 1004.55 377.397 157.538
 2586.06 4297.46 1187.83 428.836 228.361
 1181.86 5139.2 1634.57 451.798 249.969
 1296.25 2693.3 2256.86 717.815 308.179
 1574.31 3007.3 1206.08 1010.64 459.449
F
 0.0599987 0.301085 0.301085 0.301085 0.301085
 0.0427702 0.214629 0.214629 0.214629 0.214629
 0.0564875 0.283464 0.283464 0.283464 0.283464
 0.0102761 0.0515671 0.0515671 0.0515671 0.0515671
 0.00225748 0.0113284 0.0113284 0.0113284 0.0113284
 0.0238194 0.11953 0.11953 0.11953 0.11953
 0.0148233 0.074386 0.074386 0.074386 0.074386
 0.0303267 0.152185 0.152185 0.152185 0.152185
 0.0356047 0.178671 0.178671 0.178671 0.178671
 0.0312645 0.156891 0.156891 0.156891 0.156891
 0.0709554 0.356067 0.356067 0.356067 0.356067
 0.0666421 0.334422 0.334422 0.334422 0.334422
 0.103801 0.520891 0.520891 0.520891 0.520891
 0.175972 0.88306 0.88306 0.88306 0.88306
 0.150298 0.754224 0.754224 0.754224 0.754224
 0.0581882 0.291999 0.291999 0.291999 0.291999
 0.0422076 0.211806 0.211806 0.211806 0.211806
 0.0283561 0.142296 0.142296 0.142296 0.142296
 0.0234032 0.117442 0.117442 0.117442 0.117442
 0.024141 0.121144 0.121144 0.121144 0.121144
 0.0116389 0.058406 0.058406 0.058406 0.058406
 0.0157383 0.0789777 0.0789777 0.0789777 0.0789777
 0.0189326 0.0950071 0.0950071 0.0950071 0.0950071
 0.0178557 0.0896033 0.0896033 0.0896033 0.0896033
 0.0148609 0.0745749 0.0745749 0.0745749 0.0745749
 0.0141372 0.0709428 0.0709428 0.0709428 0.0709428
 0.0136719 0.0686079 0.0686079 0.0686079 0.0686079
Np
 63645.7 29513.3 27787 10256.4 5561.86
YTP_r0W_actual
 12751.9 73077.4 39559.5 40627.8 20996.8
YTP_p0W_proyectada
 26160.7 387178 201316 100923 142117
 26160.7 144816 192069 88617.4 55175.1
CTP_r0_actual
 1574.31 3007.3 1206.08 1010.64 459.449
CTP_p0_proyectada
 3041.95 16833.8 6213.47 2491.92 3056.29
 3041.95 6296.35 5928.06 2188.08 1186.56
Wmedp
 8.6 23 32.4 40.5 46.5
nmprior
 10.8 10.6 4.6 0
nm_flota  nm_reclas  nm_pelaces    nm_pelaL
inf 11.3718 20.3635 91.8922
cv_recla  cv_pelaces  cv_mph
0.704691 0.532054 0.678733
 ------------------------------------------------
Talla a la edad & desviaci?n 
 7.2 14.2025 17.0495 18.207 18.6776
 1.08 2.13037 2.55742 2.73105 2.80164
