years
 1997 1998 1999 2000 2001 2002 2003 2004 2005 2006 2007 2008 2009 2010 2011 2012 2013 2014 2015 2016 2017 2018 2019 2020 2021 2022 2023
reclasobs
 0 0 0 370054 412103 1.49427e+06 250295 1.28982e+06 931140 785840 897777 1.04006e+06 184774 17550 25797 100020 73551 82996 120727 218422 84188 347160 605670 569463 516374 1.08416e+06 1.01767e+06
reclaspred
 8.83255e+06 1.60287e+06 1.85836e+06 262111 219642 350241 644942 655236 655725 837991 978252 730357 370457 143739 78065.6 79639.3 80496.7 108246 146132 142982 200270 232514 363234 455496 800841 796022 392612
pelacesobs
 0 0 0 0 0 0 0 0 0 2.06254e+06 1.5e+06 0 1.87456e+06 323000 250000 174000 83755 137374 0 501740 490994 745055 786931 1.00524e+06 1.33801e+06 1.41789e+06 1.42762e+06
pelacespred
 1.84683e+07 9.5833e+06 1.91287e+06 589231 695623 649189 2.09532e+06 1.96791e+06 1.72446e+06 2.51322e+06 2.28957e+06 1.72007e+06 949803 301105 167282 169762 175549 258296 342037 294580 564982 603958 687796 1.06152e+06 1.8388e+06 1.78932e+06 720526
mphobs
 0 0 0 0 0 112323 0 153150 637223 0 255016 313432 73983 77613 109348 50772 17779 17303 59886 28197 0 207744 136588 643089 65757 70829 0
mphpred
 1.33271e+06 553737 206266 58187.6 34989.6 137350 143666 287397 246287 261215 385952 261700 158992 96771.1 45533 32798.3 28407.3 33641.4 46184.4 42762.1 51013.1 73182.8 83621.3 116418 208171 195245 121356
desembarqueobs
 350755 77701 442110 56441 14545 235359 269955 359681 431902 328805 639364 411747 362871 311530 167758 66681 60226 58785 57116 73181 50977 67692 138656 160484 209506 203330 187013
desembarquepred
 350744 77678.5 441467 56397 14540.9 235100 269800 358958 431205 328396 637949 410844 361950 310855 167169 66578.3 60168.4 58673.4 57014.9 73056.8 50946.3 67592.1 138475 160310 209250 202963 186666
Reclutas
 4469.68 6248.66 747.001 2717.88 40399.6 10635.1 65207.8 55627.5 58864.9 114973 64743.6 48334.4 58215 28995.8 11973.4 8957.14 6804.9 8844.32 7499.78 7890.07 15137.2 16525.2 26590.2 44733.4 20727.8 18202.6 2373.41
log_desv_Rt
 -1.27493 -0.939878 -3.06393 -1.77239 0.926576 -0.408086 1.40533 1.24643 1.303 1.97245 1.39819 1.1059 1.2919 0.594907 -0.289554 -0.579794 -0.854602 -0.592469 -0.75737 -0.70664 -0.0550914 0.0326435 0.508299 1.02848 0.259233 0.129318 -1.90792
SSB
 1.78693e+06 742461 276565 78019 46914.7 184161 192630 385347 330227 350242 517492 350893 213179 129753 61051.5 43976.6 38089.1 45107 61925 57336.3 68399.3 98124.9 112121 156096 279119 261788 162716
BT
 2.16555e+06 876479 390252 120055 240441 286431 1.02474e+06 913147 918127 1.09254e+06 1.1241e+06 790047 672388 388631 194449 101397 98713.8 123359 115370 123663 193233 167795 238579 390095 481430 427079 238086
Ftot
 0.155017 0.269569 1.32285 1.25992 0.416084 1.74545 2.0104 1.76407 2.19949 1.53704 1.93895 1.85426 3.23664 4.95303 4.95303 2.37669 2.3121 1.86722 1.21895 1.69821 0.962889 0.980116 1.31733 1.27599 0.842735 0.971894 1.58224
BD_Bspro_t
 0.978103 0.838032 0.561715 0.167721 0.204224 0.545019 0.371967 0.475228 0.383515 0.360091 0.415703 0.26857 0.182359 0.130976 0.0747394 0.0669786 0.0809079 0.132097 0.214189 0.242631 0.306119 0.450228 0.438631 0.447506 0.517328 0.425459 0.304922
BD_Bspro
 5.39293 2.24074 0.834673 0.235461 0.141588 0.555797 0.581356 1.16298 0.996623 1.05703 1.56179 1.05899 0.643374 0.391593 0.184253 0.132721 0.114953 0.136133 0.186889 0.173041 0.206429 0.29614 0.338381 0.471095 0.842381 0.790075 0.491077
BD_Bo
 3.05735 1.27032 0.473191 0.133487 0.080269 0.315091 0.329581 0.659311 0.565003 0.599248 0.885405 0.600362 0.36474 0.222001 0.104456 0.0752419 0.0651687 0.077176 0.105951 0.0980997 0.117028 0.167887 0.191834 0.267072 0.47756 0.447907 0.2784
BD_Brms
 5.55881 2.30967 0.860346 0.242703 0.145944 0.572892 0.599238 1.19875 1.02728 1.08954 1.60983 1.09157 0.663163 0.403638 0.189921 0.136803 0.118489 0.14032 0.192638 0.178363 0.212778 0.305249 0.348789 0.485586 0.868291 0.814377 0.506182
S_f
 0.0747046 0.819862 0.996118 0.999931 0.999999
 0.0747046 0.819862 0.996118 0.999931 0.999999
 0.0747046 0.819862 0.996118 0.999931 0.999999
 0.0747046 0.819862 0.996118 0.999931 0.999999
 0.0747046 0.819862 0.996118 0.999931 0.999999
 0.0747046 0.819862 0.996118 0.999931 0.999999
 0.0747046 0.819862 0.996118 0.999931 0.999999
 0.0747046 0.819862 0.996118 0.999931 0.999999
 0.0747046 0.819862 0.996118 0.999931 0.999999
 0.0747046 0.819862 0.996118 0.999931 0.999999
 0.0747046 0.819862 0.996118 0.999931 0.999999
 0.0747046 0.819862 0.996118 0.999931 0.999999
 0.0747046 0.819862 0.996118 0.999931 0.999999
 0.0747046 0.819862 0.996118 0.999931 0.999999
 0.0747046 0.819862 0.996118 0.999931 0.999999
 0.0747046 0.819862 0.996118 0.999931 0.999999
 0.0747046 0.819862 0.996118 0.999931 0.999999
 0.0747046 0.819862 0.996118 0.999931 0.999999
 0.0747046 0.819862 0.996118 0.999931 0.999999
 0.0747046 0.819862 0.996118 0.999931 0.999999
 0.0747046 0.819862 0.996118 0.999931 0.999999
 0.0747046 0.819862 0.996118 0.999931 0.999999
 0.0747046 0.819862 0.996118 0.999931 0.999999
 0.0747046 0.819862 0.996118 0.999931 0.999999
 0.0747046 0.819862 0.996118 0.999931 0.999999
 0.0747046 0.819862 0.996118 0.999931 0.999999
 0.0747046 0.819862 0.996118 0.999931 0.999999
Scru_reclas
 0.0813673 0.308323 0.691677 0.918633 0.982704
 0.0813673 0.308323 0.691677 0.918633 0.982704
 0.0813673 0.308323 0.691677 0.918633 0.982704
 0.0813673 0.308323 0.691677 0.918633 0.982704
 0.0813673 0.308323 0.691677 0.918633 0.982704
 0.0813673 0.308323 0.691677 0.918633 0.982704
 0.0813673 0.308323 0.691677 0.918633 0.982704
 0.0813673 0.308323 0.691677 0.918633 0.982704
 0.0813673 0.308323 0.691677 0.918633 0.982704
 0.0813673 0.308323 0.691677 0.918633 0.982704
 0.0813673 0.308323 0.691677 0.918633 0.982704
 0.0813673 0.308323 0.691677 0.918633 0.982704
 0.0813673 0.308323 0.691677 0.918633 0.982704
 0.0813673 0.308323 0.691677 0.918633 0.982704
 0.0813673 0.308323 0.691677 0.918633 0.982704
 0.0813673 0.308323 0.691677 0.918633 0.982704
 0.0813673 0.308323 0.691677 0.918633 0.982704
 0.0813673 0.308323 0.691677 0.918633 0.982704
 0.0813673 0.308323 0.691677 0.918633 0.982704
 0.0813673 0.308323 0.691677 0.918633 0.982704
 0.0813673 0.308323 0.691677 0.918633 0.982704
 0.0813673 0.308323 0.691677 0.918633 0.982704
 0.0813673 0.308323 0.691677 0.918633 0.982704
 0.0813673 0.308323 0.691677 0.918633 0.982704
 0.0813673 0.308323 0.691677 0.918633 0.982704
 0.0813673 0.308323 0.691677 0.918633 0.982704
 0.0813673 0.308323 0.691677 0.918633 0.982704
Scru_pelaces
 0.14178 0.45397 0.807104 0.954663 0.990652
 0.14178 0.45397 0.807104 0.954663 0.990652
 0.14178 0.45397 0.807104 0.954663 0.990652
 0.14178 0.45397 0.807104 0.954663 0.990652
 0.14178 0.45397 0.807104 0.954663 0.990652
 0.14178 0.45397 0.807104 0.954663 0.990652
 0.14178 0.45397 0.807104 0.954663 0.990652
 0.14178 0.45397 0.807104 0.954663 0.990652
 0.14178 0.45397 0.807104 0.954663 0.990652
 0.14178 0.45397 0.807104 0.954663 0.990652
 0.14178 0.45397 0.807104 0.954663 0.990652
 0.14178 0.45397 0.807104 0.954663 0.990652
 0.14178 0.45397 0.807104 0.954663 0.990652
 0.14178 0.45397 0.807104 0.954663 0.990652
 0.14178 0.45397 0.807104 0.954663 0.990652
 0.14178 0.45397 0.807104 0.954663 0.990652
 0.14178 0.45397 0.807104 0.954663 0.990652
 0.14178 0.45397 0.807104 0.954663 0.990652
 0.14178 0.45397 0.807104 0.954663 0.990652
 0.14178 0.45397 0.807104 0.954663 0.990652
 0.14178 0.45397 0.807104 0.954663 0.990652
 0.14178 0.45397 0.807104 0.954663 0.990652
 0.14178 0.45397 0.807104 0.954663 0.990652
 0.14178 0.45397 0.807104 0.954663 0.990652
 0.14178 0.45397 0.807104 0.954663 0.990652
 0.14178 0.45397 0.807104 0.954663 0.990652
 0.14178 0.45397 0.807104 0.954663 0.990652
pf_obs 
 0.256992 0.487395 0.22802 0.0275931 0
 0.321318 0.546541 0.124235 0.00734118 0.000564706
 0.182869 0.594174 0.210203 0.0122559 0.00049798
 0.330522 0.361315 0.267642 0.0388342 0.00168674
 0.649043 0.306663 0.0425973 0.00169635 0
 0.582887 0.30429 0.105238 0.00758474 0
 0.465427 0.430635 0.0974691 0.00646863 0
 0.296916 0.608066 0.0921331 0.00288517 0
 0.311714 0.524322 0.152257 0.0117073 0
 0.15457 0.633149 0.183074 0.0267441 0.00246327
 0.131901 0.49318 0.331252 0.0422183 0.00144891
 0.196976 0.569456 0.194076 0.0375587 0.00193317
 0.518974 0.381816 0.0799577 0.0180837 0.00116848
 0.0928022 0.601141 0.25162 0.0475244 0.00691264
 0.122501 0.610282 0.24278 0.0234846 0.000952079
 0.383417 0.481906 0.127806 0.00687128 0
 0.0376549 0.599619 0.316969 0.0457579 0
 0.0361596 0.667082 0.258105 0.0386534 0
 0.158088 0.579412 0.248529 0.0139706 0
 0.0477256 0.309471 0.559284 0.082774 0.000745712
 0.0406174 0.521527 0.379366 0.0568643 0.0016247
 0.151134 0.462217 0.34131 0.0453401 0
 0.294876 0.26143 0.354403 0.0886775 0.000613685
 0.281977 0.475581 0.204845 0.0348837 0.00271318
 0.0841818 0.532909 0.334909 0.0458182 0.00218182
 0.115287 0.27431 0.454777 0.147771 0.00785563
 0.0989387 0.350907 0.424855 0.114687 0.0106128
pf_pred 
 0.00554821 0.636408 0.316324 0.0417183 1.6463e-06
 0.0154867 0.0547124 0.638058 0.257872 0.0338716
 0.00576473 0.174391 0.0560827 0.524838 0.238924
 0.113589 0.106102 0.181021 0.0412688 0.55802
 0.716245 0.209368 0.0119343 0.0145662 0.0478857
 0.0735282 0.898289 0.0220274 0.000991508 0.00516375
 0.590611 0.263489 0.142904 0.0023465 0.000650161
 0.226727 0.755369 0.013191 0.0046175 9.59406e-05
 0.260485 0.644227 0.0938064 0.001094 0.000387633
 0.375355 0.569512 0.0504456 0.00461507 7.21814e-05
 0.155835 0.781701 0.0585621 0.00357312 0.000329446
 0.180321 0.675433 0.137108 0.00669633 0.00044226
 0.327397 0.572971 0.0873411 0.0116877 0.000603251
 0.248769 0.724917 0.0240733 0.00196776 0.00027326
 0.240667 0.744114 0.0149989 0.000201733 1.84178e-05
 0.269421 0.714506 0.0159405 0.000130235 1.87478e-06
 0.223014 0.715919 0.0602381 0.000822346 6.74515e-06
 0.301126 0.628147 0.0671866 0.00349318 4.75937e-05
 0.18989 0.738715 0.0664667 0.00468409 0.000244711
 0.216596 0.630787 0.142716 0.00922162 0.000679177
 0.315615 0.589356 0.0817013 0.01247 0.000858019
 0.202436 0.698458 0.0885252 0.00910478 0.00147622
 0.272254 0.581102 0.132716 0.012449 0.00147883
 0.303162 0.610094 0.0735802 0.0119212 0.00124222
 0.0967756 0.798823 0.094795 0.00815751 0.00144924
 0.122534 0.531526 0.314971 0.0281347 0.00283475
 0.0277568 0.683661 0.194753 0.0854765 0.00835299
pobs_RECLAS
 0 0 0 0 0
 0 0 0 0 0
 0 0 0 0 0
 0 0 0 0 0
 0.835266 0.146461 0.0176864 0.000547809 3.91292e-05
 0.385257 0.428462 0.181853 0.0044286 0
 0.867414 0.0963971 0.0333333 0.00285562 0
 0.441836 0.489002 0.0689373 0.000224442 0
 0.779404 0.147425 0.0564933 0.0165055 0.000172143
 0.814271 0.122319 0.05973 0.00367925 0
 0.40263 0.566651 0.0304383 0.000280538 0
 0.475488 0.404961 0.113038 0.00651328 0
 0.955842 0.0263864 0.0167828 0.000988607 0
 0.975058 0.0227948 0.00214734 0 0
 0.738997 0.206755 0.0527124 0.00153531 0
 0.850938 0.134255 0.0134407 0.00136685 0
 0.542534 0.407297 0.0501686 0 0
 0.764087 0.199537 0.0359546 0.000420521 0
 0.470689 0.182191 0.310203 0.0369168 0
 0.84361 0.089868 0.0606195 0.00523954 0.000663233
 0.607945 0.314616 0.071237 0.00620181 0
 0.523733 0.453247 0.0230204 0 0
 0.530135 0.295979 0.169645 0.0042399 0
 0.562478 0.366248 0.0663022 0.0049721 0
 0.250443 0.683176 0.0655157 0.000865301 0
 0.195077 0.31981 0.436473 0.0351445 0.0134964
 0.565238 0.351407 0.0832357 0.000118908 0
ppred_RECLAS
 0.0121047 0.475899 0.43593 0.076063 3.21075e-06
 0.0228508 0.0274975 0.589921 0.315414 0.0443164
 0.00867772 0.0817762 0.0468934 0.580151 0.282502
 0.157442 0.0461292 0.140692 0.0424054 0.613331
 0.844426 0.0833224 0.00871299 0.0140681 0.0494703
 0.206954 0.748396 0.0321028 0.0019095 0.0106373
 0.800049 0.101901 0.0953683 0.00206865 0.000613094
 0.493099 0.485095 0.0148052 0.00684816 0.000152199
 0.537273 0.369018 0.0917606 0.00141334 0.000535655
 0.648483 0.29898 0.0467853 0.00565725 9.46446e-05
 0.377227 0.545689 0.0708129 0.00570805 0.000562942
 0.399134 0.436181 0.154043 0.00994042 0.000702241
 0.655716 0.267061 0.0651009 0.0114883 0.000634231
 0.669722 0.313827 0.0146433 0.00157391 0.000233769
 0.661573 0.32893 0.00931595 0.000164758 1.60883e-05
 0.573388 0.410945 0.0154968 0.000167175 2.57411e-06
 0.499072 0.437355 0.0624381 0.00112557 9.87518e-06
 0.578579 0.351499 0.0653663 0.00449028 6.54398e-05
 0.40942 0.501785 0.0808416 0.00753237 0.000420926
 0.445813 0.386668 0.153389 0.0130976 0.00103184
 0.559445 0.337632 0.0845924 0.017074 0.00125665
 0.415134 0.462173 0.105807 0.0143906 0.0024958
 0.506539 0.337004 0.137272 0.0170228 0.002163
 0.556102 0.35042 0.0755024 0.0161724 0.0018026
 0.229557 0.619096 0.133295 0.0151702 0.00288285
 0.244094 0.341922 0.36608 0.0432428 0.00466052
 0.0686047 0.510636 0.25645 0.14876 0.0155498
pobs_PELACES
 0 0 0 0 0
 0 0 0 0 0
 0 0 0 0 0
 0 0 0 0 0
 0 0 0 0 0
 0 0 0 0 0
 0 0 0 0 0
 0 0 0 0 0
 0 0 0 0 0
 0 0 0 0 0
 0.450072 0.473896 0.0757376 0.000293798 0
 0 0 0 0 0
 0.463077 0.371075 0.160297 0.00555027 0
 0.529543 0.364841 0.0842815 0.0213345 0
 0.631943 0.363953 0.00410389 0 0
 0.735681 0.248677 0.0153453 0.000297389 0
 0.695825 0.281241 0.0229344 0 0
 0.275771 0.60734 0.115278 0.00161068 0
 0 0 0 0 0
 0.896147 0.0623911 0.0374545 0.00400742 0
 0.803859 0.145111 0.0509908 3.86294e-05 0
 0.739449 0.233085 0.0266225 0.000797448 4.60066e-05
 0.878498 0.100942 0.0204185 0.000141795 0
 0.694673 0.275183 0.0284847 0.00165964 0
 0.469039 0.446079 0.0841089 0.000773354 0
 0.822795 0.102175 0.0682046 0.00682512 0
 0.69333 0.244118 0.0624202 0.000131731 0
ppred_PELACES
 0.0167898 0.536917 0.386277 0.060014 2.45739e-06
 0.0377434 0.0359171 0.60117 0.286167 0.0390023
 0.0206734 0.11891 0.0500369 0.550402 0.259978
 0.309316 0.0561774 0.126192 0.0338205 0.474494
 0.89289 0.0672078 0.00543649 0.00781343 0.0266524
 0.325613 0.647758 0.0198947 0.00105158 0.00568233
 0.900868 0.05914 0.0390237 0.000751961 0.000216175
 0.642917 0.346348 0.00756035 0.00310757 6.69932e-05
 0.715505 0.241785 0.0419259 0.000573524 0.000210844
 0.768907 0.205271 0.0232795 0.00250214 4.06047e-05
 0.545259 0.413746 0.0380125 0.00272223 0.000260418
 0.574256 0.336114 0.0844554 0.00484238 0.000331828
 0.844437 0.131119 0.0209839 0.00328449 0.000175881
 0.892268 0.104519 0.00289756 0.000275643 3.97097e-05
 0.887772 0.110339 0.0018567 2.90629e-05 2.7526e-06
 0.742693 0.250718 0.00652549 6.25063e-05 9.33571e-07
 0.684215 0.286947 0.0283804 0.000454316 3.86633e-06
 0.729989 0.23677 0.0313036 0.00191063 2.70095e-05
 0.535716 0.411115 0.0488983 0.00405141 0.000219613
 0.612963 0.295881 0.0842716 0.00639491 0.000488681
 0.669998 0.26964 0.0506238 0.00908897 0.000648895
 0.530823 0.39242 0.0672525 0.00813616 0.00136877
 0.647976 0.263484 0.0787826 0.00868643 0.00107064
 0.683169 0.265798 0.0421401 0.0080259 0.000867751
 0.313538 0.580786 0.0943601 0.00955408 0.00176117
 0.361514 0.336944 0.270185 0.028389 0.00296791
 0.13007 0.554392 0.201254 0.103764 0.010521
pobs_pel_tallas
 0 0 0 0 0 0 0 0 0 0 0 0 0 0 0 0 0 0 0 0 0 0 0 0 0 0 0 0 0 0 0 0 0 0 0 0
 0 0 0 0 0 0 0 0 0 0 0 0 0 0 0 0 0 0 0 0 0 0 0 0 0 0 0 0 0 0 0 0 0 0 0 0
 0 0 0 0 0 0 0 0 0 0 0 0 0 0 0 0 0 0 0 0 0 0 0 0 0 0 0 0 0 0 0 0 0 0 0 0
 0 0 0 0 0 0 0 0 0 0 0 0 0 0 0 0 0 0 0 0 0 0 0 0 0 0 0 0 0 0 0 0 0 0 0 0
 0 0 0 0 0 0 0 0 0 0 0 0 0 0 0 0 0 0 0 0 0 0 0 0 0 0 0 0 0 0 0 0 0 0 0 0
 0 0 0 0 0 0 0 0 0 0 0 0 0 0 0 0 0 0 0 0 0 0 0 0 0 0 0 0 0 0 0 0 0 0 0 0
 0 0 0 0 0 0 0 0 0 0 0 0 0 0 0 0 0 0 0 0 0 0 0 0 0 0 0 0 0 0 0 0 0 0 0 0
 0 0 0 0 0 0 0 0 0 0 0 0 0 0 0 0 0 0 0 0 0 0 0 0 0 0 0 0 0 0 0 0 0 0 0 0
 0 0 0 0 0 0 0 0 0 0 0 0 0 0 0 0 0 0 0 0 0 0 0 0 0 0 0 0 0 0 0 0 0 0 0 0
 0 0 0 0 0 0 0 0 0 0 0 0 0 0 0 0 0 0 0 0 0 0 0 0 0 0 0 0 0 0 0 0 0 0 0 0
 0 0 0 0 0 0 0 0 1.78061e-05 0.00172719 0.00360574 0.0105946 0.0120993 0.0124554 0.0147524 0.0171206 0.0266825 0.0428682 0.0675386 0.121331 0.153587 0.119568 0.100827 0.0573624 0.0630603 0.0341343 0.0324427 0.0444173 0.0211091 0.0280891 0.0125444 0.00206551 0 0 0 0
 0 0 0 0 0 0 0 0 0 0 0 0 0 0 0 0 0 0 0 0 0 0 0 0 0 0 0 0 0 0 0 0 0 0 0 0
 0 0 0 0 0 0 0.0133647 0.0140871 0.0187388 0.0205184 0.03894 0.0496705 0.03968 0.0493445 0.0407372 0.0367815 0.0215668 0.0243155 0.0234873 0.0199281 0.019796 0.0243948 0.0301388 0.0376714 0.0412746 0.0863199 0.0771752 0.113111 0.0741005 0.0525337 0.0229764 0.00759418 0.00175318 0 0 0
 0 0 0 0 0 0 0 0 0 0 0.00219441 0.00772107 0.0458388 0.0604681 0.0671733 0.0775358 0.0609151 0.0617685 0.073594 0.0568108 0.0755445 0.0548602 0.0670107 0.0636378 0.0643287 0.046367 0.0373049 0.0286899 0.0247887 0.0153202 0.00654259 0.00121912 0.000365735 0 0 0
 0 0 0 0 0 0 0 0 0 0 0 0 0.000112435 0.00938835 0.0111873 0.0202946 0.0414886 0.0713402 0.111592 0.104902 0.108894 0.110636 0.117776 0.105296 0.107544 0.0401394 0.0192827 0.0124803 0.00416011 0.0028671 0.000618394 0 0 0 0 0
 0 0 0 0 0 0 0 0 0 0 0.00291406 0.0102884 0.027416 0.0768956 0.0749926 0.110853 0.0956884 0.0897413 0.0766577 0.0534642 0.0500743 0.0551293 0.0594112 0.0620874 0.0668451 0.0424026 0.0208742 0.0120726 0.0048766 0.00582813 0.00118941 0.000297354 0 0 0 0
 0 0.00264628 0.0354308 0.0461629 0.0458689 0.0383711 0.0214643 0.0164657 0.0346957 0.0420465 0.0363128 0.0245516 0.0311673 0.0291091 0.0169068 0.0133784 0.00837989 0.0085269 0.0148486 0.0160247 0.0276389 0.0546898 0.0760071 0.122758 0.109233 0.0665981 0.0333725 0.0166128 0.00676272 0.00308733 0.000882094 0 0 0 0 0
 0 0 0 0 0 0 0 0.000805153 0.000690131 0.00759144 0.0133425 0.0154129 0.00931677 0.000345066 0.00356568 0.00563607 0.00851162 0.0253048 0.0502646 0.0516448 0.0657925 0.0565908 0.0611916 0.0827007 0.0866115 0.110766 0.145733 0.0935128 0.0569358 0.0249597 0.0138026 0.00621118 0.00161031 0.00115022 0 0
 0 0 0 0 0 0 0 0 0 0 0 0 0 0 0 0 0 0 0 0 0 0 0 0 0 0 0 0 0 0 0 0 0 0 0 0
 0.00147267 0.00158595 0.00478618 0.00569244 0.00954404 0.0108468 0.00647125 0.017049 0.0510054 0.094081 0.124002 0.0959785 0.0687766 0.0820023 0.061753 0.0591476 0.0492212 0.0479892 0.0443925 0.0268479 0.0217502 0.0140895 0.0121071 0.0120363 0.00920419 0.00665534 0.0049561 0.00860946 0.00930331 0.0156896 0.0114698 0.00855282 0.00243557 0.00046729 0 2.83206e-05
 0 0 0 0 0.000772559 0.00158375 0.000888443 0.00281984 0.00712685 0.0440552 0.0773331 0.111326 0.0921469 0.0852325 0.0710754 0.0886704 0.0786465 0.0553345 0.0373146 0.0185414 0.00753245 0.00457741 0.012979 0.0271748 0.0457355 0.0583668 0.034881 0.0177882 0.00938659 0.00492506 0.0015258 0.00185414 0.000309023 5.79419e-05 3.86279e-05 0
 0 0.00173294 0.00326652 0 0.00397197 0.00683976 0.00946217 0.0152591 0.00757587 0.0136028 0.0228656 0.0392903 0.0559909 0.0764795 0.0681675 0.0726916 0.0566044 0.0477403 0.0527397 0.0444891 0.0609904 0.0582453 0.0661739 0.0445044 0.0529084 0.0360697 0.0280645 0.0235558 0.0158879 0.00826598 0.00280645 0.00217768 0.000904811 0.00058276 9.20147e-05 0
 0 0 0 0 0 0 0 0 0 0 0 0 0 0 0 0 0 0 0 0 0 0 0 0 0 0 0 0 0 0 0 0 0 0 0 0
 0 0 0 0 0 0 0 0 0 0 0 0 0 0 0 0 0 0 0 0 0 0 0 0 0 0 0 0 0 0 0 0 0 0 0 0
 0 0 0 0 0 0 0 0 0 0 0 0 0 0 0 0 0 0 0 0 0 0 0 0 0 0 0 0 0 0 0 0 0 0 0 0
 0 0 0 0 0 0 0 0 0 0 0 0 0 0 0 0 0 0 0 0 0 0 0 0 0 0 0 0 0 0 0 0 0 0 0 0
 0 0 0 0 0 0 0 0 0 0 0 0 0 0 0 0 0 0 0 0 0 0 0 0 0 0 0 0 0 0 0 0 0 0 0 0
ppred_pel_tallas
 1.07721e-16 7.67434e-07 4.41527e-06 2.08039e-05 7.97878e-05 0.000248524 0.000628345 0.0012902 0.00215594 0.00294776 0.00334598 0.00328046 0.00306717 0.00324401 0.00430101 0.00656259 0.0102323 0.0154439 0.0222273 0.0304227 0.0396134 0.0491285 0.058127 0.065747 0.0712781 0.0742976 0.0747333 0.0728298 0.0690454 0.0639179 0.0579506 0.0515479 0.045005 0.0385334 0.0322981 0.026443
 1.20201e-16 1.66099e-06 9.70689e-06 4.6062e-05 0.000177209 0.000552452 0.00139545 0.00285609 0.00473778 0.00637355 0.00696451 0.00621229 0.00459995 0.00300104 0.00207005 0.00201229 0.00277335 0.00429988 0.00664657 0.00995077 0.0143671 0.0200076 0.0268933 0.0349144 0.0438039 0.0531298 0.0623149 0.0706865 0.0775525 0.0822958 0.0844661 0.0838527 0.0805208 0.0748 0.0672316 0.0584822
 1.3181e-16 9.17778e-07 5.34154e-06 2.53039e-05 9.7278e-05 0.000303193 0.000765919 0.0015684 0.00260475 0.00351333 0.00386343 0.00350374 0.00271849 0.00201547 0.0017931 0.00221259 0.00329634 0.0050616 0.007568 0.0108946 0.0151022 0.0202084 0.0261797 0.0329324 0.0403343 0.0482 0.05628 0.0642453 0.071683 0.0781118 0.0830253 0.0859606 0.086577 0.0847231 0.0804776 0.0741476
 1.25143e-16 1.35018e-05 7.92254e-05 0.000376567 0.00144975 0.00452083 0.0114192 0.0233653 0.0387313 0.0520173 0.056611 0.0499491 0.0357869 0.0209526 0.010304 0.00479476 0.0029974 0.00324416 0.00456324 0.00660255 0.00930292 0.0126847 0.0167604 0.0215064 0.0268508 0.0326641 0.0387515 0.0448474 0.0506218 0.0556997 0.0596976 0.0622723 0.0631731 0.0622837 0.0596459 0.055459
 1.01614e-16 3.89495e-05 0.000228623 0.00108681 0.00418437 0.0130486 0.0329596 0.0674387 0.111783 0.150108 0.163313 0.143973 0.102883 0.0596843 0.0282945 0.0113189 0.00444122 0.002607 0.00273567 0.0035194 0.00450666 0.00551934 0.00643934 0.00716737 0.00763249 0.00780624 0.00770745 0.00739361 0.00694278 0.006432 0.00591986 0.00543794 0.00499201 0.00457039 0.0041549 0.00373057
 1.00796e-16 1.42372e-05 8.34865e-05 0.0003967 0.00152705 0.00476175 0.0120284 0.0246163 0.0408212 0.0548731 0.0598483 0.0531124 0.0387217 0.024014 0.0142974 0.0107934 0.0121905 0.0168217 0.023557 0.0316427 0.040326 0.0486805 0.0556603 0.0602873 0.0618749 0.0601972 0.0555472 0.0486556 0.0405069 0.0321112 0.024306 0.0176385 0.0123438 0.00839832 0.00561361 0.00373123
 1.0061e-16 3.92972e-05 0.000230665 0.00109652 0.00422175 0.0131652 0.0332541 0.0680411 0.112781 0.151448 0.16477 0.145253 0.10379 0.060195 0.028508 0.0113556 0.00438175 0.0024871 0.00256654 0.00330666 0.00426078 0.00525915 0.00619066 0.00695784 0.00748356 0.00772446 0.00767752 0.00737609 0.00687776 0.00624879 0.00555048 0.00483119 0.00412464 0.00345259 0.00282911 0.00226417
 1.00331e-16 2.80609e-05 0.000164672 0.000782725 0.00301345 0.0093971 0.0237365 0.0485697 0.0805153 0.108147 0.117731 0.103956 0.0746518 0.0440441 0.0222642 0.0113165 0.00821654 0.00940628 0.0126607 0.0169014 0.0215171 0.0259629 0.0296703 0.0321152 0.0329314 0.0319996 0.0294786 0.0257617 0.0213778 0.0168693 0.0126856 0.00911997 0.00629788 0.00420563 0.00274067 0.00176266
 1.00704e-16 3.12219e-05 0.000183239 0.000871017 0.00335343 0.0104573 0.0264145 0.0540482 0.0895931 0.120328 0.130958 0.115557 0.0828116 0.048515 0.0238913 0.0111121 0.00680064 0.00696311 0.00913269 0.0121814 0.0155721 0.018902 0.0217699 0.0238035 0.0247329 0.0244531 0.0230463 0.0207551 0.0179186 0.014891 0.0119727 0.009368 0.00717712 0.00541418 0.00403794 0.00298255
 1.00486e-16 3.3549e-05 0.000196904 0.000935991 0.00360361 0.0112375 0.0283851 0.05808 0.0962747 0.129296 0.140706 0.124126 0.0888822 0.05193 0.0253093 0.011328 0.00633164 0.00600918 0.00770593 0.0102292 0.0130491 0.0158052 0.0181537 0.0197802 0.0204603 0.0201117 0.0188134 0.0167814 0.0143124 0.0117145 0.00924593 0.00707941 0.00529521 0.0038972 0.00284044 0.00205892
 1.00781e-16 2.38053e-05 0.000139681 0.000663904 0.00255594 0.00797034 0.0201328 0.0411966 0.0682965 0.0917461 0.0999061 0.0882861 0.063551 0.0378003 0.0196733 0.0109252 0.00907951 0.0111581 0.0152791 0.0204818 0.0261412 0.031634 0.036286 0.0394673 0.0407294 0.0399125 0.0371836 0.0329869 0.0279303 0.0226423 0.0176487 0.0132994 0.00975415 0.00701521 0.00498413 0.0035188
 1.01491e-16 2.50667e-05 0.000147094 0.000699158 0.0026917 0.00839373 0.0212021 0.043384 0.07192 0.0966054 0.105175 0.0928897 0.06675 0.0394734 0.0201248 0.0105141 0.00799825 0.00942152 0.012814 0.0172196 0.0220852 0.0268998 0.0311152 0.0342113 0.0358034 0.0357286 0.0340789 0.0311661 0.0274358 0.0233594 0.0193405 0.0156596 0.0124629 0.00978631 0.00759512 0.00582312
 1.00462e-16 3.68394e-05 0.000216229 0.00102788 0.00395742 0.0123409 0.0311721 0.0637816 0.105723 0.141977 0.154483 0.136226 0.0974305 0.0566899 0.0271916 0.0114291 0.00534883 0.00418933 0.00503569 0.00661945 0.00844718 0.0102531 0.0118112 0.0129191 0.013431 0.0132902 0.0125416 0.0113168 0.00979874 0.0081785 0.00661715 0.00522356 0.00405021 0.0031032 0.00235926 0.00178252
 1.00087e-16 3.8924e-05 0.00022847 0.00108608 0.00418152 0.0130397 0.0329372 0.067393 0.111708 0.150011 0.163216 0.143907 0.102879 0.0597687 0.0284971 0.0116816 0.00502156 0.0034725 0.00395003 0.0051238 0.00649963 0.00783998 0.00895975 0.00969868 0.0099458 0.00966485 0.00890349 0.00778021 0.0064546 0.00509042 0.00382354 0.00274288 0.00188675 0.00125151 0.000806594 0.0005099
 1.00064e-16 3.87281e-05 0.000227319 0.00108061 0.00416046 0.012974 0.0327713 0.0670537 0.111146 0.149257 0.162397 0.143188 0.102372 0.0594898 0.0283929 0.0116885 0.00510042 0.00361088 0.00415073 0.00539317 0.00684021 0.00824649 0.00941754 0.0101845 0.0104307 0.0101186 0.00929955 0.00809997 0.00668955 0.00524223 0.00390215 0.00276346 0.00186633 0.00120619 0.000749723 0.000451278
 1.00177e-16 3.24077e-05 0.0001902 0.000904109 0.00348084 0.0108547 0.0274181 0.0561017 0.092997 0.124899 0.135932 0.119943 0.0859487 0.0503401 0.0247653 0.0114743 0.00695669 0.00705968 0.0092143 0.0122407 0.015573 0.0187875 0.021467 0.0232309 0.0238136 0.0231286 0.0212907 0.0185849 0.015395 0.0121146 0.00907033 0.00647598 0.00442364 0.00290441 0.00184451 0.00114227
 1.00513e-16 2.98593e-05 0.000175235 0.000832957 0.00320688 0.0100003 0.0252601 0.0516865 0.0856799 0.115077 0.125257 0.110556 0.0792944 0.0465883 0.023191 0.011202 0.00741392 0.00802084 0.0106603 0.0142256 0.0181476 0.0219621 0.0251953 0.027409 0.0282914 0.0277305 0.0258412 0.0229308 0.0194201 0.0157449 0.0122705 0.00924042 0.00676687 0.00485302 0.00343201 0.00240636
 1.00589e-16 3.18532e-05 0.000186946 0.000888641 0.00342129 0.010669 0.026949 0.0551418 0.0914056 0.122761 0.133604 0.117885 0.0844662 0.0494564 0.0243025 0.0112148 0.00674244 0.00680599 0.00888645 0.0118348 0.0151103 0.018314 0.0210524 0.0229625 0.0237837 0.0234188 0.0219555 0.0196396 0.0168104 0.0138208 0.0109677 0.0084509 0.00636487 0.00471703 0.00345913 0.00251852
 1.00978e-16 2.33891e-05 0.000137238 0.000652289 0.00251122 0.00783088 0.0197805 0.0404758 0.0671017 0.0901417 0.0981604 0.0867469 0.0624506 0.037161 0.0193689 0.0108019 0.00903073 0.0111328 0.0152622 0.0204757 0.026158 0.0316923 0.0364095 0.0396821 0.0410602 0.0403779 0.0377919 0.033733 0.0287946 0.0235924 0.0186435 0.0142943 0.0107066 0.00788973 0.00575532 0.00417281
 1.01536e-16 2.67529e-05 0.000156997 0.000746247 0.00287302 0.00895917 0.0226303 0.0463059 0.0767619 0.103103 0.112235 0.0990888 0.0711269 0.0419055 0.0210766 0.0105446 0.00746122 0.0084395 0.0113766 0.0152793 0.0196156 0.0239264 0.0277281 0.030561 0.0320828 0.0321435 0.0308155 0.0283631 0.0251683 0.0216374 0.01812 0.0148609 0.0119911 0.00954835 0.00751064 0.00582969
 1.0115e-16 2.92387e-05 0.000171593 0.000815647 0.00314023 0.00979248 0.0247352 0.0506123 0.083899 0.112684 0.12265 0.108251 0.0776318 0.0455924 0.0226608 0.0108909 0.00714113 0.007687 0.0102219 0.0136745 0.0175054 0.0212814 0.0245593 0.0269245 0.0280748 0.0278889 0.0264521 0.0240269 0.0209812 0.0177008 0.0145118 0.011636 0.00918274 0.00716887 0.00555318 0.00426978
 1.01427e-16 2.3175e-05 0.000135983 0.000646325 0.00248826 0.00775929 0.0195997 0.0401057 0.0664877 0.0893157 0.097258 0.0859426 0.0618566 0.0367779 0.0191155 0.010577 0.00875232 0.0107456 0.0147328 0.019792 0.0253326 0.0307686 0.0354625 0.0388126 0.0403818 0.0399984 0.0377937 0.0341576 0.0296351 0.0247955 0.0201198 0.0159341 0.0123972 0.00953004 0.0072663 0.00550199
 1.01553e-16 2.82783e-05 0.000165955 0.000788843 0.00303703 0.00947065 0.0239222 0.048949 0.081142 0.108982 0.118622 0.1047 0.0750926 0.0441176 0.021959 0.0106077 0.00703075 0.00763249 0.0101888 0.0136697 0.0175578 0.0214351 0.0248696 0.0274517 0.0288749 0.029003 0.027896 0.0257841 0.0230017 0.0199052 0.0168014 0.0139058 0.0113347 0.00912329 0.00725568 0.00569374
 1.01002e-16 2.98128e-05 0.000174964 0.000831674 0.00320194 0.00998492 0.0252212 0.0516069 0.0855473 0.114897 0.125057 0.110369 0.0791378 0.0464511 0.0230394 0.0109921 0.00710061 0.00756271 0.0100243 0.0133946 0.0171299 0.0207995 0.0239655 0.0262206 0.0272696 0.0269979 0.0254961 0.0230302 0.0199703 0.0167024 0.0135517 0.0107376 0.00836545 0.00644704 0.00493501 0.00375705
 1.0194e-16 1.37081e-05 8.03863e-05 0.000381974 0.00147037 0.00458501 0.0115819 0.0237023 0.0393045 0.0528313 0.0576134 0.0511105 0.0372222 0.0230055 0.0135613 0.0100552 0.0112179 0.0154469 0.0216726 0.0292078 0.0373864 0.045389 0.0522803 0.0571719 0.0594188 0.0587706 0.0554266 0.0499702 0.0432144 0.0360074 0.0290653 0.0228729 0.0176647 0.0134688 0.0101824 0.00764548
 1.0506e-16 1.57906e-05 9.26337e-05 0.000440247 0.00169482 0.005285 0.0133498 0.0273176 0.0452904 0.0608493 0.0662836 0.0586277 0.042319 0.0254089 0.0136667 0.00831028 0.00776182 0.0101136 0.0141769 0.0193516 0.0252255 0.0313438 0.0371717 0.0421626 0.0458602 0.0479839 0.0484692 0.0474489 0.0451916 0.042021 0.0382467 0.0341253 0.0298535 0.0255817 0.0214347 0.017524
 1.07095e-16 5.70713e-06 3.34154e-05 0.000158673 0.000610619 0.0019039 0.00480969 0.00984558 0.0163366 0.0219894 0.0240602 0.0215354 0.0160981 0.0107736 0.00780973 0.00784907 0.0105287 0.0153145 0.0218113 0.0296535 0.0383276 0.0471091 0.0551316 0.0615419 0.0656815 0.067226 0.0662396 0.0631227 0.0584818 0.052967 0.0471357 0.0413772 0.0359061 0.0308043 0.0260834 0.0217372
pSPR Fmed_Fpbrs
0.495523   0.6 0.325
Fs Fmed_Fpbrs
0.66   0.423411 1.46402
SSBpbr Bo_Bmed_Bpbrs
584469  260395  321458 160729
Ro
15994.5
SPR SPRFo_SPRFmed_SPRFpbrs
331346 164190 107687
log_Ro
9.5
likeval ReclasPelacesDesembMPH_pf_preclas_ppelaces_ptallas_desvR_qrecl_qpela
 72.9487 15.4701 0.362327 0.000532306 442.997 221.056 67.3853 0 52.7769 0.000201682 0.000558871 1.38248e-14 0 0 0
q_reclas_q_pelaces
7.48132 28.885
M
0.7
N
 4469.68 49131.9 20337.7 2672.68 0.105464
 6248.66 2194.02 21486.3 8654.33 1136.68
 747.001 3041.13 873.477 8157.14 3713.27
 2717.88 336.045 510.521 116.137 1570.3
 40399.6 1228.42 59.3991 72.2693 237.568
 10635.1 19447.9 433.7 19.4882 101.491
 65207.8 4635.6 2308.76 37.8519 10.4876
 55627.5 27865.6 442.868 154.759 3.21543
 58864.9 24213.1 3257.95 37.9416 13.4433
 114973 24802.2 1981.02 180.892 2.82912
 64743.6 50900.5 3493.02 212.786 19.6186
 48334.4 27815.3 5156.21 251.415 16.6042
 58215 20897.3 3020.28 403.79 20.8409
 28995.8 22699.7 730.535 59.6819 8.28787
 11973.4 9945.67 194.28 2.61163 0.238433
 8957.14 4106.93 85.1222 0.694544 0.00999793
 6804.9 3724.39 290.579 3.96153 0.032493
 8844.32 2843.17 277.843 14.422 0.19649
 7499.78 3820.14 305.459 21.4793 1.1221
 7890.07 3400.13 698.313 45.0419 3.31725
 15137.2 3451.26 419.587 63.8829 4.39539
 16525.2 6995.18 778.259 79.8476 12.9457
 26590.2 7626.81 1555.29 145.583 17.2932
 44733.4 11966.8 1286.14 207.931 21.6661
 20727.8 20194.3 2087.57 179.175 31.8302
 18202.6 9665.1 5025.23 447.775 45.1143
 2373.41 8406.1 2163.44 947.764 92.615
pred_Ctot
 37.0348 4248.08 2111.49 278.474 0.0109892
 89.6957 316.883 3695.5 1493.54 196.178
 50.8396 1537.96 494.597 4628.58 2107.09
 176.536 164.9 281.336 64.1385 867.254
 890.803 260.394 14.8428 18.1162 59.5561
 942.073 11509.3 282.224 12.7036 66.1601
 6596.52 2942.9 1596.09 26.208 7.26163
 4977.16 16582 289.573 101.365 2.10611
 6475.57 16015.3 2331.99 27.1965 9.63643
 9029.03 13699.4 1213.45 111.014 1.7363
 6331.32 31759.3 2379.29 145.171 13.3849
 4532.53 16977.6 3446.33 168.319 11.1166
 9118.05 15957.4 2432.47 325.506 16.8006
 6587.6 19196.4 637.479 52.1078 7.23614
 2720.26 8410.71 169.533 2.28019 0.208176
 1058.71 2807.71 62.6397 0.511771 0.00736709
 784.082 2517.06 211.788 2.89124 0.0237149
 834.818 1741.43 186.263 9.68422 0.131945
 471.924 1835.89 165.186 11.6412 0.608169
 681.036 1983.37 448.739 28.9953 2.13552
 758.708 1416.76 196.402 29.9766 2.0626
 842.627 2907.29 368.481 37.8981 6.14469
 1802.45 3847.18 878.644 82.4187 9.79055
 2941.1 5918.77 713.832 115.653 12.0513
 912.853 7535.03 894.171 76.9471 13.6702
 920.615 3993.44 2366.42 211.381 21.298
 191.589 4718.9 1344.26 589.993 57.6557
F
 0.0115805 0.127093 0.154416 0.155007 0.155017
 0.020138 0.221009 0.268522 0.26955 0.269568
 0.0988226 1.08455 1.31771 1.32275 1.32284
 0.0941221 1.03296 1.25503 1.25984 1.25992
 0.0310834 0.341132 0.414469 0.416055 0.416084
 0.130393 1.43103 1.73867 1.74533 1.74545
 0.150186 1.64825 2.00259 2.01026 2.0104
 0.131784 1.4463 1.75722 1.76395 1.76407
 0.164312 1.80328 2.19095 2.19934 2.19949
 0.114824 1.26017 1.53108 1.53694 1.53704
 0.144848 1.58967 1.93142 1.93881 1.93895
 0.138522 1.52024 1.84706 1.85413 1.85426
 0.241792 2.6536 3.22407 3.23642 3.23664
 0.370014 4.0608 4.9338 4.95269 4.95303
 0.370014 4.0608 4.9338 4.95269 4.95303
 0.177549 1.94856 2.36746 2.37652 2.37668
 0.172724 1.8956 2.30312 2.31194 2.3121
 0.13949 1.53086 1.85997 1.86709 1.86721
 0.0910614 0.999374 1.21422 1.21887 1.21895
 0.126864 1.3923 1.69162 1.69809 1.69821
 0.0719322 0.789437 0.959151 0.962823 0.962888
 0.0732192 0.803561 0.976311 0.980049 0.980115
 0.0984102 1.08003 1.31221 1.31723 1.31732
 0.0953221 1.04613 1.27103 1.2759 1.27599
 0.0629561 0.690926 0.839463 0.842676 0.842734
 0.0726049 0.79682 0.968121 0.971827 0.971893
 0.118201 1.29722 1.5761 1.58213 1.58224
Np
 11953.9 5751.29 367.507 371.565 95.7284
YTP_r0W_actual
 1551.87 114669 44091.8 23717.7 2634.86
YTP_p0W_proyectada
 2306.15 5182.55 9370.83 2288.22 1260.83
 2306.15 28462.7 3018.78 3827.22 1132.17
CTP_r0_actual
 191.589 4718.9 1344.26 589.993 57.6557
CTP_p0_proyectada
 268.157 225.328 289.223 56.4992 27.1146
 268.157 1237.51 93.1722 94.4993 24.3478
Wmedp
 8.6 23 32.4 40.5 46.5
nmprior
 10.8 10.6 4.6 0
nm_flota  nm_reclas  nm_pelaces    nm_pelaL
inf 23.108 13.084 47.3271
cv_recla  cv_pelaces  cv_mph
0.739673 0.41718 0.616618
 ------------------------------------------------
Talla a la edad & desviaci?n 
 7.2 14.2025 17.0495 18.207 18.6776
 1.08 2.13037 2.55742 2.73105 2.80164
