years
 1997 1998 1999 2000 2001 2002 2003 2004 2005 2006 2007 2008 2009 2010 2011 2012 2013 2014 2015 2016 2017 2018 2019 2020 2021 2022 2023
reclasobs
 0 0 0 370054 412103 1.49427e+06 250295 1.28982e+06 931140 785840 897777 1.04006e+06 184774 17550 25797 100020 73551 82996 120727 218422 84188 347160 605670 569463 516374 1.08416e+06 1.01767e+06
reclaspred
 451385 129749 422097 299976 415060 498726 1.07539e+06 700221 749126 655738 510567 338279 205544 91556.9 63127.1 65835.5 83687.2 118558 129760 183623 261940 238534 411406 558985 727544 719498 704722
pelacesobs
 0 0 0 0 0 0 0 0 0 2.06254e+06 1.5e+06 0 1.87456e+06 323000 250000 174000 83755 137374 0 501740 490994 745055 786931 1.00524e+06 1.33801e+06 1.41789e+06 1.42762e+06
pelacespred
 1.80237e+06 438238 878224 950676 1.12879e+06 1.11162e+06 2.72998e+06 2.23107e+06 2.10112e+06 1.85453e+06 1.27588e+06 868415 524366 189129 132502 148825 198521 286977 319136 445656 709642 625100 882099 1.3515e+06 1.73642e+06 1.87543e+06 1.8222e+06
mphobs
 0 0 0 0 0 112323 0 153150 637223 0 255016 313432 73983 77613 109348 50772 17779 17303 59886 28197 0 207744 136588 643089 65757 70829 0
mphpred
 122482 79808.3 102693 131476 131610 195885 293610 341666 283909 275146 247024 169199 102738 53251.7 24556.1 21681 27173.6 38100.8 49294.3 57935.1 85598.4 99953.6 124779 178078 267602 303178 288429
desembarqueobs
 350755 77701 442110 56441 14545 235359 269955 359681 431902 328805 639364 411747 362871 311530 167758 66681 60226 58785 57116 73181 50977 67692 138656 160484 209506 203330 187013
desembarquepred
 350767 77705.4 442163 56443.5 14545.2 235407 269991 359716 431983 328863 639690 412053 363288 312035 167801 66696.1 60250.9 58788.9 57113.6 73184.1 50978.7 67688.5 138662 160494 209506 203327 187013
Reclutas
 58863.1 72953.3 45154.8 65647.9 110155 83071 128064 115619 133706 127772 65339.4 40774.9 43273.6 23629.2 17690.4 20407.9 16188.2 19684.3 22350.9 37193.7 46200.7 59248.4 96588.2 137133 74709.9 85189.4 108039
log_desv_Rt
 0.0429701 0.257575 -0.222148 0.152061 0.669646 0.387451 0.820282 0.718053 0.863398 0.818005 0.147351 -0.324178 -0.264702 -0.869763 -1.15922 -1.01632 -1.24796 -1.05242 -0.925379 -0.416107 -0.19925 0.0494933 0.538211 0.888708 0.281368 0.412632 0.650252
SSB
 700435 456397 587268 751864 752633 1.1202e+06 1.67906e+06 1.95387e+06 1.62358e+06 1.57347e+06 1.41265e+06 967589 587522 304528 140428 123986 155397 217885 281897 331311 489508 571600 713570 1.01837e+06 1.53032e+06 1.73377e+06 1.64943e+06
BT
 2.43448e+06 651936 1.28368e+06 1.18934e+06 1.35206e+06 1.50729e+06 3.42565e+06 3.06071e+06 2.89233e+06 2.5225e+06 2.09805e+06 1.41256e+06 979032 522176 298174 231464 284743 387923 427916 588830 884787 806489 1.14426e+06 1.73625e+06 2.22398e+06 2.40355e+06 2.32796e+06
Ftot
 0.441803 0.333407 0.466448 0.0884498 0.0184531 0.188294 0.11837 0.236801 0.274182 0.228125 0.492964 0.469043 0.757769 1.37485 1.3542 0.517444 0.358399 0.240884 0.194152 0.198846 0.0938287 0.12476 0.149913 0.141767 0.117289 0.11306 0.110361
BD_Bspro_t
 0.947957 0.766891 0.736607 0.625494 0.737206 0.845912 0.817005 0.821962 0.76749 0.725338 0.681187 0.522414 0.405144 0.291811 0.176294 0.189631 0.294307 0.452449 0.573923 0.665842 0.763931 0.83201 0.837773 0.84329 0.857492 0.835834 0.823137
BD_Bspro
 0.599619 0.390706 0.50274 0.643646 0.644304 0.958967 1.43738 1.67264 1.38989 1.34699 1.20932 0.82832 0.502958 0.260697 0.120216 0.106141 0.13303 0.186524 0.241323 0.283624 0.419051 0.489328 0.610864 0.871789 1.31006 1.48422 1.41202
BD_Bo
 0.314607 0.204995 0.263777 0.337707 0.338052 0.503149 0.754164 0.8776 0.729245 0.706738 0.634504 0.434602 0.263891 0.136782 0.0630745 0.0556897 0.0697979 0.0978653 0.126617 0.148812 0.219867 0.25674 0.320507 0.457409 0.687359 0.77874 0.740856
BD_Brms
 0.572013 0.372718 0.479594 0.614013 0.61464 0.914817 1.37121 1.59564 1.3259 1.28498 1.15364 0.790185 0.479802 0.248694 0.114681 0.101254 0.126905 0.177937 0.230212 0.270567 0.399759 0.466799 0.58274 0.831653 1.24974 1.41589 1.34701
S_f
 0.178103 1 1 1 1
 0.178103 1 1 1 1
 0.178103 1 1 1 1
 0.178103 1 1 1 1
 0.178103 1 1 1 1
 0.178103 1 1 1 1
 0.178103 1 1 1 1
 0.178103 1 1 1 1
 0.178103 1 1 1 1
 0.178103 1 1 1 1
 0.178103 1 1 1 1
 0.178103 1 1 1 1
 0.178103 1 1 1 1
 0.178103 1 1 1 1
 0.178103 1 1 1 1
 0.178103 1 1 1 1
 0.178103 1 1 1 1
 0.178103 1 1 1 1
 0.178103 1 1 1 1
 0.178103 1 1 1 1
 0.178103 1 1 1 1
 0.178103 1 1 1 1
 0.178103 1 1 1 1
 0.178103 1 1 1 1
 0.178103 1 1 1 1
 0.178103 1 1 1 1
 0.178103 1 1 1 1
Scru_reclas
 0.924136 1 1 1 1
 0.924136 1 1 1 1
 0.924136 1 1 1 1
 0.924136 1 1 1 1
 0.924136 1 1 1 1
 0.924136 1 1 1 1
 0.924136 1 1 1 1
 0.924136 1 1 1 1
 0.924136 1 1 1 1
 0.924136 1 1 1 1
 0.924136 1 1 1 1
 0.924136 1 1 1 1
 0.924136 1 1 1 1
 0.924136 1 1 1 1
 0.924136 1 1 1 1
 0.924136 1 1 1 1
 0.924136 1 1 1 1
 0.924136 1 1 1 1
 0.924136 1 1 1 1
 0.924136 1 1 1 1
 0.924136 1 1 1 1
 0.924136 1 1 1 1
 0.924136 1 1 1 1
 0.924136 1 1 1 1
 0.924136 1 1 1 1
 0.924136 1 1 1 1
 0.924136 1 1 1 1
Scru_pelaces
 1 1 1 1 1
 1 1 1 1 1
 1 1 1 1 1
 1 1 1 1 1
 1 1 1 1 1
 1 1 1 1 1
 1 1 1 1 1
 1 1 1 1 1
 1 1 1 1 1
 1 1 1 1 1
 1 1 1 1 1
 1 1 1 1 1
 1 1 1 1 1
 1 1 1 1 1
 1 1 1 1 1
 1 1 1 1 1
 1 1 1 1 1
 1 1 1 1 1
 1 1 1 1 1
 1 1 1 1 1
 1 1 1 1 1
 1 1 1 1 1
 1 1 1 1 1
 1 1 1 1 1
 1 1 1 1 1
 1 1 1 1 1
 1 1 1 1 1
pf_obs 
 0.256992 0.487395 0.22802 0.0275931 0
 0.321318 0.546541 0.124235 0.00734118 0.000564706
 0.182869 0.594174 0.210203 0.0122559 0.00049798
 0.330522 0.361315 0.267642 0.0388342 0.00168674
 0.649043 0.306663 0.0425973 0.00169635 0
 0.582887 0.30429 0.105238 0.00758474 0
 0.465427 0.430635 0.0974691 0.00646863 0
 0.296916 0.608066 0.0921331 0.00288517 0
 0.311714 0.524322 0.152257 0.0117073 0
 0.15457 0.633149 0.183074 0.0267441 0.00246327
 0.131901 0.49318 0.331252 0.0422183 0.00144891
 0.196976 0.569456 0.194076 0.0375587 0.00193317
 0.518974 0.381816 0.0799577 0.0180837 0.00116848
 0.0928022 0.601141 0.25162 0.0475244 0.00691264
 0.122501 0.610282 0.24278 0.0234846 0.000952079
 0.383417 0.481906 0.127806 0.00687128 0
 0.0376549 0.599619 0.316969 0.0457579 0
 0.0361596 0.667082 0.258105 0.0386534 0
 0.158088 0.579412 0.248529 0.0139706 0
 0.0477256 0.309471 0.559284 0.082774 0.000745712
 0.0406174 0.521527 0.379366 0.0568643 0.0016247
 0.151134 0.462217 0.34131 0.0453401 0
 0.294876 0.26143 0.354403 0.0886775 0.000613685
 0.281977 0.475581 0.204845 0.0348837 0.00271318
 0.0841818 0.532909 0.334909 0.0458182 0.00218182
 0.115287 0.27431 0.454777 0.147771 0.00785563
 0.0989387 0.350907 0.424855 0.114687 0.0106128
pf_pred 
 0.364953 0.448713 0.166698 0.0196243 1.10633e-05
 0.301669 0.558143 0.0990547 0.0367991 0.00433456
 0.169876 0.613856 0.172853 0.0306766 0.0127388
 0.256348 0.43826 0.22583 0.0635905 0.015972
 0.291492 0.473608 0.138435 0.0713336 0.0251317
 0.168764 0.581591 0.166878 0.0487781 0.03399
 0.248556 0.416645 0.234249 0.0672138 0.0333367
 0.192381 0.534945 0.151186 0.0850008 0.0364863
 0.222083 0.46602 0.206593 0.0583871 0.0469176
 0.201264 0.515796 0.169498 0.0751408 0.0383008
 0.121579 0.537153 0.220379 0.0724198 0.048469
 0.124688 0.434001 0.269861 0.110716 0.0607334
 0.210461 0.394817 0.195713 0.121694 0.0773153
 0.190535 0.553776 0.12786 0.0633809 0.0644483
 0.275784 0.526623 0.135178 0.0312111 0.0312035
 0.337506 0.5366 0.0915455 0.0234987 0.0108498
 0.217388 0.614821 0.135906 0.0231859 0.00869953
 0.24724 0.488392 0.207688 0.0459091 0.0107709
 0.234797 0.515477 0.162023 0.0688999 0.0188035
 0.302327 0.455931 0.162849 0.0511862 0.0277072
 0.257779 0.53995 0.132184 0.0472133 0.0228728
 0.246997 0.505017 0.180405 0.0441645 0.0234167
 0.294297 0.46659 0.160366 0.0572867 0.0214601
 0.282363 0.5132 0.135168 0.0464567 0.0228123
 0.128 0.612431 0.185624 0.0488899 0.0250545
 0.168297 0.386987 0.312337 0.0946673 0.0377113
 0.208299 0.43138 0.167656 0.135315 0.0573508
pobs_RECLAS
 0 0 0 0 0
 0 0 0 0 0
 0 0 0 0 0
 0 0 0 0 0
 0.835266 0.146461 0.0176864 0.000547809 3.91292e-05
 0.385257 0.428462 0.181853 0.0044286 0
 0.867414 0.0963971 0.0333333 0.00285562 0
 0.441836 0.489002 0.0689373 0.000224442 0
 0.779404 0.147425 0.0564933 0.0165055 0.000172143
 0.814271 0.122319 0.05973 0.00367925 0
 0.40263 0.566651 0.0304383 0.000280538 0
 0.475488 0.404961 0.113038 0.00651328 0
 0.955842 0.0263864 0.0167828 0.000988607 0
 0.975058 0.0227948 0.00214734 0 0
 0.738997 0.206755 0.0527124 0.00153531 0
 0.850938 0.134255 0.0134407 0.00136685 0
 0.542534 0.407297 0.0501686 0 0
 0.764087 0.199537 0.0359546 0.000420521 0
 0.470689 0.182191 0.310203 0.0369168 0
 0.84361 0.089868 0.0606195 0.00523954 0.000663233
 0.607945 0.314616 0.071237 0.00620181 0
 0.523733 0.453247 0.0230204 0 0
 0.530135 0.295979 0.169645 0.0042399 0
 0.562478 0.366248 0.0663022 0.0049721 0
 0.250443 0.683176 0.0655157 0.000865301 0
 0.195077 0.31981 0.436473 0.0351445 0.0134964
 0.565238 0.351407 0.0832357 0.000118908 0
ppred_RECLAS
 0.754206 0.173674 0.0645203 0.00759555 4.28203e-06
 0.69579 0.243141 0.0431506 0.0160306 0.00188824
 0.522643 0.352994 0.099398 0.0176403 0.00732538
 0.642441 0.210722 0.108582 0.0305752 0.00767956
 0.681189 0.213112 0.0622921 0.0320983 0.0113086
 0.515602 0.338919 0.0972471 0.0284252 0.0198075
 0.633288 0.203326 0.114316 0.032801 0.0162686
 0.556099 0.294028 0.0830981 0.04672 0.0200544
 0.600826 0.23913 0.106009 0.0299603 0.0240749
 0.569784 0.277818 0.0912952 0.0404723 0.0206296
 0.426002 0.350999 0.144005 0.0473222 0.0316717
 0.432562 0.28135 0.174943 0.0717741 0.0393716
 0.594475 0.202787 0.100523 0.0625046 0.0397109
 0.583312 0.285067 0.0658185 0.0326266 0.033176
 0.693049 0.223204 0.057294 0.0132285 0.0132253
 0.732447 0.21671 0.0369713 0.00949014 0.00438179
 0.595704 0.317615 0.0702085 0.0119778 0.00449415
 0.633402 0.23785 0.101145 0.022358 0.00524551
 0.616753 0.258173 0.0811483 0.0345081 0.00941761
 0.694504 0.199642 0.071308 0.0224133 0.0121324
 0.644228 0.258817 0.0633603 0.0226309 0.0109637
 0.631429 0.24719 0.0883025 0.0216171 0.0114618
 0.68566 0.207833 0.0714315 0.0255171 0.00955895
 0.672885 0.233928 0.0616125 0.021176 0.0103984
 0.433855 0.39762 0.120516 0.0317418 0.0162666
 0.513655 0.226294 0.182641 0.0553574 0.022052
 0.578597 0.229613 0.0892389 0.0720246 0.0305264
pobs_PELACES
 0 0 0 0 0
 0 0 0 0 0
 0 0 0 0 0
 0 0 0 0 0
 0 0 0 0 0
 0 0 0 0 0
 0 0 0 0 0
 0 0 0 0 0
 0 0 0 0 0
 0 0 0 0 0
 0.450072 0.473896 0.0757376 0.000293798 0
 0 0 0 0 0
 0.463077 0.371075 0.160297 0.00555027 0
 0.529543 0.364841 0.0842815 0.0213345 0
 0.631943 0.363953 0.00410389 0 0
 0.735681 0.248677 0.0153453 0.000297389 0
 0.695825 0.281241 0.0229344 0 0
 0.275771 0.60734 0.115278 0.00161068 0
 0 0 0 0 0
 0.896147 0.0623911 0.0374545 0.00400742 0
 0.803859 0.145111 0.0509908 3.86294e-05 0
 0.739449 0.233085 0.0266225 0.000797448 4.60066e-05
 0.878498 0.100942 0.0204185 0.000141795 0
 0.694673 0.275183 0.0284847 0.00165964 0
 0.469039 0.446079 0.0841089 0.000773354 0
 0.822795 0.102175 0.0682046 0.00682512 0
 0.69333 0.244118 0.0624202 0.000131731 0
ppred_PELACES
 0.789165 0.148972 0.0553438 0.00651525 3.67301e-06
 0.7304 0.215478 0.0382413 0.0142068 0.00167341
 0.573475 0.315405 0.0888135 0.0157619 0.00654533
 0.665714 0.197007 0.101515 0.0285852 0.00717972
 0.699127 0.201121 0.0587873 0.0302923 0.0106723
 0.547951 0.316285 0.0907528 0.0265269 0.0184847
 0.658665 0.189256 0.106405 0.0305311 0.0151428
 0.591089 0.270852 0.0765481 0.0430374 0.0184737
 0.636954 0.217487 0.0964147 0.0272487 0.0218959
 0.6039 0.255788 0.0840557 0.0372629 0.0189937
 0.478618 0.318824 0.130805 0.0429844 0.0287685
 0.483682 0.256003 0.159182 0.0653079 0.0358246
 0.660813 0.169614 0.0840785 0.0522798 0.0332147
 0.68744 0.21383 0.0493709 0.0244734 0.0248855
 0.779129 0.160609 0.0412266 0.00951872 0.00951641
 0.773173 0.183723 0.0313437 0.00804559 0.00371481
 0.637309 0.284931 0.0629837 0.0107452 0.00403168
 0.666205 0.216567 0.0920946 0.0203574 0.00477615
 0.647334 0.237572 0.0746729 0.0317545 0.00866612
 0.721937 0.181715 0.0649047 0.0204006 0.0110429
 0.667769 0.241692 0.059168 0.0211335 0.0102383
 0.657255 0.229869 0.082115 0.0201024 0.0106586
 0.710839 0.191185 0.0657097 0.0234732 0.00879326
 0.698172 0.215845 0.0568496 0.019539 0.00959454
 0.46122 0.378401 0.114691 0.0302075 0.0154804
 0.540957 0.21359 0.172389 0.0522498 0.0208141
 0.604882 0.215291 0.0836728 0.0675322 0.0286224
pobs_pel_tallas
 0 0 0 0 0 0 0 0 0 0 0 0 0 0 0 0 0 0 0 0 0 0 0 0 0 0 0 0 0 0 0 0 0 0 0 0
 0 0 0 0 0 0 0 0 0 0 0 0 0 0 0 0 0 0 0 0 0 0 0 0 0 0 0 0 0 0 0 0 0 0 0 0
 0 0 0 0 0 0 0 0 0 0 0 0 0 0 0 0 0 0 0 0 0 0 0 0 0 0 0 0 0 0 0 0 0 0 0 0
 0 0 0 0 0 0 0 0 0 0 0 0 0 0 0 0 0 0 0 0 0 0 0 0 0 0 0 0 0 0 0 0 0 0 0 0
 0 0 0 0 0 0 0 0 0 0 0 0 0 0 0 0 0 0 0 0 0 0 0 0 0 0 0 0 0 0 0 0 0 0 0 0
 0 0 0 0 0 0 0 0 0 0 0 0 0 0 0 0 0 0 0 0 0 0 0 0 0 0 0 0 0 0 0 0 0 0 0 0
 0 0 0 0 0 0 0 0 0 0 0 0 0 0 0 0 0 0 0 0 0 0 0 0 0 0 0 0 0 0 0 0 0 0 0 0
 0 0 0 0 0 0 0 0 0 0 0 0 0 0 0 0 0 0 0 0 0 0 0 0 0 0 0 0 0 0 0 0 0 0 0 0
 0 0 0 0 0 0 0 0 0 0 0 0 0 0 0 0 0 0 0 0 0 0 0 0 0 0 0 0 0 0 0 0 0 0 0 0
 0 0 0 0 0 0 0 0 0 0 0 0 0 0 0 0 0 0 0 0 0 0 0 0 0 0 0 0 0 0 0 0 0 0 0 0
 0 0 0 0 0 0 0 0 1.78061e-05 0.00172719 0.00360574 0.0105946 0.0120993 0.0124554 0.0147524 0.0171206 0.0266825 0.0428682 0.0675386 0.121331 0.153587 0.119568 0.100827 0.0573624 0.0630603 0.0341343 0.0324427 0.0444173 0.0211091 0.0280891 0.0125444 0.00206551 0 0 0 0
 0 0 0 0 0 0 0 0 0 0 0 0 0 0 0 0 0 0 0 0 0 0 0 0 0 0 0 0 0 0 0 0 0 0 0 0
 0 0 0 0 0 0 0.0133647 0.0140871 0.0187388 0.0205184 0.03894 0.0496705 0.03968 0.0493445 0.0407372 0.0367815 0.0215668 0.0243155 0.0234873 0.0199281 0.019796 0.0243948 0.0301388 0.0376714 0.0412746 0.0863199 0.0771752 0.113111 0.0741005 0.0525337 0.0229764 0.00759418 0.00175318 0 0 0
 0 0 0 0 0 0 0 0 0 0 0.00219441 0.00772107 0.0458388 0.0604681 0.0671733 0.0775358 0.0609151 0.0617685 0.073594 0.0568108 0.0755445 0.0548602 0.0670107 0.0636378 0.0643287 0.046367 0.0373049 0.0286899 0.0247887 0.0153202 0.00654259 0.00121912 0.000365735 0 0 0
 0 0 0 0 0 0 0 0 0 0 0 0 0.000112435 0.00938835 0.0111873 0.0202946 0.0414886 0.0713402 0.111592 0.104902 0.108894 0.110636 0.117776 0.105296 0.107544 0.0401394 0.0192827 0.0124803 0.00416011 0.0028671 0.000618394 0 0 0 0 0
 0 0 0 0 0 0 0 0 0 0 0.00291406 0.0102884 0.027416 0.0768956 0.0749926 0.110853 0.0956884 0.0897413 0.0766577 0.0534642 0.0500743 0.0551293 0.0594112 0.0620874 0.0668451 0.0424026 0.0208742 0.0120726 0.0048766 0.00582813 0.00118941 0.000297354 0 0 0 0
 0 0.00264628 0.0354308 0.0461629 0.0458689 0.0383711 0.0214643 0.0164657 0.0346957 0.0420465 0.0363128 0.0245516 0.0311673 0.0291091 0.0169068 0.0133784 0.00837989 0.0085269 0.0148486 0.0160247 0.0276389 0.0546898 0.0760071 0.122758 0.109233 0.0665981 0.0333725 0.0166128 0.00676272 0.00308733 0.000882094 0 0 0 0 0
 0 0 0 0 0 0 0 0.000805153 0.000690131 0.00759144 0.0133425 0.0154129 0.00931677 0.000345066 0.00356568 0.00563607 0.00851162 0.0253048 0.0502646 0.0516448 0.0657925 0.0565908 0.0611916 0.0827007 0.0866115 0.110766 0.145733 0.0935128 0.0569358 0.0249597 0.0138026 0.00621118 0.00161031 0.00115022 0 0
 0 0 0 0 0 0 0 0 0 0 0 0 0 0 0 0 0 0 0 0 0 0 0 0 0 0 0 0 0 0 0 0 0 0 0 0
 0.00147267 0.00158595 0.00478618 0.00569244 0.00954404 0.0108468 0.00647125 0.017049 0.0510054 0.094081 0.124002 0.0959785 0.0687766 0.0820023 0.061753 0.0591476 0.0492212 0.0479892 0.0443925 0.0268479 0.0217502 0.0140895 0.0121071 0.0120363 0.00920419 0.00665534 0.0049561 0.00860946 0.00930331 0.0156896 0.0114698 0.00855282 0.00243557 0.00046729 0 2.83206e-05
 0 0 0 0 0.000772559 0.00158375 0.000888443 0.00281984 0.00712685 0.0440552 0.0773331 0.111326 0.0921469 0.0852325 0.0710754 0.0886704 0.0786465 0.0553345 0.0373146 0.0185414 0.00753245 0.00457741 0.012979 0.0271748 0.0457355 0.0583668 0.034881 0.0177882 0.00938659 0.00492506 0.0015258 0.00185414 0.000309023 5.79419e-05 3.86279e-05 0
 0 0.00173294 0.00326652 0 0.00397197 0.00683976 0.00946217 0.0152591 0.00757587 0.0136028 0.0228656 0.0392903 0.0559909 0.0764795 0.0681675 0.0726916 0.0566044 0.0477403 0.0527397 0.0444891 0.0609904 0.0582453 0.0661739 0.0445044 0.0529084 0.0360697 0.0280645 0.0235558 0.0158879 0.00826598 0.00280645 0.00217768 0.000904811 0.00058276 9.20147e-05 0
 0 0 0 0 0 0 0 0 0 0 0 0 0 0 0 0 0 0 0 0 0 0 0 0 0 0 0 0 0 0 0 0 0 0 0 0
 0 0 0 0 0 0 0 0 0 0 0 0 0 0 0 0 0 0 0 0 0 0 0 0 0 0 0 0 0 0 0 0 0 0 0 0
 0 0 0 0 0 0 0 0 0 0 0 0 0 0 0 0 0 0 0 0 0 0 0 0 0 0 0 0 0 0 0 0 0 0 0 0
 0 0 0 0 0 0 0 0 0 0 0 0 0 0 0 0 0 0 0 0 0 0 0 0 0 0 0 0 0 0 0 0 0 0 0 0
 0 0 0 0 0 0 0 0 0 0 0 0 0 0 0 0 0 0 0 0 0 0 0 0 0 0 0 0 0 0 0 0 0 0 0 0
ppred_pel_tallas
 1.01059e-16 3.44301e-05 0.000202082 0.000960619 0.00369845 0.0115333 0.0291322 0.059608 0.0988059 0.132691 0.144386 0.12734 0.0911133 0.0530919 0.0256124 0.0110203 0.00554389 0.00474788 0.00591627 0.00786108 0.0101049 0.012369 0.0144016 0.0159682 0.0168914 0.0170872 0.0165805 0.0154912 0.0139983 0.012295 0.0105496 0.00888306 0.00736428 0.00602013 0.00485109 0.00384588
 1.0118e-16 3.18703e-05 0.000187048 0.000889132 0.00342319 0.0106749 0.026964 0.0551722 0.0914554 0.122826 0.13367 0.117932 0.084476 0.0494138 0.0241921 0.0110146 0.00642175 0.00632883 0.00821946 0.010958 0.0140281 0.0170645 0.0197108 0.0216365 0.0226007 0.0225066 0.0214213 0.0195519 0.0171889 0.0146353 0.0121465 0.00989416 0.0079613 0.00635856 0.00505233 0.00399151
 1.02211e-16 2.50318e-05 0.000146891 0.000698197 0.00268801 0.00838221 0.021173 0.0433243 0.0718204 0.0964699 0.105023 0.0927451 0.0666233 0.0393529 0.0199797 0.0103039 0.00767956 0.00895241 0.0121591 0.0163583 0.0210212 0.0256702 0.0297938 0.0329047 0.0346385 0.0348341 0.0335646 0.031105 0.0278535 0.0242321 0.020602 0.0172137 0.0141989 0.0115935 0.00937426 0.00749423
 1.02823e-16 2.90491e-05 0.000170486 0.000810398 0.00312005 0.00972955 0.0245761 0.0502864 0.0833568 0.111951 0.121837 0.107498 0.0770146 0.0450759 0.0221202 0.0101644 0.00606697 0.00612007 0.00804842 0.0108368 0.0140337 0.0173205 0.0203774 0.0228945 0.0246266 0.0254415 0.0253405 0.0244424 0.0229408 0.0210504 0.0189609 0.0168123 0.0146924 0.0126491 0.0107097 0.00889572
 1.0244e-16 3.05061e-05 0.00017904 0.000851064 0.00327662 0.0102178 0.0258095 0.0528099 0.0875396 0.117567 0.127947 0.112882 0.0808577 0.0472959 0.0231538 0.010542 0.00615242 0.00608081 0.00792748 0.0106178 0.013673 0.0167595 0.0195502 0.0217363 0.0230846 0.0234871 0.0229796 0.0217212 0.0199454 0.0178988 0.0157896 0.0137591 0.0118793 0.0101691 0.00861859 0.00721066
 1.03167e-16 2.39188e-05 0.000140356 0.000667133 0.0025684 0.00800923 0.0202309 0.0413967 0.0686255 0.0921799 0.100357 0.0886339 0.063691 0.0376631 0.0192002 0.0100308 0.00763561 0.0090086 0.0122784 0.0165445 0.0212939 0.0260555 0.0303217 0.0336066 0.0355448 0.0359712 0.034951 0.0327474 0.0297431 0.026343 0.0228904 0.0196203 0.0166532 0.0140199 0.0116994 0.00965354
 1.03329e-16 2.87414e-05 0.000168681 0.000801816 0.00308701 0.00962652 0.0243159 0.0497538 0.0824739 0.110764 0.120545 0.106356 0.0761909 0.0445832 0.0218591 0.0100127 0.00593507 0.00595822 0.00783385 0.0105633 0.0137086 0.0169656 0.0200292 0.0226021 0.0244458 0.0254268 0.0255363 0.0248754 0.0236153 0.0219473 0.0200413 0.0180231 0.0159733 0.0139402 0.0119569 0.0100552
 1.03517e-16 2.5798e-05 0.000151393 0.000719611 0.00277047 0.00863939 0.0218226 0.044653 0.0740215 0.0994216 0.108224 0.0955414 0.0685663 0.0403685 0.0202519 0.010049 0.00701113 0.00787341 0.0106155 0.0142951 0.0184234 0.0225891 0.0263593 0.0293206 0.0311604 0.031734 0.03109 0.0294422 0.027103 0.0244016 0.0216142 0.0189268 0.0164318 0.014151 0.0120689 0.0101621
 1.03399e-16 2.77958e-05 0.000163127 0.000775406 0.00298531 0.00930938 0.0235148 0.0481151 0.0797584 0.107121 0.116587 0.102883 0.0737446 0.0432355 0.021354 0.010043 0.00630992 0.00661648 0.00878711 0.0118398 0.0153179 0.0188794 0.022175 0.024867 0.0266919 0.027513 0.0273428 0.0263229 0.0246753 0.0226408 0.0204276 0.0181827 0.015991 0.0138903 0.0118954 0.0100167
 1.03445e-16 2.6356e-05 0.00015467 0.000735196 0.00283048 0.00882653 0.0222953 0.04562 0.0756239 0.101572 0.11056 0.097592 0.0700126 0.0411692 0.0205596 0.0100473 0.00681529 0.00752269 0.0101059 0.0136117 0.0175605 0.0215605 0.0252022 0.0280929 0.0299332 0.0305798 0.0300702 0.0285969 0.0264466 0.0239235 0.0212853 0.0187081 0.0162836 0.0140398 0.0119711 0.0100646
 1.04782e-16 2.08958e-05 0.000122608 0.000582754 0.00224352 0.00699611 0.0176718 0.0361607 0.059947 0.0805273 0.0876827 0.0774687 0.0557304 0.0330821 0.0170998 0.00931879 0.00756645 0.00924225 0.0127273 0.0172346 0.0222941 0.0274505 0.0321998 0.0360498 0.0386179 0.0397101 0.0393525 0.0377617 0.0352721 0.032244 0.0289868 0.0257174 0.022557 0.0195557 0.0167271 0.0140776
 1.06262e-16 2.11141e-05 0.000123895 0.000588887 0.00226716 0.00706983 0.017858 0.0365411 0.0605758 0.0813664 0.088582 0.078229 0.0562029 0.0332134 0.0168953 0.00877573 0.00663767 0.00784308 0.0107674 0.014657 0.0191116 0.0237735 0.028246 0.0321308 0.0351004 0.0369598 0.0376723 0.037341 0.0361577 0.0343402 0.0320808 0.0295215 0.0267566 0.0238515 0.0208669 0.0178738
 1.04598e-16 2.88341e-05 0.000169227 0.000804419 0.00309704 0.0096578 0.0243948 0.0499153 0.0827409 0.111121 0.120928 0.106682 0.0763995 0.0446541 0.0217985 0.00982438 0.00560405 0.00545212 0.00711401 0.00959864 0.012489 0.015513 0.0184043 0.020904 0.0228036 0.0239848 0.0244346 0.0242314 0.0235083 0.0224102 0.0210584 0.0195344 0.0178838 0.0161313 0.0142999 0.0124236
 1.02775e-16 2.99969e-05 0.00017605 0.000836846 0.00322188 0.0100471 0.0253782 0.0519277 0.0860776 0.115605 0.125815 0.11101 0.0795357 0.0465607 0.0228646 0.0105293 0.00630793 0.00636533 0.00834086 0.01117 0.0143666 0.0175811 0.0204677 0.0227016 0.0240412 0.0243801 0.0237665 0.0223803 0.0204783 0.018328 0.0161513 0.0140937 0.0122221 0.0105439 0.00903451 0.00766307
 1.0141e-16 3.39929e-05 0.000199515 0.00094841 0.00365144 0.0113867 0.0287619 0.0588505 0.0975506 0.131006 0.142556 0.125733 0.0899788 0.0524618 0.0253661 0.0110126 0.00568211 0.00499833 0.00627835 0.00834218 0.0107052 0.0130741 0.0151807 0.0167772 0.0176798 0.0178083 0.0172011 0.0159984 0.0144016 0.0126226 0.0108407 0.00917797 0.00769562 0.00640663 0.00529548 0.00433659
 1.00955e-16 3.37341e-05 0.000197993 0.000941172 0.00362357 0.0112998 0.0285423 0.0584014 0.0968069 0.130009 0.141476 0.124794 0.0893346 0.0521423 0.0253161 0.0111682 0.00601632 0.00552172 0.00701849 0.00932115 0.0119221 0.0144935 0.0167283 0.0183443 0.019137 0.0190251 0.0180678 0.0164441 0.0144044 0.0122097 0.0100793 0.00816087 0.00652487 0.00517926 0.00409331 0.00322083
 1.01545e-16 2.7814e-05 0.000163227 0.00077587 0.00298708 0.00931486 0.0235288 0.0481441 0.0798083 0.107193 0.116681 0.103 0.0739031 0.0434784 0.0217512 0.0106894 0.00731918 0.00810902 0.0108685 0.0145705 0.0186794 0.0227472 0.0263082 0.0289237 0.030271 0.0302157 0.0288393 0.0264085 0.0233013 0.0199153 0.0165878 0.0135495 0.0109164 0.00871093 0.00689738 0.0054158
 1.02301e-16 2.90713e-05 0.000170615 0.000811005 0.00312238 0.00973681 0.0245945 0.0503241 0.0834199 0.112037 0.121935 0.107594 0.0771051 0.045172 0.0222472 0.0103559 0.0063601 0.00655164 0.00864948 0.0116247 0.0150024 0.0184333 0.0215636 0.0240543 0.0256431 0.0261988 0.025743 0.0244316 0.0225039 0.0202205 0.0178091 0.015434 0.0131918 0.0111256 0.00924732 0.00755715
 1.02634e-16 2.82492e-05 0.000165787 0.000788049 0.00303398 0.00946116 0.0238982 0.0488997 0.0810594 0.108869 0.118493 0.104572 0.0749717 0.043987 0.021784 0.0103416 0.0066213 0.00702655 0.00933959 0.0125478 0.0161642 0.0198126 0.0231087 0.0256862 0.0272676 0.027723 0.0270929 0.0255648 0.0234151 0.0209376 0.0183826 0.0159224 0.0136481 0.0115873 0.00973258 0.00806558
 1.02198e-16 3.14999e-05 0.000184877 0.000878815 0.00338348 0.0105511 0.0266511 0.0545319 0.0903933 0.121397 0.132109 0.11654 0.0834454 0.0487449 0.0237426 0.0106067 0.00590994 0.00561294 0.00723738 0.0096842 0.0124821 0.0153211 0.0179032 0.0199466 0.0212365 0.0216692 0.02127 0.0201757 0.0185913 0.0167358 0.0147973 0.0129063 0.011134 0.00950541 0.00801995 0.00666969
 1.02124e-16 2.91404e-05 0.000171018 0.000812919 0.00312974 0.00975977 0.0246525 0.050443 0.0836176 0.112304 0.122231 0.107867 0.0773261 0.0453524 0.0224299 0.0105959 0.00671129 0.00706027 0.00934948 0.0125295 0.0160949 0.0196574 0.0228232 0.0252215 0.0265766 0.0267684 0.0258555 0.0240493 0.0216527 0.0189841 0.0163125 0.0138202 0.0115981 0.00966464 0.00799567 0.00655262
 1.0243e-16 2.86815e-05 0.000168326 0.000800119 0.00308046 0.00960609 0.0242643 0.0496487 0.0823007 0.110535 0.120304 0.106164 0.076099 0.0446206 0.0220462 0.0103801 0.00653248 0.00684845 0.00907619 0.0121922 0.0157119 0.0192679 0.0224865 0.0250108 0.026569 0.0270311 0.026432 0.0249493 0.0228485 0.0204139 0.0178902 0.0154491 0.013185 0.0111317 0.00928779 0.00763987
 1.02213e-16 3.10164e-05 0.000182037 0.000865313 0.00333149 0.0103889 0.0262416 0.0536941 0.0890049 0.119534 0.130084 0.11476 0.0821869 0.0480409 0.023458 0.0105785 0.00603347 0.00584951 0.00758687 0.0101586 0.0130898 0.0160588 0.0187526 0.0208753 0.0222014 0.0226233 0.0221695 0.0209862 0.0192916 0.0173185 0.0152662 0.0132733 0.0114145 0.00971534 0.00817386 0.00677976
 1.01998e-16 3.04651e-05 0.000178798 0.000849909 0.00327217 0.0102039 0.0257744 0.0527383 0.0874213 0.117409 0.127778 0.112742 0.0807741 0.0472815 0.0232107 0.0106751 0.00637612 0.00641728 0.0083997 0.0112408 0.0144452 0.0176563 0.020521 0.0227071 0.0239671 0.024191 0.0234277 0.0218618 0.0197595 0.0174018 0.0150261 0.0127946 0.010789 0.00902809 0.00749385 0.00615576
 1.03513e-16 2.01396e-05 0.000118163 0.000561609 0.00216209 0.00674214 0.0170304 0.0348487 0.0577741 0.0776145 0.0845273 0.0747193 0.0538361 0.032125 0.0169116 0.00970379 0.00843414 0.0106117 0.0146694 0.0198098 0.025505 0.0312108 0.0363221 0.0402561 0.042573 0.043072 0.0418284 0.0391552 0.0355104 0.03138 0.027179 0.0231942 0.019577 0.0163707 0.0135559 0.0110902
 1.05285e-16 2.36099e-05 0.000138552 0.000658573 0.00253548 0.00790659 0.0199715 0.0408652 0.0677418 0.0909852 0.0990359 0.0874184 0.062712 0.0368732 0.0184117 0.00900137 0.00612837 0.00681649 0.00924284 0.0125884 0.0164652 0.0205639 0.0245498 0.0280823 0.0308727 0.0327349 0.0336099 0.0335535 0.0326987 0.0312086 0.0292366 0.0269083 0.0243221 0.0215619 0.0187121 0.0158644
 1.04916e-16 2.63971e-05 0.000154916 0.00073637 0.00283502 0.00884069 0.022331 0.0456928 0.0757434 0.101729 0.110722 0.0977132 0.0700525 0.0410982 0.0203497 0.00965793 0.00618766 0.00658554 0.0087912 0.0118756 0.0154055 0.0190537 0.0224833 0.0253678 0.0274505 0.0285957 0.028808 0.0282123 0.0270048 0.0253941 0.0235534 0.0215969 0.0195825 0.0175322 0.0154575 0.0133788
pSPR Fmed_Fpbrs
0.439746   0.6 0.325
Fs Fmed_Fpbrs
0.66   0.349528 1.07729
SSBpbr Bo_Bmed_Bpbrs
2.22638e+06  867723  1.22451e+06 612255
Ro
56387.3
SPR SPRFo_SPRFmed_SPRFpbrs
1.16813e+06 513682 379643
log_Ro
10.76
likeval ReclasPelacesDesembMPH_pf_preclas_ppelaces_ptallas_desvR_qrecl_qpela
 62.7864 23.0484 0.0260787 0.000641416 352.708 217.901 58.8799 0 16.8898 5.96454e-05 8.32053e-06 6.15993e-16 0 0 0
q_reclas_q_pelaces
0.334745 1.50739
M
0.7
N
 58863.1 15020.1 5580.01 656.898 0.370329
 72953.3 27018.7 4795.05 1781.38 209.828
 45154.8 34138.9 9613.04 1706.04 708.457
 65647.9 20635.7 10633.3 2994.19 752.048
 110155 32090.3 9379.92 4833.35 1702.85
 83071 54522 15644.2 4572.77 3186.44
 128064 39891.4 22428 6435.35 3191.8
 115619 62267.8 17598.1 9894.11 4247.02
 133706 55043.5 24401.5 6896.33 5541.62
 127772 63232 20779 9211.58 4695.34
 65339.4 60923.5 24995.2 8213.81 5497.32
 40774.9 29719.3 18479.4 7581.58 4158.87
 43273.6 18625.4 9232.72 5740.88 3647.33
 23629.2 18776 4335.16 2148.96 2185.15
 17690.4 9185.41 2357.8 544.387 544.255
 20407.9 6902.18 1177.53 302.26 139.56
 16188.2 9242.06 2042.95 348.533 130.772
 19684.3 7541.72 3207.1 708.925 166.324
 22350.9 9364.44 2943.4 1251.68 341.595
 37193.7 10721.9 3829.63 1203.72 651.574
 46200.7 17827.2 4364.23 1558.81 755.176
 59248.4 22562.4 8059.85 1973.11 1046.18
 96588.2 28775.3 9890 3532.96 1323.48
 137133 46700.6 12300.1 4227.5 2075.89
 74709.9 66400.4 20125.5 5300.7 2716.44
 85189.4 36332.9 29324.2 8887.98 3540.58
 108039 41460.5 16113.6 13005.3 5512.06
pred_Ctot
 3217.88 3956.42 1469.82 173.032 0.0975479
 3035.14 5615.57 996.605 370.242 43.6107
 2601.21 9399.62 2646.8 469.732 195.062
 738.576 1262.69 650.649 183.213 46.0176
 259.981 422.409 123.469 63.6222 22.4148
 1974.08 6803.04 1952.02 570.572 397.591
 1923.65 3224.54 1812.92 520.188 258.003
 3442.25 9571.69 2705.15 1520.9 652.844
 4595.72 9643.7 4275.17 1208.25 970.9
 3667.2 9398.25 3088.41 1369.13 697.874
 3969.77 17539 7195.78 2364.64 1582.6
 2361.49 8219.63 5110.94 2096.88 1150.24
 3959.71 7428.29 3682.24 2289.61 1454.65
 3743.15 10879.2 2511.87 1245.15 1266.12
 2764.57 5279.07 1355.08 312.872 312.796
 1299.02 2065.3 352.346 90.4434 41.7595
 722.566 2043.58 451.731 77.0667 28.916
 595.964 1177.25 500.624 110.662 25.963
 547.415 1201.81 377.748 160.636 43.8393
 932.621 1406.46 502.358 157.9 85.4715
 551.161 1154.47 282.624 100.947 48.9046
 937.542 1916.92 684.773 167.638 88.8843
 1832.93 2906 998.784 356.791 133.657
 2462.51 4475.66 1178.81 405.152 198.948
 1112.07 5320.81 1612.7 424.756 217.674
 1222.74 2811.59 2269.23 687.79 273.985
 1514.01 3135.46 1218.6 983.528 416.851
F
 0.0786863 0.441803 0.441803 0.441803 0.441803
 0.0593808 0.333407 0.333407 0.333407 0.333407
 0.0830757 0.466448 0.466448 0.466448 0.466448
 0.0157531 0.0884498 0.0884498 0.0884498 0.0884498
 0.00328655 0.0184531 0.0184531 0.0184531 0.0184531
 0.0335356 0.188294 0.188294 0.188294 0.188294
 0.0210821 0.11837 0.11837 0.11837 0.11837
 0.0421748 0.236801 0.236801 0.236801 0.236801
 0.0488326 0.274182 0.274182 0.274182 0.274182
 0.0406296 0.228125 0.228125 0.228125 0.228125
 0.0877982 0.492964 0.492964 0.492964 0.492964
 0.0835379 0.469043 0.469043 0.469043 0.469043
 0.134961 0.757769 0.757769 0.757769 0.757769
 0.244865 1.37485 1.37485 1.37485 1.37485
 0.241186 1.3542 1.3542 1.3542 1.3542
 0.0921582 0.517444 0.517444 0.517444 0.517444
 0.0638318 0.358399 0.358399 0.358399 0.358399
 0.042902 0.240884 0.240884 0.240884 0.240884
 0.034579 0.194152 0.194152 0.194152 0.194152
 0.035415 0.198846 0.198846 0.198846 0.198846
 0.0167111 0.0938287 0.0938287 0.0938287 0.0938287
 0.02222 0.12476 0.12476 0.12476 0.12476
 0.0266998 0.149913 0.149913 0.149913 0.149913
 0.0252491 0.141767 0.141767 0.141767 0.141767
 0.0208895 0.117289 0.117289 0.117289 0.117289
 0.0201363 0.11306 0.11306 0.11306 0.11306
 0.0196556 0.110361 0.110361 0.110361 0.110361
Np
 44097.3 20576.4 18417.7 6454.97 3387.03
YTP_r0W_actual
 12263.5 76191.7 39969.9 39537.8 19050.1
YTP_p0W_proyectada
 16519.8 261879 129294 62812.3 84090.4
 16519.8 102431 129156 56582.5 34088.3
CTP_r0_actual
 1514.01 3135.46 1218.6 983.528 416.851
CTP_p0_proyectada
 1920.91 11386 3990.54 1550.92 1808.4
 1920.91 4453.52 3986.29 1397.1 733.081
Wmedp
 8.6 23 32.4 40.5 46.5
nmprior
 10.8 10.6 4.6 0
nm_flota  nm_reclas  nm_pelaces    nm_pelaL
inf 13.7682 18.9068 82.2103
cv_recla  cv_pelaces  cv_mph
0.68622 0.50921 0.676871
 ------------------------------------------------
Talla a la edad & desviaci?n 
 7.2 14.2025 17.0495 18.207 18.6776
 1.08 2.13037 2.55742 2.73105 2.80164
