years
 1997 1998 1999 2000 2001 2002 2003 2004 2005 2006 2007 2008 2009 2010 2011 2012 2013 2014 2015 2016 2017 2018 2019 2020 2021 2022 2023
reclasobs
 0 0 0 370054 412103 1.49427e+06 250295 1.28982e+06 931140 785840 897777 1.04006e+06 184774 17550 25797 100020 73551 82996 120727 218422 84188 347160 605670 569463 516374 1.08416e+06 1.01767e+06
reclaspred
 437679 130147 446468 321775 427740 506377 1.08378e+06 689024 717097 594525 452861 301341 184530 88806.3 66093.5 69682.1 87995.4 124843 134975 191050 267831 241296 416865 568661 735660 735347 724656
pelacesobs
 0 0 0 0 0 0 0 0 0 2.06254e+06 1.5e+06 0 1.87456e+06 323000 250000 174000 83755 137374 0 501740 490994 745055 786931 1.00524e+06 1.33801e+06 1.41789e+06 1.42762e+06
pelacespred
 1.67636e+06 441016 909481 1.0022e+06 1.12798e+06 1.13097e+06 2.64835e+06 2.18919e+06 1.97335e+06 1.6698e+06 1.14669e+06 782800 476639 195106 142487 158923 208530 297269 331697 456669 706857 626732 881610 1.34697e+06 1.73769e+06 1.90142e+06 1.85826e+06
mphobs
 0 0 0 0 0 112323 0 153150 637223 0 255016 313432 73983 77613 109348 50772 17779 17303 59886 28197 0 207744 136588 643089 65757 70829 0
mphpred
 112513 77921.5 104091 142824 137717 197121 297950 339928 277951 260193 222408 153655 94574.1 50370.3 25870.3 23359.9 28701.7 40110.1 51592.7 60151.4 87667.3 100728 125642 179423 269120 308261 296285
desembarqueobs
 350755 77701 442110 56441 14545 235359 269955 359681 431902 328805 639364 411747 362871 311530 167758 66681 60226 58785 57116 73181 50977 67692 138656 160484 209506 203330 187013
desembarquepred
 350766 77705 442157 56442.9 14545.1 235395 269982 359715 431979 328869 639771 412106 363366 312142 167862 66698.4 60246.3 58789.5 57115.4 73184.1 50978.3 67689.9 138661 160492 209507 203329 187013
Reclutas
 77135.7 97255.6 62947.4 91213.3 149712 113843 167507 144909 157543 138135 68250.4 40938.7 42848.7 24555.8 20155.5 26184.1 21863.2 26671.6 30223.6 51170 62946.3 80591.6 131985 187975 102978 118705 149468
log_desv_Rt
 0.0733217 0.305098 -0.129946 0.240956 0.736466 0.462574 0.84878 0.703863 0.787451 0.655989 -0.0490619 -0.560169 -0.514569 -1.0713 -1.26877 -1.00709 -1.18744 -0.988645 -0.863622 -0.337091 -0.129963 0.117149 0.610444 0.964066 0.362273 0.5044 0.734836
SSB
 914188 633125 845756 1.16047e+06 1.11898e+06 1.60164e+06 2.42089e+06 2.76197e+06 2.25839e+06 2.11411e+06 1.8071e+06 1.24847e+06 768430 409267 210201 189803 233206 325901 419199 488740 712311 818430 1.02086e+06 1.45784e+06 2.18664e+06 2.50467e+06 2.40736e+06
BT
 3.17084e+06 886699 1.79973e+06 1.77753e+06 1.94422e+06 2.12546e+06 4.72194e+06 4.16485e+06 3.77981e+06 3.18396e+06 2.55459e+06 1.72634e+06 1.17635e+06 637188 388401 327887 407177 556585 617696 842611 1.25343e+06 1.13814e+06 1.60788e+06 2.43984e+06 3.13976e+06 3.43456e+06 3.34845e+06
Ftot
 0.324981 0.233292 0.310441 0.0567708 0.012373 0.129916 0.0809605 0.165281 0.193616 0.168599 0.379948 0.358096 0.562556 0.969538 0.853342 0.329148 0.235389 0.157598 0.129357 0.133154 0.0639482 0.0862822 0.103712 0.097826 0.0813287 0.0775194 0.0750137
BD_Bspro_t
 0.961342 0.820206 0.801647 0.719192 0.806087 0.887328 0.86575 0.867755 0.821872 0.781125 0.7348 0.588785 0.476208 0.364292 0.248623 0.271583 0.396125 0.564817 0.676205 0.751868 0.827529 0.87798 0.881575 0.885426 0.895941 0.880401 0.871699
BD_Bspro
 0.615619 0.42635 0.569537 0.781467 0.753525 1.07855 1.63024 1.85993 1.52082 1.42366 1.21691 0.84073 0.517465 0.275603 0.14155 0.127814 0.157042 0.219463 0.282291 0.32912 0.479674 0.551135 0.687453 0.98172 1.4725 1.68666 1.62113
BD_Bo
 0.287786 0.199307 0.266243 0.365315 0.352253 0.504195 0.762096 0.869467 0.710941 0.665521 0.568875 0.393019 0.241901 0.128837 0.066171 0.0597498 0.0734132 0.102593 0.131964 0.153855 0.224235 0.257641 0.321366 0.458928 0.688355 0.78847 0.757837
BD_Brms
 0.523247 0.362377 0.484079 0.664209 0.64046 0.916718 1.38563 1.58085 1.29262 1.21004 1.03432 0.71458 0.439821 0.234249 0.120311 0.108636 0.133479 0.186533 0.239934 0.279736 0.4077 0.468438 0.584302 0.834415 1.25155 1.43358 1.37788
S_f
 0.195194 1 1 1 1
 0.195194 1 1 1 1
 0.195194 1 1 1 1
 0.195194 1 1 1 1
 0.195194 1 1 1 1
 0.195194 1 1 1 1
 0.195194 1 1 1 1
 0.195194 1 1 1 1
 0.195194 1 1 1 1
 0.195194 1 1 1 1
 0.195194 1 1 1 1
 0.195194 1 1 1 1
 0.195194 1 1 1 1
 0.195194 1 1 1 1
 0.195194 1 1 1 1
 0.195194 1 1 1 1
 0.195194 1 1 1 1
 0.195194 1 1 1 1
 0.195194 1 1 1 1
 0.195194 1 1 1 1
 0.195194 1 1 1 1
 0.195194 1 1 1 1
 0.195194 1 1 1 1
 0.195194 1 1 1 1
 0.195194 1 1 1 1
 0.195194 1 1 1 1
 0.195194 1 1 1 1
Scru_reclas
 1 1 1 1 1
 1 1 1 1 1
 1 1 1 1 1
 1 1 1 1 1
 1 1 1 1 1
 1 1 1 1 1
 1 1 1 1 1
 1 1 1 1 1
 1 1 1 1 1
 1 1 1 1 1
 1 1 1 1 1
 1 1 1 1 1
 1 1 1 1 1
 1 1 1 1 1
 1 1 1 1 1
 1 1 1 1 1
 1 1 1 1 1
 1 1 1 1 1
 1 1 1 1 1
 1 1 1 1 1
 1 1 1 1 1
 1 1 1 1 1
 1 1 1 1 1
 1 1 1 1 1
 1 1 1 1 1
 1 1 1 1 1
 1 1 1 1 1
Scru_pelaces
 1 1 1 1 1
 1 1 1 1 1
 1 1 1 1 1
 1 1 1 1 1
 1 1 1 1 1
 1 1 1 1 1
 1 1 1 1 1
 1 1 1 1 1
 1 1 1 1 1
 1 1 1 1 1
 1 1 1 1 1
 1 1 1 1 1
 1 1 1 1 1
 1 1 1 1 1
 1 1 1 1 1
 1 1 1 1 1
 1 1 1 1 1
 1 1 1 1 1
 1 1 1 1 1
 1 1 1 1 1
 1 1 1 1 1
 1 1 1 1 1
 1 1 1 1 1
 1 1 1 1 1
 1 1 1 1 1
 1 1 1 1 1
 1 1 1 1 1
pf_obs 
 0.256992 0.487395 0.22802 0.0275931 0
 0.321318 0.546541 0.124235 0.00734118 0.000564706
 0.182869 0.594174 0.210203 0.0122559 0.00049798
 0.330522 0.361315 0.267642 0.0388342 0.00168674
 0.649043 0.306663 0.0425973 0.00169635 0
 0.582887 0.30429 0.105238 0.00758474 0
 0.465427 0.430635 0.0974691 0.00646863 0
 0.296916 0.608066 0.0921331 0.00288517 0
 0.311714 0.524322 0.152257 0.0117073 0
 0.15457 0.633149 0.183074 0.0267441 0.00246327
 0.131901 0.49318 0.331252 0.0422183 0.00144891
 0.196976 0.569456 0.194076 0.0375587 0.00193317
 0.518974 0.381816 0.0799577 0.0180837 0.00116848
 0.0928022 0.601141 0.25162 0.0475244 0.00691264
 0.122501 0.610282 0.24278 0.0234846 0.000952079
 0.383417 0.481906 0.127806 0.00687128 0
 0.0376549 0.599619 0.316969 0.0457579 0
 0.0361596 0.667082 0.258105 0.0386534 0
 0.158088 0.579412 0.248529 0.0139706 0
 0.0477256 0.309471 0.559284 0.082774 0.000745712
 0.0406174 0.521527 0.379366 0.0568643 0.0016247
 0.151134 0.462217 0.34131 0.0453401 0
 0.294876 0.26143 0.354403 0.0886775 0.000613685
 0.281977 0.475581 0.204845 0.0348837 0.00271318
 0.0841818 0.532909 0.334909 0.0458182 0.00218182
 0.115287 0.27431 0.454777 0.147771 0.00785563
 0.0989387 0.350907 0.424855 0.114687 0.0106128
pf_pred 
 0.382734 0.435957 0.162179 0.0191195 1.07042e-05
 0.310577 0.542445 0.103806 0.0386166 0.00455512
 0.175751 0.593249 0.181753 0.0347815 0.0144652
 0.256111 0.414802 0.236859 0.0725661 0.0196621
 0.296773 0.452931 0.139568 0.0796957 0.031032
 0.176815 0.56384 0.167038 0.0514718 0.0408356
 0.247415 0.405335 0.237849 0.0704628 0.0389386
 0.188815 0.515891 0.159043 0.0933255 0.0429262
 0.209847 0.444459 0.219851 0.0677775 0.0580649
 0.184968 0.487226 0.18439 0.0912085 0.0522075
 0.112832 0.49383 0.235138 0.0889876 0.0692133
 0.111508 0.388521 0.278302 0.132514 0.0891553
 0.186811 0.350853 0.202171 0.144817 0.115348
 0.171736 0.501359 0.141044 0.0812735 0.104587
 0.244449 0.475846 0.169309 0.0476308 0.0627653
 0.325392 0.48185 0.121399 0.0431944 0.0281644
 0.21984 0.578916 0.143742 0.0362147 0.0212872
 0.246476 0.464598 0.214397 0.0532336 0.0212953
 0.236068 0.491135 0.168198 0.0776179 0.0269816
 0.309478 0.432758 0.165718 0.0567529 0.0352938
 0.264713 0.521492 0.133988 0.0513086 0.028499
 0.255993 0.487313 0.182057 0.0467763 0.0278615
 0.305223 0.449522 0.160638 0.0600132 0.0246036
 0.29341 0.496227 0.136105 0.0486374 0.0256201
 0.134804 0.596811 0.188482 0.051697 0.0282053
 0.176492 0.373041 0.310732 0.098134 0.0416014
 0.215399 0.417472 0.166306 0.138528 0.0622956
pobs_RECLAS
 0 0 0 0 0
 0 0 0 0 0
 0 0 0 0 0
 0 0 0 0 0
 0.835266 0.146461 0.0176864 0.000547809 3.91292e-05
 0.385257 0.428462 0.181853 0.0044286 0
 0.867414 0.0963971 0.0333333 0.00285562 0
 0.441836 0.489002 0.0689373 0.000224442 0
 0.779404 0.147425 0.0564933 0.0165055 0.000172143
 0.814271 0.122319 0.05973 0.00367925 0
 0.40263 0.566651 0.0304383 0.000280538 0
 0.475488 0.404961 0.113038 0.00651328 0
 0.955842 0.0263864 0.0167828 0.000988607 0
 0.975058 0.0227948 0.00214734 0 0
 0.738997 0.206755 0.0527124 0.00153531 0
 0.850938 0.134255 0.0134407 0.00136685 0
 0.542534 0.407297 0.0501686 0 0
 0.764087 0.199537 0.0359546 0.000420521 0
 0.470689 0.182191 0.310203 0.0369168 0
 0.84361 0.089868 0.0606195 0.00523954 0.000663233
 0.607945 0.314616 0.071237 0.00620181 0
 0.523733 0.453247 0.0230204 0 0
 0.530135 0.295979 0.169645 0.0042399 0
 0.562478 0.366248 0.0663022 0.0049721 0
 0.250443 0.683176 0.0655157 0.000865301 0
 0.195077 0.31981 0.436473 0.0351445 0.0134964
 0.565238 0.351407 0.0832357 0.000118908 0
ppred_RECLAS
 0.764053 0.166642 0.0619921 0.00730834 4.09161e-06
 0.700424 0.235709 0.045107 0.0167801 0.00197934
 0.526614 0.340717 0.104385 0.0199759 0.00830773
 0.638821 0.201398 0.115001 0.0352328 0.00954649
 0.683874 0.203609 0.062741 0.0358261 0.01395
 0.525575 0.324957 0.0962686 0.0296646 0.0235347
 0.628396 0.200142 0.117442 0.0347924 0.0192267
 0.546068 0.288688 0.088999 0.0522242 0.0240211
 0.578933 0.236849 0.117157 0.0361182 0.0309424
 0.539834 0.275087 0.104106 0.0514962 0.0294763
 0.400089 0.333932 0.159002 0.0601742 0.0468026
 0.396511 0.263895 0.18903 0.0900069 0.0605568
 0.55015 0.194089 0.111839 0.0801117 0.0638094
 0.535245 0.281322 0.0791428 0.0456042 0.0586859
 0.639412 0.227098 0.080803 0.0227318 0.0299548
 0.715896 0.202927 0.0511258 0.0181909 0.0118612
 0.593941 0.301316 0.074815 0.0188491 0.0110796
 0.628216 0.229229 0.105782 0.0262651 0.010507
 0.614455 0.247868 0.0848868 0.0391726 0.0136172
 0.698063 0.189227 0.0724615 0.0248157 0.0154325
 0.649145 0.248839 0.0639346 0.0244828 0.0135988
 0.639033 0.236427 0.0883279 0.0226943 0.0135174
 0.693486 0.198316 0.0708684 0.026476 0.0108544
 0.681313 0.223809 0.0613863 0.0219365 0.0115552
 0.444893 0.382912 0.12093 0.0331686 0.0180964
 0.524308 0.215483 0.179491 0.0566862 0.0240307
 0.585355 0.220625 0.0878891 0.073209 0.0329219
pobs_PELACES
 0 0 0 0 0
 0 0 0 0 0
 0 0 0 0 0
 0 0 0 0 0
 0 0 0 0 0
 0 0 0 0 0
 0 0 0 0 0
 0 0 0 0 0
 0 0 0 0 0
 0 0 0 0 0
 0.450072 0.473896 0.0757376 0.000293798 0
 0 0 0 0 0
 0.463077 0.371075 0.160297 0.00555027 0
 0.529543 0.364841 0.0842815 0.0213345 0
 0.631943 0.363953 0.00410389 0 0
 0.735681 0.248677 0.0153453 0.000297389 0
 0.695825 0.281241 0.0229344 0 0
 0.275771 0.60734 0.115278 0.00161068 0
 0 0 0 0 0
 0.896147 0.0623911 0.0374545 0.00400742 0
 0.803859 0.145111 0.0509908 3.86294e-05 0
 0.739449 0.233085 0.0266225 0.000797448 4.60066e-05
 0.878498 0.100942 0.0204185 0.000141795 0
 0.694673 0.275183 0.0284847 0.00165964 0
 0.469039 0.446079 0.0841089 0.000773354 0
 0.822795 0.102175 0.0682046 0.00682512 0
 0.69333 0.244118 0.0624202 0.000131731 0
ppred_PELACES
 0.779257 0.155904 0.0579975 0.00683741 3.82795e-06
 0.713262 0.225609 0.0431741 0.0160611 0.00189452
 0.547111 0.325964 0.0998653 0.0191109 0.00794801
 0.642293 0.199462 0.113896 0.0348942 0.00945474
 0.684584 0.203152 0.0626001 0.0357456 0.0139187
 0.53417 0.31907 0.0945246 0.0291272 0.0231083
 0.633403 0.197445 0.11586 0.0343236 0.0189677
 0.556925 0.281783 0.0868703 0.050975 0.0234466
 0.591414 0.229829 0.113685 0.0350475 0.0300252
 0.550936 0.26845 0.101595 0.0502538 0.0287651
 0.424535 0.320325 0.152523 0.0577222 0.0448955
 0.419478 0.253852 0.181836 0.0865816 0.0582522
 0.586784 0.178284 0.102732 0.0735878 0.0586131
 0.598378 0.243107 0.068392 0.0394093 0.050714
 0.689857 0.195328 0.069499 0.0195518 0.0257643
 0.733335 0.19047 0.0479875 0.0170743 0.0111331
 0.608925 0.290197 0.0720541 0.0181535 0.0106707
 0.637939 0.223235 0.103016 0.0255782 0.0102322
 0.622561 0.242657 0.083102 0.0383489 0.0133309
 0.705464 0.184589 0.0706854 0.0242074 0.0150542
 0.653004 0.246102 0.0632315 0.0242135 0.0134492
 0.644302 0.232976 0.0870386 0.022363 0.0133201
 0.699309 0.194548 0.069522 0.025973 0.0106481
 0.686928 0.219866 0.0603048 0.02155 0.0113516
 0.450234 0.379228 0.119766 0.0328495 0.0179223
 0.52944 0.213159 0.177555 0.0560746 0.0237714
 0.590182 0.218057 0.0868659 0.0723568 0.0325387
pobs_pel_tallas
 0 0 0 0 0 0 0 0 0 0 0 0 0 0 0 0 0 0 0 0 0 0 0 0 0 0 0 0 0 0 0 0 0 0 0 0
 0 0 0 0 0 0 0 0 0 0 0 0 0 0 0 0 0 0 0 0 0 0 0 0 0 0 0 0 0 0 0 0 0 0 0 0
 0 0 0 0 0 0 0 0 0 0 0 0 0 0 0 0 0 0 0 0 0 0 0 0 0 0 0 0 0 0 0 0 0 0 0 0
 0 0 0 0 0 0 0 0 0 0 0 0 0 0 0 0 0 0 0 0 0 0 0 0 0 0 0 0 0 0 0 0 0 0 0 0
 0 0 0 0 0 0 0 0 0 0 0 0 0 0 0 0 0 0 0 0 0 0 0 0 0 0 0 0 0 0 0 0 0 0 0 0
 0 0 0 0 0 0 0 0 0 0 0 0 0 0 0 0 0 0 0 0 0 0 0 0 0 0 0 0 0 0 0 0 0 0 0 0
 0 0 0 0 0 0 0 0 0 0 0 0 0 0 0 0 0 0 0 0 0 0 0 0 0 0 0 0 0 0 0 0 0 0 0 0
 0 0 0 0 0 0 0 0 0 0 0 0 0 0 0 0 0 0 0 0 0 0 0 0 0 0 0 0 0 0 0 0 0 0 0 0
 0 0 0 0 0 0 0 0 0 0 0 0 0 0 0 0 0 0 0 0 0 0 0 0 0 0 0 0 0 0 0 0 0 0 0 0
 0 0 0 0 0 0 0 0 0 0 0 0 0 0 0 0 0 0 0 0 0 0 0 0 0 0 0 0 0 0 0 0 0 0 0 0
 0 0 0 0 0 0 0 0 1.78061e-05 0.00172719 0.00360574 0.0105946 0.0120993 0.0124554 0.0147524 0.0171206 0.0266825 0.0428682 0.0675386 0.121331 0.153587 0.119568 0.100827 0.0573624 0.0630603 0.0341343 0.0324427 0.0444173 0.0211091 0.0280891 0.0125444 0.00206551 0 0 0 0
 0 0 0 0 0 0 0 0 0 0 0 0 0 0 0 0 0 0 0 0 0 0 0 0 0 0 0 0 0 0 0 0 0 0 0 0
 0 0 0 0 0 0 0.0133647 0.0140871 0.0187388 0.0205184 0.03894 0.0496705 0.03968 0.0493445 0.0407372 0.0367815 0.0215668 0.0243155 0.0234873 0.0199281 0.019796 0.0243948 0.0301388 0.0376714 0.0412746 0.0863199 0.0771752 0.113111 0.0741005 0.0525337 0.0229764 0.00759418 0.00175318 0 0 0
 0 0 0 0 0 0 0 0 0 0 0.00219441 0.00772107 0.0458388 0.0604681 0.0671733 0.0775358 0.0609151 0.0617685 0.073594 0.0568108 0.0755445 0.0548602 0.0670107 0.0636378 0.0643287 0.046367 0.0373049 0.0286899 0.0247887 0.0153202 0.00654259 0.00121912 0.000365735 0 0 0
 0 0 0 0 0 0 0 0 0 0 0 0 0.000112435 0.00938835 0.0111873 0.0202946 0.0414886 0.0713402 0.111592 0.104902 0.108894 0.110636 0.117776 0.105296 0.107544 0.0401394 0.0192827 0.0124803 0.00416011 0.0028671 0.000618394 0 0 0 0 0
 0 0 0 0 0 0 0 0 0 0 0.00291406 0.0102884 0.027416 0.0768956 0.0749926 0.110853 0.0956884 0.0897413 0.0766577 0.0534642 0.0500743 0.0551293 0.0594112 0.0620874 0.0668451 0.0424026 0.0208742 0.0120726 0.0048766 0.00582813 0.00118941 0.000297354 0 0 0 0
 0 0.00264628 0.0354308 0.0461629 0.0458689 0.0383711 0.0214643 0.0164657 0.0346957 0.0420465 0.0363128 0.0245516 0.0311673 0.0291091 0.0169068 0.0133784 0.00837989 0.0085269 0.0148486 0.0160247 0.0276389 0.0546898 0.0760071 0.122758 0.109233 0.0665981 0.0333725 0.0166128 0.00676272 0.00308733 0.000882094 0 0 0 0 0
 0 0 0 0 0 0 0 0.000805153 0.000690131 0.00759144 0.0133425 0.0154129 0.00931677 0.000345066 0.00356568 0.00563607 0.00851162 0.0253048 0.0502646 0.0516448 0.0657925 0.0565908 0.0611916 0.0827007 0.0866115 0.110766 0.145733 0.0935128 0.0569358 0.0249597 0.0138026 0.00621118 0.00161031 0.00115022 0 0
 0 0 0 0 0 0 0 0 0 0 0 0 0 0 0 0 0 0 0 0 0 0 0 0 0 0 0 0 0 0 0 0 0 0 0 0
 0.00147267 0.00158595 0.00478618 0.00569244 0.00954404 0.0108468 0.00647125 0.017049 0.0510054 0.094081 0.124002 0.0959785 0.0687766 0.0820023 0.061753 0.0591476 0.0492212 0.0479892 0.0443925 0.0268479 0.0217502 0.0140895 0.0121071 0.0120363 0.00920419 0.00665534 0.0049561 0.00860946 0.00930331 0.0156896 0.0114698 0.00855282 0.00243557 0.00046729 0 2.83206e-05
 0 0 0 0 0.000772559 0.00158375 0.000888443 0.00281984 0.00712685 0.0440552 0.0773331 0.111326 0.0921469 0.0852325 0.0710754 0.0886704 0.0786465 0.0553345 0.0373146 0.0185414 0.00753245 0.00457741 0.012979 0.0271748 0.0457355 0.0583668 0.034881 0.0177882 0.00938659 0.00492506 0.0015258 0.00185414 0.000309023 5.79419e-05 3.86279e-05 0
 0 0.00173294 0.00326652 0 0.00397197 0.00683976 0.00946217 0.0152591 0.00757587 0.0136028 0.0228656 0.0392903 0.0559909 0.0764795 0.0681675 0.0726916 0.0566044 0.0477403 0.0527397 0.0444891 0.0609904 0.0582453 0.0661739 0.0445044 0.0529084 0.0360697 0.0280645 0.0235558 0.0158879 0.00826598 0.00280645 0.00217768 0.000904811 0.00058276 9.20147e-05 0
 0 0 0 0 0 0 0 0 0 0 0 0 0 0 0 0 0 0 0 0 0 0 0 0 0 0 0 0 0 0 0 0 0 0 0 0
 0 0 0 0 0 0 0 0 0 0 0 0 0 0 0 0 0 0 0 0 0 0 0 0 0 0 0 0 0 0 0 0 0 0 0 0
 0 0 0 0 0 0 0 0 0 0 0 0 0 0 0 0 0 0 0 0 0 0 0 0 0 0 0 0 0 0 0 0 0 0 0 0
 0 0 0 0 0 0 0 0 0 0 0 0 0 0 0 0 0 0 0 0 0 0 0 0 0 0 0 0 0 0 0 0 0 0 0 0
 0 0 0 0 0 0 0 0 0 0 0 0 0 0 0 0 0 0 0 0 0 0 0 0 0 0 0 0 0 0 0 0 0 0 0 0
ppred_pel_tallas
 1.0111e-16 3.39983e-05 0.000199547 0.000948564 0.00365204 0.0113886 0.0287665 0.05886 0.0975663 0.131027 0.142578 0.12575 0.0899872 0.0524586 0.0253499 0.0109812 0.00563238 0.00492693 0.00618364 0.0082264 0.0105763 0.0129465 0.0150744 0.0167148 0.0176819 0.0178878 0.0173585 0.0162194 0.0146578 0.0128757 0.0110492 0.00930495 0.00771506 0.00630768 0.00508337 0.00403043
 1.01327e-16 3.11234e-05 0.000182662 0.000868279 0.00334289 0.0104245 0.0263315 0.0538782 0.0893109 0.119948 0.130541 0.115181 0.0825248 0.0483123 0.0237272 0.0109289 0.00654638 0.00659636 0.00862299 0.0115123 0.0147475 0.0179524 0.020755 0.0228093 0.0238618 0.0238089 0.0227181 0.0208025 0.0183627 0.0157129 0.0131178 0.0107566 0.0087163 0.00700998 0.00560527 0.00445205
 1.02552e-16 2.38827e-05 0.000140143 0.000666117 0.00256449 0.00799702 0.0202001 0.0413336 0.0685213 0.0920409 0.100208 0.0885081 0.0636132 0.0376423 0.0192362 0.0101249 0.0077974 0.00925476 0.0126278 0.017012 0.0218837 0.0267562 0.0311029 0.0344194 0.0363262 0.0366512 0.0354623 0.0330344 0.0297692 0.0260943 0.0223765 0.0188716 0.0157165 0.0129525 0.0105628 0.00850781
 1.03323e-16 2.80279e-05 0.000164491 0.000781895 0.0030103 0.00938732 0.0237117 0.0485177 0.0804253 0.108015 0.117556 0.103728 0.0743283 0.0435336 0.0214198 0.009939 0.00606729 0.00623403 0.00824892 0.011134 0.0144503 0.0178822 0.0211083 0.0238144 0.025748 0.0267672 0.0268619 0.0261381 0.0247767 0.0229808 0.0209317 0.0187653 0.0165698 0.0143996 0.0122924 0.0102831
 1.02834e-16 2.9872e-05 0.000175317 0.000833365 0.00320848 0.0100053 0.0252727 0.0517116 0.0857193 0.115123 0.125288 0.110541 0.07919 0.046339 0.0227201 0.010404 0.00615529 0.00615485 0.00805533 0.0108047 0.0139312 0.0171028 0.0199909 0.0222844 0.0237466 0.0242654 0.0238717 0.0227191 0.0210351 0.0190602 0.0169966 0.0149813 0.0130838 0.0113234 0.00969331 0.00818227
 1.03527e-16 2.3318e-05 0.000136829 0.000650363 0.00250383 0.00780788 0.0197223 0.040356 0.0669007 0.0898643 0.0978388 0.0864165 0.0621123 0.0367591 0.0187943 0.0099083 0.00765139 0.00909813 0.0124265 0.016757 0.0215824 0.0264312 0.0307931 0.0341787 0.0362186 0.0367436 0.0358152 0.033693 0.0307564 0.0274063 0.0239825 0.020717 0.0177286 0.0150481 0.0126567 0.0105206
 1.03775e-16 2.76402e-05 0.000162215 0.000771075 0.00296864 0.00925741 0.0233835 0.0478463 0.0793124 0.10652 0.11593 0.102294 0.0733028 0.0429373 0.0211346 0.00982108 0.00601609 0.00620027 0.00821572 0.0111001 0.0144227 0.0178737 0.0211373 0.0239032 0.0259212 0.0270484 0.0272701 0.0266847 0.0254629 0.0237967 0.0218569 0.0197705 0.0176201 0.0154575 0.0133216 0.0112517
 1.04173e-16 2.43087e-05 0.000142649 0.000678038 0.0026104 0.00814021 0.0205617 0.0420732 0.0697459 0.0936815 0.101983 0.090048 0.06466 0.0381416 0.0192703 0.00978673 0.00711556 0.00819275 0.0111201 0.0150043 0.0193665 0.0237882 0.0278226 0.0310398 0.0331122 0.0338835 0.0333951 0.0318577 0.0295832 0.0269008 0.0240868 0.0213271 0.0187148 0.0162748 0.0139977 0.0118694
 1.04296e-16 2.58106e-05 0.00015147 0.000719988 0.00277194 0.00864397 0.0218341 0.0446763 0.074059 0.0994686 0.108267 0.0955585 0.068534 0.0402603 0.0200336 0.00967368 0.00641843 0.00699706 0.00939738 0.0127045 0.0164773 0.020368 0.0240117 0.0270519 0.0292059 0.0303208 0.0303963 0.0295652 0.0280433 0.0260668 0.0238404 0.0215098 0.0191614 0.0168393 0.0145694 0.0123774
 1.04601e-16 2.4047e-05 0.000141114 0.000670743 0.00258232 0.00805264 0.0203405 0.0416205 0.0689952 0.0926724 0.100882 0.0890718 0.0639492 0.0377027 0.019013 0.00959923 0.00691217 0.00792136 0.0107534 0.014534 0.0188038 0.0231667 0.0271989 0.0304891 0.0327184 0.0337259 0.0335339 0.0323227 0.0303682 0.0279648 0.025362 0.0227297 0.0201585 0.0176813 0.0153044 0.0130332
 1.06351e-16 1.85376e-05 0.000108763 0.000516934 0.00199009 0.0062058 0.0156756 0.0320763 0.0531772 0.0714373 0.0777955 0.0687582 0.0495186 0.0295046 0.015454 0.00875057 0.00749137 0.00939129 0.0130277 0.0177017 0.0229769 0.028412 0.0335082 0.0377723 0.0408127 0.0424181 0.0425888 0.0415087 0.0394755 0.0368131 0.0337997 0.0306304 0.027418 0.0242177 0.0210619 0.017986
 1.08361e-16 1.83144e-05 0.000107459 0.000510747 0.0019663 0.0061316 0.0154881 0.0316921 0.0525387 0.0705745 0.0768427 0.0678846 0.0488211 0.0289524 0.0149167 0.00805974 0.00648302 0.00792207 0.0109858 0.0150271 0.0196908 0.0246418 0.0294975 0.0338652 0.0374129 0.039927 0.0413388 0.0417072 0.0411722 0.0398989 0.0380331 0.0356827 0.0329255 0.0298299 0.0264777 0.0229755
 1.06784e-16 2.56064e-05 0.000150277 0.000714326 0.00275015 0.00857606 0.0216625 0.0443247 0.0734749 0.0986799 0.107397 0.0947646 0.0679072 0.0397768 0.01958 0.00910326 0.00558943 0.00578514 0.00770246 0.0104659 0.0136971 0.0171327 0.0205038 0.023542 0.0260246 0.0278134 0.0288712 0.0292467 0.0290401 0.028361 0.0272976 0.0259047 0.0242119 0.0222425 0.0200334 0.0176469
 1.04774e-16 2.61146e-05 0.000153254 0.000728468 0.00280458 0.00874577 0.0220912 0.0452025 0.0749315 0.100641 0.109544 0.0966896 0.0693526 0.0407556 0.0203058 0.00984542 0.00657919 0.00719456 0.00964835 0.013003 0.0167967 0.0206608 0.0242126 0.0270865 0.0290048 0.0298354 0.0296142 0.0285185 0.0268081 0.0247528 0.0225727 0.020408 0.0183198 0.0163138 0.014372 0.0124804
 1.02926e-16 3.01016e-05 0.000176666 0.000839779 0.00323317 0.0100823 0.0254672 0.0521096 0.0863787 0.116008 0.126249 0.111384 0.0797825 0.0466634 0.0228376 0.0103881 0.00605091 0.00597527 0.00779638 0.0104587 0.0134961 0.0165868 0.0194144 0.0216787 0.0231497 0.0237159 0.0234022 0.0223516 0.0207778 0.0189086 0.0169364 0.0149929 0.0131467 0.011419 0.00980734 0.00830439
 1.01851e-16 3.19973e-05 0.000187796 0.000892691 0.0034369 0.0107177 0.027072 0.055393 0.0918207 0.123315 0.134196 0.118383 0.0847693 0.0495264 0.0241377 0.0108064 0.00605034 0.00576444 0.00742644 0.00991222 0.0127326 0.0155609 0.0180837 0.0200083 0.0211172 0.0213147 0.0206449 0.0192717 0.0174306 0.015369 0.0132954 0.011351 0.00960558 0.00807329 0.00673607 0.00556551
 1.0224e-16 2.65765e-05 0.000155962 0.000741329 0.00285408 0.00890013 0.0224812 0.0460007 0.0762558 0.102423 0.111494 0.0984323 0.0706509 0.0416155 0.0209131 0.0104339 0.00734679 0.00828646 0.0111646 0.0149973 0.0192615 0.0235095 0.0272705 0.0300986 0.0316625 0.0318188 0.0306401 0.028384 0.0254196 0.0221356 0.0188616 0.0158224 0.0131315 0.0108133 0.00883872 0.0071584
 1.02893e-16 2.7839e-05 0.00016338 0.000776607 0.00298994 0.0093238 0.0235513 0.0481897 0.0798822 0.107287 0.11677 0.103047 0.0738692 0.043322 0.0214219 0.010117 0.00641223 0.00676526 0.00899664 0.0121197 0.0156706 0.0192975 0.0226392 0.0253463 0.0271459 0.0278964 0.027611 0.0264381 0.0246111 0.0223853 0.0199843 0.0175702 0.0152398 0.0130401 0.0109903 0.00910111
 1.032e-16 2.71692e-05 0.000159446 0.000757901 0.00291791 0.00909917 0.0229839 0.0470289 0.0779588 0.104706 0.113966 0.100586 0.0721341 0.0423628 0.0210557 0.0101239 0.0066539 0.00719417 0.00961609 0.0129445 0.0167029 0.0205145 0.0239895 0.0267545 0.0285235 0.0291585 0.028692 0.0273043 0.0252649 0.0228611 0.0203374 0.0178624 0.015526 0.0133581 0.0113576 0.00951541
 1.02599e-16 3.07818e-05 0.00018066 0.000858769 0.00330629 0.0103104 0.0260432 0.053288 0.0883315 0.118629 0.129098 0.113889 0.0815577 0.0476632 0.0232553 0.010457 0.00592372 0.00571266 0.00740478 0.00992627 0.0128134 0.0157564 0.0184547 0.0206225 0.0220401 0.0225983 0.0223168 0.0213268 0.0198275 0.0180328 0.0161256 0.0142334 0.012426 0.0107298 0.00914862 0.00768096
 1.02439e-16 2.84967e-05 0.000167239 0.000794952 0.00306056 0.00954403 0.0241076 0.0493281 0.0817697 0.109823 0.119533 0.105493 0.0756372 0.0443888 0.0220035 0.010479 0.0067508 0.00718981 0.00955548 0.0128198 0.0164818 0.0201508 0.0234276 0.0259349 0.0273911 0.0276714 0.0268314 0.0250809 0.0227219 0.0200723 0.0174002 0.0148871 0.0126234 0.0106281 0.00887956 0.00734286
 1.02703e-16 2.81168e-05 0.00016501 0.000784356 0.00301977 0.00941682 0.0237862 0.0486705 0.0806795 0.108359 0.117937 0.10408 0.0746162 0.043773 0.0216682 0.010271 0.00655703 0.0069473 0.00923658 0.0124207 0.01602 0.0196661 0.0229814 0.0256046 0.0272588 0.0278094 0.0272874 0.0258673 0.0238119 0.0214032 0.0188842 0.0164255 0.0141216 0.0120079 0.0100863 0.00834804
 1.02441e-16 3.05138e-05 0.000179086 0.000851283 0.00327747 0.0102205 0.0258161 0.0528235 0.0875619 0.117597 0.127977 0.112906 0.080868 0.0472883 0.0231249 0.010487 0.00606401 0.00595034 0.00774751 0.0103854 0.0133927 0.016446 0.019228 0.0214376 0.0228448 0.0233377 0.0229421 0.0218026 0.0201362 0.0181753 0.0161184 0.0141039 0.0122067 0.0104536 0.00884487 0.00737383
 1.02199e-16 2.99749e-05 0.00017592 0.000836226 0.00321949 0.0100396 0.0253594 0.0518892 0.0860141 0.11552 0.125724 0.110934 0.0794893 0.04655 0.0228901 0.010593 0.00641708 0.00653217 0.00857946 0.0114923 0.014778 0.018077 0.0210307 0.023301 0.0246349 0.0249185 0.0241987 0.0226597 0.0205688 0.0182077 0.015815 0.0135533 0.0115051 0.00969008 0.00809214 0.00668339
 1.0379e-16 1.96605e-05 0.000115351 0.000548239 0.00211061 0.00658161 0.0166249 0.0340191 0.0563989 0.0757681 0.0825191 0.0729504 0.0525753 0.0314002 0.0165807 0.00959411 0.008428 0.0106557 0.0147498 0.0199307 0.0256766 0.0314453 0.0366318 0.0406519 0.0430631 0.0436607 0.0425148 0.0399324 0.0363648 0.0322921 0.0281243 0.024145 0.0205049 0.0172494 0.0143629 0.0118093
 1.05628e-16 2.31077e-05 0.000135603 0.000644557 0.00248151 0.00773829 0.0195464 0.0399954 0.0663001 0.0890494 0.0969301 0.0855629 0.061388 0.036109 0.018057 0.00887344 0.00610154 0.00683223 0.00928461 0.0126589 0.0165752 0.0207284 0.0247861 0.0284085 0.0313055 0.0332872 0.0342882 0.0343557 0.0336131 0.0322139 0.0303036 0.0280024 0.0254067 0.0226022 0.019678 0.0167331
 1.05311e-16 2.57562e-05 0.000151153 0.000718481 0.00276614 0.0086259 0.0217884 0.0445827 0.0739036 0.0992589 0.108035 0.0953477 0.0683681 0.0401331 0.0199152 0.00952483 0.00620062 0.00667518 0.00894092 0.0120911 0.0156988 0.0194372 0.0229669 0.0259578 0.0281495 0.0294023 0.0297169 0.0292141 0.0280859 0.0265363 0.0247338 0.0227887 0.0207565 0.0186589 0.0165095 0.0143336
pSPR Fmed_Fpbrs
0.435198   0.6 0.325
Fs Fmed_Fpbrs
0.66   0.344799 1.05137
SSBpbr Bo_Bmed_Bpbrs
3.17663e+06  1.22363e+06  1.74714e+06 873572
Ro
71682.4
SPR SPRFo_SPRFmed_SPRFpbrs
1.48499e+06 646264 482621
log_Ro
11
likeval ReclasPelacesDesembMPH_pf_preclas_ppelaces_ptallas_desvR_qrecl_qpela
 65.324 24.9574 0.0379373 0.000646834 357.004 223.441 59.566 0 18.1304 0.000105858 9.32978e-08 7.90189e-16 0 0 0
q_reclas_q_pelaces
0.232711 1.04441
M
0.7
N
 77135.7 19173.9 7132.84 840.9 0.470782
 97255.6 35950.1 6879.67 2559.29 301.887
 62947.4 46145.8 14137.6 2705.48 1125.18
 91213.3 29420.8 16799.8 5146.92 1394.58
 149712 44796 13803.6 7882.09 3069.14
 113843 74165.3 21971.5 6770.39 5371.35
 167507 55117.1 32342.4 9581.47 5294.84
 144909 81877.3 25241.8 14811.7 6812.84
 157543 69675.3 34464.9 10625.1 9102.5
 138135 75331.8 28509.3 14102.1 8072
 68250.4 66375.2 31604.6 11960.8 9302.9
 40938.7 31469.5 22541.9 10733.4 7221.42
 42848.7 18957.1 10923.6 7824.66 6232.39
 24555.8 19065.3 5363.52 3090.6 3977.16
 20155.5 10091.6 3590.64 1010.13 1331.1
 26184.1 8473.22 2134.77 759.563 495.264
 21863.2 12193.5 3027.58 762.776 448.364
 26671.6 10369.4 4785.14 1188.12 475.291
 30223.6 12843.5 4398.48 2029.76 705.586
 51170 14634.4 5604 1919.19 1193.51
 62946.3 24758.3 6361.21 2435.93 1353.02
 80591.6 30870.5 11533 2963.2 1764.98
 131985 39352.2 14062.6 5253.7 2153.85
 187975 64228.3 17616.6 6295.31 3316.09
 102978 91580.2 28922.5 7932.86 4328.08
 118705 50332.1 41925.2 13240.6 5613.03
 149468 58062.1 23129.8 19266.5 8664.09
pred_Ctot
 3422.13 3898.02 1450.09 170.953 0.095709
 3121.77 5452.4 1043.41 388.156 45.7859
 2671.03 9016.07 2762.24 528.603 219.84
 723.354 1171.56 668.978 204.954 55.5332
 259.754 396.434 122.159 69.7546 27.1611
 2053.06 6546.98 1939.54 597.659 474.158
 1890.47 3097.12 1817.37 538.397 297.525
 3314.65 9056.47 2792 1638.33 753.571
 4211.16 8919.28 4411.92 1360.14 1165.23
 3222.21 8487.66 3212.15 1588.89 909.475
 3523.53 15421.5 7342.94 2778.93 2161.41
 1995.68 6953.46 4980.83 2371.63 1595.63
 3224.96 6056.87 3490.13 2500.01 1991.28
 3078.24 8986.46 2528.11 1456.76 1874.64
 2245.51 4371.13 1555.28 437.537 576.563
 1176.14 1741.66 438.798 156.127 101.801
 707.958 1864.3 462.896 116.623 68.5518
 582.108 1097.25 506.347 125.723 50.2937
 542.74 1129.16 386.701 178.45 62.033
 945.55 1322.21 506.32 173.398 107.833
 561.951 1107.06 284.439 108.921 60.4996
 968.893 1844.4 689.058 177.041 105.451
 1904.45 2804.8 1002.3 374.454 153.515
 2559.7 4329.06 1187.37 424.31 223.508
 1167.45 5168.61 1632.33 447.715 244.268
 1283.14 2712.09 2259.09 713.457 302.452
 1563.77 3030.8 1207.36 1005.7 452.259
F
 0.0634342 0.324981 0.324981 0.324981 0.324981
 0.0455372 0.233292 0.233292 0.233292 0.233292
 0.0605961 0.310441 0.310441 0.310441 0.310441
 0.0110813 0.0567708 0.0567708 0.0567708 0.0567708
 0.00241514 0.012373 0.012373 0.012373 0.012373
 0.0253587 0.129916 0.129916 0.129916 0.129916
 0.015803 0.0809605 0.0809605 0.0809605 0.0809605
 0.0322619 0.165281 0.165281 0.165281 0.165281
 0.0377927 0.193616 0.193616 0.193616 0.193616
 0.0329095 0.168599 0.168599 0.168599 0.168599
 0.0741634 0.379948 0.379948 0.379948 0.379948
 0.0698982 0.358096 0.358096 0.358096 0.358096
 0.109807 0.562556 0.562556 0.562556 0.562556
 0.189248 0.969538 0.969538 0.969538 0.969538
 0.166567 0.853342 0.853342 0.853342 0.853342
 0.0642476 0.329148 0.329148 0.329148 0.329148
 0.0459465 0.235389 0.235389 0.235389 0.235389
 0.0307621 0.157598 0.157598 0.157598 0.157598
 0.0252496 0.129357 0.129357 0.129357 0.129357
 0.0259908 0.133154 0.133154 0.133154 0.133154
 0.0124823 0.0639482 0.0639482 0.0639482 0.0639482
 0.0168417 0.0862822 0.0862822 0.0862822 0.0862822
 0.020244 0.103712 0.103712 0.103712 0.103712
 0.019095 0.097826 0.097826 0.097826 0.097826
 0.0158749 0.0813287 0.0813287 0.0813287 0.0813287
 0.0151313 0.0775194 0.0775194 0.0775194 0.0775194
 0.0146422 0.0750137 0.0750137 0.0750137 0.0750137
Np
 59189.7 27479.6 25729.5 9409.32 5066.85
YTP_r0W_actual
 12666.6 73648.3 39601.4 40428.9 20668.2
YTP_p0W_proyectada
 23920 359897 185405 92323.3 128973
 23920 135209 178338 81523.1 50403.3
CTP_r0_actual
 1563.77 3030.8 1207.36 1005.7 452.259
CTP_p0_proyectada
 2781.4 15647.7 5722.38 2279.59 2773.62
 2781.4 5878.67 5504.27 2012.92 1083.94
Wmedp
 8.6 23 32.4 40.5 46.5
nmprior
 10.8 10.6 4.6 0
nm_flota  nm_reclas  nm_pelaces    nm_pelaL
inf 11.6654 20.4132 92.2292
cv_recla  cv_pelaces  cv_mph
0.69995 0.529878 0.679724
 ------------------------------------------------
Talla a la edad & desviaci?n 
 7.2 14.2025 17.0495 18.207 18.6776
 1.08 2.13037 2.55742 2.73105 2.80164
