years
 1997 1998 1999 2000 2001 2002 2003 2004 2005 2006 2007 2008 2009 2010 2011 2012 2013 2014 2015 2016 2017 2018 2019 2020 2021 2022 2023
reclasobs
 0 0 0 370054 412103 1.49427e+06 250295 1.28982e+06 931140 785840 897777 1.04006e+06 184774 17550 25797 100020 73551 82996 120727 218422 84188 347160 605670 569463 516374 1.08416e+06 1.01767e+06
reclaspred
 5.83346e+06 1.04188e+06 1.27214e+06 237743 239628 347811 666940 645276 663933 844386 954773 706858 361754 141840 77828.9 78732.7 80221.9 107689 142226 143514 206684 236078 371120 463121 789768 781084 420129
pelacesobs
 0 0 0 0 0 0 0 0 0 2.06254e+06 1.5e+06 0 1.87456e+06 323000 250000 174000 83755 137374 0 501740 490994 745055 786931 1.00524e+06 1.33801e+06 1.41789e+06 1.42762e+06
pelacespred
 1.17005e+07 5.47636e+06 1.21602e+06 540166 748376 626040 2.1367e+06 1.94426e+06 1.78474e+06 2.54737e+06 2.22043e+06 1.64796e+06 935930 300306 169286 169773 176720 258544 327857 296802 579565 600273 695636 1.07499e+06 1.76476e+06 1.68516e+06 769079
mphobs
 0 0 0 0 0 112323 0 153150 637223 0 255016 313432 73983 77613 109348 50772 17779 17303 59886 28197 0 207744 136588 643089 65757 70829 0
mphpred
 979965 413654 183033 60764 42845.9 133625 149263 285121 247036 269264 379022 258194 156738 95374.7 44939.8 32451.3 28440.1 33680.8 45746 43183.7 53690.7 75125.8 86465 120525 209120 198230 128433
desembarqueobs
 350755 77701 442110 56441 14545 235359 269955 359681 431902 328805 639364 411747 362871 311530 167758 66681 60226 58785 57116 73181 50977 67692 138656 160484 209506 203330 187013
desembarquepred
 350742 77675.2 441487 56407.4 14542.4 235163 269874 359068 431351 328481 638135 410991 362102 310936 167227 66598.8 60186.2 58692.3 57028.9 73082.8 50956.1 67610.3 138517 160353 209296 203036 186747
Reclutas
 11442.9 17253.1 1910.64 4921.85 38544.5 13301.6 64819.5 55991.9 62958.7 113579 65296.8 47728.6 57833.5 29188.9 12299.8 9152.79 6922.74 8965.49 7658.2 8624.34 15509.2 17165.3 27815.3 45373.3 21332.7 18805.4 5131.44
log_desv_Rt
 -0.514877 -0.104254 -2.30481 -1.35856 0.699569 -0.36436 1.21936 1.07296 1.19023 1.78025 1.2267 0.913285 1.10532 0.421543 -0.44266 -0.738186 -1.01743 -0.758862 -0.916468 -0.797657 -0.210814 -0.109352 0.373343 0.862679 0.107998 -0.0180995 -1.31686
SSB
 1.37758e+06 581493 257298 85418.7 60230.4 187842 209826 400808 347270 378516 532808 362955 220334 134073 63173.9 45618.3 39979.6 47346.7 64307.3 60705.3 75475.5 105608 121548 169427 293970 278661 180544
BT
 1.89865e+06 713580 381884 138080 247027 297101 1.03816e+06 930751 963320 1.11482e+06 1.14186e+06 797927 675082 390222 196718 103507 101204 126354 118630 131109 203628 177627 252872 407313 501739 448482 267871
Ftot
 0.214383 0.349738 1.45504 1.11145 0.313775 1.7852 1.75071 1.74875 2.12268 1.43583 1.94289 1.83005 3.1695 4.95303 4.95303 2.36439 2.25946 1.81176 1.21854 1.63813 0.883782 0.936424 1.23998 1.20149 0.830321 0.928676 1.43968
BD_Bspro_t
 0.971497 0.802254 0.544331 0.177639 0.230502 0.527605 0.385408 0.48349 0.396788 0.37811 0.423167 0.27549 0.187834 0.135424 0.0773541 0.0693034 0.0845002 0.137385 0.21987 0.252835 0.326389 0.467614 0.45852 0.467506 0.529987 0.441227 0.328411
BD_Bspro
 3.47266 1.46585 0.648608 0.215327 0.151831 0.47352 0.528938 1.01037 0.875413 0.95418 1.34312 0.914953 0.555426 0.337976 0.159251 0.114997 0.100782 0.119353 0.162108 0.153028 0.190262 0.26622 0.306403 0.4271 0.741051 0.70246 0.455122
BD_Bo
 2.51817 1.06295 0.470331 0.156142 0.110099 0.343368 0.383554 0.732662 0.634797 0.691914 0.973953 0.663469 0.402761 0.24508 0.11548 0.0833886 0.0730812 0.086548 0.117551 0.110967 0.137966 0.193047 0.222185 0.309707 0.537366 0.509382 0.330027
BD_Brms
 4.57849 1.93263 0.855148 0.283895 0.20018 0.624306 0.697371 1.33211 1.15418 1.25803 1.77082 1.20631 0.732294 0.4456 0.209963 0.151616 0.132875 0.15736 0.21373 0.201758 0.250848 0.350995 0.403972 0.563104 0.977028 0.926149 0.600049
S_f
 0.0776311 0.772089 0.99272 0.999818 0.999995
 0.0776311 0.772089 0.99272 0.999818 0.999995
 0.0776311 0.772089 0.99272 0.999818 0.999995
 0.0776311 0.772089 0.99272 0.999818 0.999995
 0.0776311 0.772089 0.99272 0.999818 0.999995
 0.0776311 0.772089 0.99272 0.999818 0.999995
 0.0776311 0.772089 0.99272 0.999818 0.999995
 0.0776311 0.772089 0.99272 0.999818 0.999995
 0.0776311 0.772089 0.99272 0.999818 0.999995
 0.0776311 0.772089 0.99272 0.999818 0.999995
 0.0776311 0.772089 0.99272 0.999818 0.999995
 0.0776311 0.772089 0.99272 0.999818 0.999995
 0.0776311 0.772089 0.99272 0.999818 0.999995
 0.0776311 0.772089 0.99272 0.999818 0.999995
 0.0776311 0.772089 0.99272 0.999818 0.999995
 0.0776311 0.772089 0.99272 0.999818 0.999995
 0.0776311 0.772089 0.99272 0.999818 0.999995
 0.0776311 0.772089 0.99272 0.999818 0.999995
 0.0776311 0.772089 0.99272 0.999818 0.999995
 0.0776311 0.772089 0.99272 0.999818 0.999995
 0.0776311 0.772089 0.99272 0.999818 0.999995
 0.0776311 0.772089 0.99272 0.999818 0.999995
 0.0776311 0.772089 0.99272 0.999818 0.999995
 0.0776311 0.772089 0.99272 0.999818 0.999995
 0.0776311 0.772089 0.99272 0.999818 0.999995
 0.0776311 0.772089 0.99272 0.999818 0.999995
 0.0776311 0.772089 0.99272 0.999818 0.999995
Scru_reclas
 0.0902657 0.333043 0.715346 0.926725 0.984532
 0.0902657 0.333043 0.715346 0.926725 0.984532
 0.0902657 0.333043 0.715346 0.926725 0.984532
 0.0902657 0.333043 0.715346 0.926725 0.984532
 0.0902657 0.333043 0.715346 0.926725 0.984532
 0.0902657 0.333043 0.715346 0.926725 0.984532
 0.0902657 0.333043 0.715346 0.926725 0.984532
 0.0902657 0.333043 0.715346 0.926725 0.984532
 0.0902657 0.333043 0.715346 0.926725 0.984532
 0.0902657 0.333043 0.715346 0.926725 0.984532
 0.0902657 0.333043 0.715346 0.926725 0.984532
 0.0902657 0.333043 0.715346 0.926725 0.984532
 0.0902657 0.333043 0.715346 0.926725 0.984532
 0.0902657 0.333043 0.715346 0.926725 0.984532
 0.0902657 0.333043 0.715346 0.926725 0.984532
 0.0902657 0.333043 0.715346 0.926725 0.984532
 0.0902657 0.333043 0.715346 0.926725 0.984532
 0.0902657 0.333043 0.715346 0.926725 0.984532
 0.0902657 0.333043 0.715346 0.926725 0.984532
 0.0902657 0.333043 0.715346 0.926725 0.984532
 0.0902657 0.333043 0.715346 0.926725 0.984532
 0.0902657 0.333043 0.715346 0.926725 0.984532
 0.0902657 0.333043 0.715346 0.926725 0.984532
 0.0902657 0.333043 0.715346 0.926725 0.984532
 0.0902657 0.333043 0.715346 0.926725 0.984532
 0.0902657 0.333043 0.715346 0.926725 0.984532
 0.0902657 0.333043 0.715346 0.926725 0.984532
Scru_pelaces
 0.183482 0.530714 0.850554 0.966265 0.99311
 0.183482 0.530714 0.850554 0.966265 0.99311
 0.183482 0.530714 0.850554 0.966265 0.99311
 0.183482 0.530714 0.850554 0.966265 0.99311
 0.183482 0.530714 0.850554 0.966265 0.99311
 0.183482 0.530714 0.850554 0.966265 0.99311
 0.183482 0.530714 0.850554 0.966265 0.99311
 0.183482 0.530714 0.850554 0.966265 0.99311
 0.183482 0.530714 0.850554 0.966265 0.99311
 0.183482 0.530714 0.850554 0.966265 0.99311
 0.183482 0.530714 0.850554 0.966265 0.99311
 0.183482 0.530714 0.850554 0.966265 0.99311
 0.183482 0.530714 0.850554 0.966265 0.99311
 0.183482 0.530714 0.850554 0.966265 0.99311
 0.183482 0.530714 0.850554 0.966265 0.99311
 0.183482 0.530714 0.850554 0.966265 0.99311
 0.183482 0.530714 0.850554 0.966265 0.99311
 0.183482 0.530714 0.850554 0.966265 0.99311
 0.183482 0.530714 0.850554 0.966265 0.99311
 0.183482 0.530714 0.850554 0.966265 0.99311
 0.183482 0.530714 0.850554 0.966265 0.99311
 0.183482 0.530714 0.850554 0.966265 0.99311
 0.183482 0.530714 0.850554 0.966265 0.99311
 0.183482 0.530714 0.850554 0.966265 0.99311
 0.183482 0.530714 0.850554 0.966265 0.99311
 0.183482 0.530714 0.850554 0.966265 0.99311
 0.183482 0.530714 0.850554 0.966265 0.99311
pf_obs 
 0.256992 0.487395 0.22802 0.0275931 0
 0.321318 0.546541 0.124235 0.00734118 0.000564706
 0.182869 0.594174 0.210203 0.0122559 0.00049798
 0.330522 0.361315 0.267642 0.0388342 0.00168674
 0.649043 0.306663 0.0425973 0.00169635 0
 0.582887 0.30429 0.105238 0.00758474 0
 0.465427 0.430635 0.0974691 0.00646863 0
 0.296916 0.608066 0.0921331 0.00288517 0
 0.311714 0.524322 0.152257 0.0117073 0
 0.15457 0.633149 0.183074 0.0267441 0.00246327
 0.131901 0.49318 0.331252 0.0422183 0.00144891
 0.196976 0.569456 0.194076 0.0375587 0.00193317
 0.518974 0.381816 0.0799577 0.0180837 0.00116848
 0.0928022 0.601141 0.25162 0.0475244 0.00691264
 0.122501 0.610282 0.24278 0.0234846 0.000952079
 0.383417 0.481906 0.127806 0.00687128 0
 0.0376549 0.599619 0.316969 0.0457579 0
 0.0361596 0.667082 0.258105 0.0386534 0
 0.158088 0.579412 0.248529 0.0139706 0
 0.0477256 0.309471 0.559284 0.082774 0.000745712
 0.0406174 0.521527 0.379366 0.0568643 0.0016247
 0.151134 0.462217 0.34131 0.0453401 0
 0.294876 0.26143 0.354403 0.0886775 0.000613685
 0.281977 0.475581 0.204845 0.0348837 0.00271318
 0.0841818 0.532909 0.334909 0.0458182 0.00218182
 0.115287 0.27431 0.454777 0.147771 0.00785563
 0.0989387 0.350907 0.424855 0.114687 0.0106128
pf_pred 
 0.0200676 0.640818 0.299597 0.0395146 2.61387e-06
 0.0530216 0.153868 0.565436 0.201327 0.0263476
 0.0140028 0.408323 0.119417 0.327504 0.130752
 0.150043 0.188007 0.351068 0.0649826 0.245899
 0.587648 0.309468 0.0307557 0.0384743 0.0336542
 0.0974797 0.84662 0.0448022 0.00333723 0.00776069
 0.550128 0.304221 0.140134 0.00443548 0.00108123
 0.235318 0.736412 0.0219509 0.00608358 0.000235777
 0.278631 0.616668 0.102346 0.00183521 0.000520162
 0.364721 0.571562 0.05815 0.00544377 0.000123071
 0.164208 0.757378 0.0732437 0.00472477 0.000446096
 0.184 0.658124 0.148914 0.00838037 0.000581835
 0.333565 0.554714 0.0978252 0.0131186 0.00077693
 0.258817 0.709359 0.0291199 0.00237462 0.000329209
 0.254267 0.726757 0.018707 0.000247073 2.21243e-05
 0.281711 0.698296 0.0198258 0.000164427 2.28205e-06
 0.22996 0.700712 0.0682736 0.00104546 8.62393e-06
 0.308072 0.609332 0.0783342 0.00419822 6.36266e-05
 0.200409 0.716898 0.0765167 0.00586191 0.000313892
 0.235388 0.60412 0.149197 0.0104609 0.000833677
 0.311221 0.584435 0.0897193 0.0136097 0.00101502
 0.21046 0.671451 0.105113 0.0111751 0.00180175
 0.279269 0.560609 0.142888 0.0153598 0.00187506
 0.303476 0.596816 0.0840084 0.0140286 0.00167059
 0.102664 0.773794 0.1113 0.010335 0.00190724
 0.126398 0.50945 0.327671 0.0329015 0.00358037
 0.0563025 0.63939 0.20414 0.0902337 0.00993432
pobs_RECLAS
 0 0 0 0 0
 0 0 0 0 0
 0 0 0 0 0
 0 0 0 0 0
 0.835266 0.146461 0.0176864 0.000547809 3.91292e-05
 0.385257 0.428462 0.181853 0.0044286 0
 0.867414 0.0963971 0.0333333 0.00285562 0
 0.441836 0.489002 0.0689373 0.000224442 0
 0.779404 0.147425 0.0564933 0.0165055 0.000172143
 0.814271 0.122319 0.05973 0.00367925 0
 0.40263 0.566651 0.0304383 0.000280538 0
 0.475488 0.404961 0.113038 0.00651328 0
 0.955842 0.0263864 0.0167828 0.000988607 0
 0.975058 0.0227948 0.00214734 0 0
 0.738997 0.206755 0.0527124 0.00153531 0
 0.850938 0.134255 0.0134407 0.00136685 0
 0.542534 0.407297 0.0501686 0 0
 0.764087 0.199537 0.0359546 0.000420521 0
 0.470689 0.182191 0.310203 0.0369168 0
 0.84361 0.089868 0.0606195 0.00523954 0.000663233
 0.607945 0.314616 0.071237 0.00620181 0
 0.523733 0.453247 0.0230204 0 0
 0.530135 0.295979 0.169645 0.0042399 0
 0.562478 0.366248 0.0663022 0.0049721 0
 0.250443 0.683176 0.0655157 0.000865301 0
 0.195077 0.31981 0.436473 0.0351445 0.0134964
 0.565238 0.351407 0.0832357 0.000118908 0
ppred_RECLAS
 0.042713 0.501105 0.390018 0.06616 4.6486e-06
 0.0841593 0.0890789 0.54337 0.248806 0.034586
 0.0264021 0.2565 0.119219 0.419844 0.178035
 0.233002 0.100628 0.303764 0.0722425 0.290363
 0.755937 0.14549 0.024021 0.0386453 0.0359058
 0.244259 0.680918 0.0561869 0.00537066 0.0132653
 0.761573 0.135734 0.0976978 0.00396843 0.00102748
 0.48234 0.486599 0.0226671 0.00806201 0.000331865
 0.538139 0.366334 0.0927525 0.00213264 0.000642005
 0.617943 0.323289 0.0523265 0.00629042 0.00015105
 0.371943 0.540079 0.0806365 0.00667263 0.000669141
 0.388385 0.443479 0.156037 0.0112673 0.000830867
 0.639182 0.278956 0.0692413 0.0118735 0.000746811
 0.650963 0.330914 0.016196 0.00167948 0.000247245
 0.646537 0.34275 0.0105187 0.000176662 1.67983e-05
 0.565204 0.416854 0.0177506 0.000188659 2.78093e-06
 0.485865 0.447015 0.0658171 0.0012919 1.13185e-05
 0.565506 0.357868 0.0716209 0.00492532 7.92835e-05
 0.407834 0.497811 0.0854662 0.0084111 0.00047839
 0.455502 0.381725 0.148297 0.0133468 0.00112976
 0.537549 0.354833 0.08891 0.0173344 0.00137318
 0.408684 0.456338 0.116357 0.0158984 0.00272263
 0.498207 0.340557 0.139479 0.0192601 0.00249731
 0.537268 0.361124 0.0818321 0.0175551 0.00222048
 0.228516 0.608025 0.143041 0.0170728 0.0033465
 0.24368 0.343968 0.360459 0.046516 0.00537659
 0.126035 0.477634 0.242556 0.137676 0.0160994
pobs_PELACES
 0 0 0 0 0
 0 0 0 0 0
 0 0 0 0 0
 0 0 0 0 0
 0 0 0 0 0
 0 0 0 0 0
 0 0 0 0 0
 0 0 0 0 0
 0 0 0 0 0
 0 0 0 0 0
 0.450072 0.473896 0.0757376 0.000293798 0
 0 0 0 0 0
 0.463077 0.371075 0.160297 0.00555027 0
 0.529543 0.364841 0.0842815 0.0213345 0
 0.631943 0.363953 0.00410389 0 0
 0.735681 0.248677 0.0153453 0.000297389 0
 0.695825 0.281241 0.0229344 0 0
 0.275771 0.60734 0.115278 0.00161068 0
 0 0 0 0 0
 0.896147 0.0623911 0.0374545 0.00400742 0
 0.803859 0.145111 0.0509908 3.86294e-05 0
 0.739449 0.233085 0.0266225 0.000797448 4.60066e-05
 0.878498 0.100942 0.0204185 0.000141795 0
 0.694673 0.275183 0.0284847 0.00165964 0
 0.469039 0.446079 0.0841089 0.000773354 0
 0.822795 0.102175 0.0682046 0.00682512 0
 0.69333 0.244118 0.0624202 0.000131731 0
ppred_PELACES
 0.0644868 0.564665 0.322845 0.0480005 3.2628e-06
 0.149016 0.114126 0.506376 0.203162 0.0273209
 0.064324 0.350989 0.109489 0.336971 0.138227
 0.423385 0.111113 0.230814 0.0480117 0.186677
 0.831546 0.11676 0.0140591 0.0198199 0.0178149
 0.391802 0.56875 0.0307496 0.0025667 0.00613257
 0.877398 0.0820762 0.0388046 0.00137656 0.000344768
 0.64467 0.341503 0.0104509 0.00324622 0.000129263
 0.723284 0.237309 0.0384122 0.000770658 0.000224414
 0.751486 0.221793 0.024127 0.0025349 5.88825e-05
 0.553893 0.403947 0.0390652 0.00282188 0.000273736
 0.577073 0.339618 0.0780378 0.00492033 0.000350979
 0.837756 0.138632 0.0203845 0.00304262 0.000185107
 0.883644 0.113178 0.0028818 0.000259031 3.68809e-05
 0.880486 0.117606 0.0018777 2.73356e-05 2.5139e-06
 0.743277 0.249974 0.00668634 6.19736e-05 8.83654e-07
 0.680044 0.292249 0.0272365 0.00046634 3.9521e-06
 0.728326 0.23855 0.0312201 0.00187476 2.91924e-05
 0.550569 0.398478 0.0467122 0.00401983 0.000221171
 0.633976 0.286142 0.0736195 0.00578804 0.000473937
 0.66212 0.279815 0.0490544 0.00836943 0.000641381
 0.540743 0.381925 0.0678735 0.00811462 0.00134432
 0.653064 0.263398 0.0735441 0.00887967 0.00111379
 0.677903 0.271232 0.0420187 0.00788239 0.000964481
 0.328427 0.56636 0.093584 0.00977599 0.00185374
 0.380202 0.340072 0.248525 0.0280628 0.00313787
 0.234341 0.500556 0.170794 0.0847254 0.00958412
pobs_pel_tallas
 0 0 0 0 0 0 0 0 0 0 0 0 0 0 0 0 0 0 0 0 0 0 0 0 0 0 0 0 0 0 0 0 0 0 0 0
 0 0 0 0 0 0 0 0 0 0 0 0 0 0 0 0 0 0 0 0 0 0 0 0 0 0 0 0 0 0 0 0 0 0 0 0
 0 0 0 0 0 0 0 0 0 0 0 0 0 0 0 0 0 0 0 0 0 0 0 0 0 0 0 0 0 0 0 0 0 0 0 0
 0 0 0 0 0 0 0 0 0 0 0 0 0 0 0 0 0 0 0 0 0 0 0 0 0 0 0 0 0 0 0 0 0 0 0 0
 0 0 0 0 0 0 0 0 0 0 0 0 0 0 0 0 0 0 0 0 0 0 0 0 0 0 0 0 0 0 0 0 0 0 0 0
 0 0 0 0 0 0 0 0 0 0 0 0 0 0 0 0 0 0 0 0 0 0 0 0 0 0 0 0 0 0 0 0 0 0 0 0
 0 0 0 0 0 0 0 0 0 0 0 0 0 0 0 0 0 0 0 0 0 0 0 0 0 0 0 0 0 0 0 0 0 0 0 0
 0 0 0 0 0 0 0 0 0 0 0 0 0 0 0 0 0 0 0 0 0 0 0 0 0 0 0 0 0 0 0 0 0 0 0 0
 0 0 0 0 0 0 0 0 0 0 0 0 0 0 0 0 0 0 0 0 0 0 0 0 0 0 0 0 0 0 0 0 0 0 0 0
 0 0 0 0 0 0 0 0 0 0 0 0 0 0 0 0 0 0 0 0 0 0 0 0 0 0 0 0 0 0 0 0 0 0 0 0
 0 0 0 0 0 0 0 0 1.78061e-05 0.00172719 0.00360574 0.0105946 0.0120993 0.0124554 0.0147524 0.0171206 0.0266825 0.0428682 0.0675386 0.121331 0.153587 0.119568 0.100827 0.0573624 0.0630603 0.0341343 0.0324427 0.0444173 0.0211091 0.0280891 0.0125444 0.00206551 0 0 0 0
 0 0 0 0 0 0 0 0 0 0 0 0 0 0 0 0 0 0 0 0 0 0 0 0 0 0 0 0 0 0 0 0 0 0 0 0
 0 0 0 0 0 0 0.0133647 0.0140871 0.0187388 0.0205184 0.03894 0.0496705 0.03968 0.0493445 0.0407372 0.0367815 0.0215668 0.0243155 0.0234873 0.0199281 0.019796 0.0243948 0.0301388 0.0376714 0.0412746 0.0863199 0.0771752 0.113111 0.0741005 0.0525337 0.0229764 0.00759418 0.00175318 0 0 0
 0 0 0 0 0 0 0 0 0 0 0.00219441 0.00772107 0.0458388 0.0604681 0.0671733 0.0775358 0.0609151 0.0617685 0.073594 0.0568108 0.0755445 0.0548602 0.0670107 0.0636378 0.0643287 0.046367 0.0373049 0.0286899 0.0247887 0.0153202 0.00654259 0.00121912 0.000365735 0 0 0
 0 0 0 0 0 0 0 0 0 0 0 0 0.000112435 0.00938835 0.0111873 0.0202946 0.0414886 0.0713402 0.111592 0.104902 0.108894 0.110636 0.117776 0.105296 0.107544 0.0401394 0.0192827 0.0124803 0.00416011 0.0028671 0.000618394 0 0 0 0 0
 0 0 0 0 0 0 0 0 0 0 0.00291406 0.0102884 0.027416 0.0768956 0.0749926 0.110853 0.0956884 0.0897413 0.0766577 0.0534642 0.0500743 0.0551293 0.0594112 0.0620874 0.0668451 0.0424026 0.0208742 0.0120726 0.0048766 0.00582813 0.00118941 0.000297354 0 0 0 0
 0 0.00264628 0.0354308 0.0461629 0.0458689 0.0383711 0.0214643 0.0164657 0.0346957 0.0420465 0.0363128 0.0245516 0.0311673 0.0291091 0.0169068 0.0133784 0.00837989 0.0085269 0.0148486 0.0160247 0.0276389 0.0546898 0.0760071 0.122758 0.109233 0.0665981 0.0333725 0.0166128 0.00676272 0.00308733 0.000882094 0 0 0 0 0
 0 0 0 0 0 0 0 0.000805153 0.000690131 0.00759144 0.0133425 0.0154129 0.00931677 0.000345066 0.00356568 0.00563607 0.00851162 0.0253048 0.0502646 0.0516448 0.0657925 0.0565908 0.0611916 0.0827007 0.0866115 0.110766 0.145733 0.0935128 0.0569358 0.0249597 0.0138026 0.00621118 0.00161031 0.00115022 0 0
 0 0 0 0 0 0 0 0 0 0 0 0 0 0 0 0 0 0 0 0 0 0 0 0 0 0 0 0 0 0 0 0 0 0 0 0
 0.00147267 0.00158595 0.00478618 0.00569244 0.00954404 0.0108468 0.00647125 0.017049 0.0510054 0.094081 0.124002 0.0959785 0.0687766 0.0820023 0.061753 0.0591476 0.0492212 0.0479892 0.0443925 0.0268479 0.0217502 0.0140895 0.0121071 0.0120363 0.00920419 0.00665534 0.0049561 0.00860946 0.00930331 0.0156896 0.0114698 0.00855282 0.00243557 0.00046729 0 2.83206e-05
 0 0 0 0 0.000772559 0.00158375 0.000888443 0.00281984 0.00712685 0.0440552 0.0773331 0.111326 0.0921469 0.0852325 0.0710754 0.0886704 0.0786465 0.0553345 0.0373146 0.0185414 0.00753245 0.00457741 0.012979 0.0271748 0.0457355 0.0583668 0.034881 0.0177882 0.00938659 0.00492506 0.0015258 0.00185414 0.000309023 5.79419e-05 3.86279e-05 0
 0 0.00173294 0.00326652 0 0.00397197 0.00683976 0.00946217 0.0152591 0.00757587 0.0136028 0.0228656 0.0392903 0.0559909 0.0764795 0.0681675 0.0726916 0.0566044 0.0477403 0.0527397 0.0444891 0.0609904 0.0582453 0.0661739 0.0445044 0.0529084 0.0360697 0.0280645 0.0235558 0.0158879 0.00826598 0.00280645 0.00217768 0.000904811 0.00058276 9.20147e-05 0
 0 0 0 0 0 0 0 0 0 0 0 0 0 0 0 0 0 0 0 0 0 0 0 0 0 0 0 0 0 0 0 0 0 0 0 0
 0 0 0 0 0 0 0 0 0 0 0 0 0 0 0 0 0 0 0 0 0 0 0 0 0 0 0 0 0 0 0 0 0 0 0 0
 0 0 0 0 0 0 0 0 0 0 0 0 0 0 0 0 0 0 0 0 0 0 0 0 0 0 0 0 0 0 0 0 0 0 0 0
 0 0 0 0 0 0 0 0 0 0 0 0 0 0 0 0 0 0 0 0 0 0 0 0 0 0 0 0 0 0 0 0 0 0 0 0
 0 0 0 0 0 0 0 0 0 0 0 0 0 0 0 0 0 0 0 0 0 0 0 0 0 0 0 0 0 0 0 0 0 0 0 0
ppred_pel_tallas
 1.06417e-16 2.84822e-06 1.66291e-05 7.88652e-05 0.00030333 0.000945627 0.00238919 0.0048932 0.00812856 0.0109695 0.0120771 0.0109862 0.00859224 0.00648602 0.005905 0.00731583 0.0106913 0.0158881 0.0227548 0.0310327 0.0402408 0.0496522 0.058376 0.0655172 0.0703603 0.0725144 0.0719755 0.0690837 0.0644035 0.0585703 0.0521589 0.0456074 0.0392052 0.0331232 0.0274624 0.0222922
 1.15483e-16 6.51604e-06 3.82033e-05 0.000181522 0.000698739 0.0021788 0.00550355 0.0112621 0.0186727 0.0250908 0.0273406 0.0242043 0.0175199 0.0106217 0.00591407 0.00394181 0.00411966 0.00575426 0.00847856 0.0121936 0.0168889 0.0225209 0.0289619 0.0359879 0.0432861 0.0504721 0.0571157 0.0627711 0.0670167 0.0695003 0.0699872 0.0684006 0.0648456 0.0596024 0.0530941 0.045827
 1.19706e-16 2.83124e-06 1.65522e-05 7.85495e-05 0.0003022 0.00094217 0.0023802 0.00487309 0.00808887 0.0108971 0.0119477 0.0107518 0.00816225 0.00570623 0.00453979 0.00503818 0.00708968 0.0105011 0.015141 0.020874 0.0274641 0.0345395 0.0416293 0.0482476 0.0539903 0.0586056 0.0620161 0.0642816 0.0655263 0.0658581 0.0653178 0.0638726 0.0614531 0.0580108 0.0535746 0.0482794
 1.13685e-16 1.84788e-05 0.000108438 0.00051543 0.00198438 0.00618803 0.0156305 0.0319824 0.0530158 0.0712033 0.0774954 0.0683853 0.0490163 0.028738 0.0142021 0.00671285 0.00430602 0.00467274 0.00643298 0.00902476 0.012255 0.0160129 0.0201666 0.0245474 0.0289644 0.0332209 0.0371257 0.0404967 0.0431612 0.0449601 0.0457597 0.0454712 0.0440732 0.0416267 0.0382783 0.0342468
 1.01752e-16 3.62766e-05 0.000212926 0.00101218 0.00389699 0.0121525 0.030696 0.0628076 0.104108 0.139807 0.152119 0.134136 0.0959218 0.0557846 0.0267063 0.0111381 0.00508483 0.0038569 0.00458755 0.00603785 0.00773925 0.00945351 0.0109847 0.0121576 0.0128452 0.0129959 0.0126429 0.0118903 0.0108824 0.00976576 0.0086582 0.00763216 0.00671447 0.0058983 0.00516026 0.0044758
 1.00997e-16 1.71201e-05 0.000100419 0.000477216 0.00183709 0.00572859 0.0144705 0.0296123 0.0491 0.0659829 0.0719158 0.0637043 0.0461891 0.028141 0.0158692 0.0107531 0.0111276 0.0149295 0.020804 0.0279409 0.0356355 0.0430664 0.0493139 0.0535173 0.0550687 0.0537614 0.0498411 0.0439362 0.0368978 0.0296015 0.0227751 0.0168966 0.0121753 0.0085986 0.00601211 0.00420188
 1.00642e-16 3.82747e-05 0.00022466 0.00106797 0.0041118 0.0128223 0.0323881 0.0662693 0.109845 0.147508 0.160489 0.141493 0.101133 0.0587153 0.0279221 0.0113225 0.00468435 0.00304828 0.00338997 0.00441956 0.00567916 0.00696981 0.00814414 0.00907033 0.00964729 0.00982412 0.0096087 0.00906076 0.00827318 0.0073482 0.00637673 0.00542622 0.0045382 0.00373294 0.0030172 0.00239123
 1.00378e-16 2.81371e-05 0.00016512 0.000784856 0.00302166 0.00942269 0.0238012 0.0487019 0.0807343 0.108441 0.11805 0.104234 0.0748449 0.0441447 0.0222906 0.0112902 0.00814892 0.00929796 0.012507 0.0166981 0.0212644 0.0256681 0.0293485 0.0317884 0.0326256 0.0317407 0.0292876 0.0256514 0.0213509 0.0169187 0.0127963 0.00927292 0.00647289 0.00438465 0.00290962 0.0019122
 1.0066e-16 3.15609e-05 0.00018523 0.000880481 0.00338987 0.010571 0.0267016 0.0546355 0.0905664 0.121634 0.132378 0.116806 0.0836972 0.0490151 0.0241025 0.0111513 0.0067444 0.00684197 0.00894958 0.0119292 0.0152439 0.0184956 0.0212901 0.0232624 0.0241488 0.0238476 0.0224417 0.0201716 0.017372 0.0143927 0.0115292 0.00898189 0.0068483 0.00514044 0.00381559 0.00280674
 1.00505e-16 3.279e-05 0.000192447 0.000914797 0.00352201 0.010983 0.0277423 0.0567649 0.0940954 0.126372 0.137528 0.121334 0.0869095 0.0508303 0.0248718 0.0112992 0.0065497 0.00641617 0.00830405 0.0110385 0.0140819 0.0170529 0.0195816 0.0213285 0.0220516 0.0216627 0.020248 0.0180417 0.0153658 0.0125537 0.00988498 0.0075465 0.00562467 0.00412303 0.00299213 0.00215966
 1.00796e-16 2.41814e-05 0.00014189 0.000674407 0.00259638 0.00809646 0.0204513 0.0418483 0.0693764 0.0931954 0.10148 0.0896681 0.0645259 0.0383402 0.0198812 0.0109246 0.00894827 0.0109222 0.0149353 0.0200189 0.0255538 0.0309296 0.0354878 0.038613 0.0398666 0.0390913 0.0364485 0.0323703 0.0274481 0.0222941 0.0174208 0.0131695 0.00969683 0.00700619 0.00500311 0.0035507
 1.01404e-16 2.51897e-05 0.000147815 0.000702588 0.0027049 0.00843491 0.0213061 0.0435968 0.0722729 0.0970794 0.105692 0.0933463 0.0670793 0.0396705 0.0202294 0.010575 0.008051 0.00948541 0.0128971 0.0173229 0.0222036 0.0270221 0.0312243 0.0342859 0.0358209 0.0356691 0.0339294 0.0309231 0.0271068 0.0229619 0.0188991 0.0152019 0.0120157 0.00937197 0.00722967 0.00551535
 1.00448e-16 3.65484e-05 0.00021452 0.00101975 0.00392613 0.0122433 0.0309255 0.0632773 0.104887 0.140856 0.153265 0.135157 0.096676 0.0562718 0.0270304 0.011429 0.00544956 0.00437067 0.00530017 0.00697566 0.00889937 0.0107956 0.0124266 0.0135783 0.0140976 0.0139256 0.0131115 0.0117962 0.0101749 0.00845136 0.00679686 0.00532687 0.00409649 0.00311106 0.00234438 0.00175672
 1.00089e-16 3.85483e-05 0.000226263 0.00107559 0.00414112 0.0129137 0.032619 0.066742 0.110629 0.148563 0.161643 0.142525 0.101903 0.0592258 0.0282832 0.0116717 0.00513641 0.00368417 0.00426026 0.00554288 0.00703344 0.00848332 0.00969362 0.0104911 0.0107557 0.0104484 0.00962089 0.00840183 0.00696425 0.0054857 0.00411343 0.00294379 0.00201818 0.00133252 0.00085347 0.000535204
 1.00067e-16 3.84107e-05 0.000225455 0.00107174 0.00412632 0.0128676 0.0325025 0.0665036 0.110234 0.148033 0.161068 0.14202 0.101548 0.059031 0.0282119 0.0116798 0.00519675 0.00378866 0.00441137 0.00574533 0.00728886 0.00878733 0.0100347 0.0108512 0.0111125 0.0107788 0.00990477 0.00862526 0.00712125 0.0055782 0.0041498 0.0029364 0.00198078 0.00127801 0.000792498 0.000475488
 1.00179e-16 3.24331e-05 0.000190349 0.000904819 0.00348358 0.0108632 0.0274397 0.0561458 0.09307 0.124997 0.136039 0.120036 0.0860145 0.0503764 0.0247789 0.0114736 0.00694666 0.00704203 0.0091887 0.0122063 0.0155295 0.0187357 0.0214086 0.023169 0.0237518 0.0230706 0.02124 0.0185438 0.0153646 0.0120945 0.00905935 0.00647217 0.00442484 0.00290861 0.00185008 0.00114804
 1.00499e-16 2.96777e-05 0.000174168 0.000827884 0.00318734 0.00993938 0.0251062 0.0513718 0.0851584 0.114377 0.124496 0.109889 0.0788245 0.0463292 0.0230936 0.0112074 0.00748534 0.00814661 0.0108427 0.0144705 0.0184572 0.0223316 0.0256115 0.0278508 0.0287326 0.0281439 0.026203 0.0232243 0.0196379 0.0158888 0.0123496 0.0092686 0.00675934 0.00482403 0.00339318 0.00236603
 1.00587e-16 3.17808e-05 0.00018652 0.000886619 0.0034135 0.0106447 0.0268877 0.0550163 0.0911977 0.122482 0.133301 0.117619 0.0842782 0.0493521 0.0242619 0.0112139 0.0067662 0.00684917 0.00894957 0.01192 0.0152185 0.0184441 0.0212003 0.0231215 0.0239452 0.0235737 0.0220957 0.0197591 0.016906 0.0138924 0.0110174 0.00848246 0.00638259 0.00472512 0.00346115 0.00251718
 1.00942e-16 2.40363e-05 0.000141039 0.00067036 0.0025808 0.00804787 0.0203286 0.0415971 0.06896 0.0926358 0.100871 0.0891282 0.0641349 0.0381032 0.0197499 0.0108397 0.00886548 0.0108163 0.0147945 0.0198407 0.0253444 0.0307046 0.035272 0.0384384 0.0397681 0.0391006 0.0365882 0.0326493 0.0278592 0.0228155 0.0180192 0.0138062 0.0103331 0.00760828 0.00554573 0.00401827
 1.0136e-16 2.76687e-05 0.000162374 0.000771815 0.00297146 0.00926618 0.0234058 0.0478925 0.0793914 0.106633 0.116072 0.102465 0.0735235 0.043264 0.0216606 0.0106727 0.00734431 0.00816405 0.0109542 0.0146928 0.0188454 0.0229624 0.0265747 0.0292392 0.0306276 0.0305999 0.0292322 0.0267876 0.0236426 0.0201958 0.0167887 0.0136587 0.01093 0.00863408 0.00674304 0.00520291
 1.01106e-16 2.88956e-05 0.000169578 0.000806064 0.00310333 0.00967741 0.0244445 0.0500177 0.0829137 0.111362 0.121214 0.106991 0.0767443 0.0451037 0.0224782 0.010903 0.00727923 0.00792938 0.0105735 0.0141465 0.0181024 0.0219942 0.0253624 0.0277772 0.0289264 0.0286863 0.0271489 0.0245899 0.0213953 0.0179684 0.01465 0.0116712 0.00914458 0.00708571 0.00544868 0.00416148
 1.0143e-16 2.36072e-05 0.000138521 0.000658393 0.00253473 0.00790421 0.0199657 0.0408545 0.0677286 0.0909811 0.0990672 0.0875313 0.0629781 0.0374007 0.0193586 0.0105835 0.00861265 0.010491 0.0143606 0.0192899 0.0246943 0.0300011 0.0345896 0.0378738 0.0394273 0.0390816 0.0369623 0.0334468 0.0290632 0.0243638 0.0198154 0.0157354 0.0122789 0.00946789 0.00723985 0.00549583
 1.01488e-16 2.85001e-05 0.000167258 0.000795035 0.00306087 0.009545 0.02411 0.0493333 0.0817788 0.109837 0.119552 0.105519 0.0756767 0.0444535 0.0221128 0.0106592 0.0070344 0.00761282 0.0101516 0.0136123 0.0174741 0.0213179 0.0247116 0.0272466 0.0286184 0.028694 0.0275376 0.0253835 0.0225706 0.0194585 0.0163558 0.013478 0.0109394 0.00877181 0.00695511 0.00544657
 1.01001e-16 2.95835e-05 0.000173617 0.000825268 0.00317728 0.009908 0.0250269 0.0512094 0.0848886 0.114013 0.124096 0.109526 0.0785423 0.0461201 0.0229096 0.0109874 0.00717285 0.00769506 0.010218 0.0136561 0.0174627 0.0212001 0.0244218 0.0267122 0.0277707 0.0274809 0.0259362 0.0234088 0.0202776 0.0169374 0.0137204 0.010851 0.00843616 0.0064874 0.0049555 0.00376567
 1.01936e-16 1.43568e-05 8.41955e-05 0.000400086 0.00154012 0.0048025 0.0121313 0.0248262 0.041167 0.0553309 0.0603292 0.0534959 0.0389075 0.0239443 0.0139333 0.0100768 0.0110267 0.0150919 0.0211513 0.0285028 0.0364872 0.0443033 0.0510389 0.0558275 0.0580395 0.0574295 0.0541905 0.0488899 0.0423184 0.0353017 0.0285371 0.0224969 0.0174099 0.0133045 0.0100816 0.00758715
 1.0475e-16 1.66056e-05 9.74181e-05 0.000462992 0.00178239 0.00555809 0.0140396 0.028729 0.0476298 0.0639908 0.0697013 0.06164 0.0444702 0.0266539 0.0142507 0.00853149 0.00782559 0.0101158 0.0141439 0.019276 0.025084 0.0311031 0.0367926 0.0416043 0.0450871 0.0469725 0.0472148 0.0459698 0.0435296 0.0402381 0.0364178 0.0323289 0.0281618 0.0240532 0.0201085 0.0164183
 1.05947e-16 1.02516e-05 6.01006e-05 0.000285549 0.00109914 0.00342735 0.00865772 0.0177185 0.0293844 0.0395047 0.0431005 0.038283 0.0279834 0.0175013 0.010684 0.00844674 0.00989046 0.0138649 0.0196055 0.0266095 0.034357 0.0421781 0.0492861 0.0549113 0.0584632 0.0596572 0.0585633 0.0555579 0.0512043 0.0461042 0.0407723 0.0355663 0.0306801 0.0261818 0.0220713 0.0183286
pSPR Fmed_Fpbrs
0.502442   0.6 0.325
Fs Fmed_Fpbrs
0.66   0.435109 1.51226
SSBpbr Bo_Bmed_Bpbrs
547057  247512  300881 150441
Ro
19148.9
SPR SPRFo_SPRFmed_SPRFpbrs
396693 199315 128925
log_Ro
9.68
likeval ReclasPelacesDesembMPH_pf_preclas_ppelaces_ptallas_desvR_qrecl_qpela
 72.2746 14.7489 0.255351 0.000523482 403.695 217.189 65.0709 0 35.4618 0.000171266 0.000471825 9.78368e-15 0 0 0
q_reclas_q_pelaces
6.38828 21.9841
M
0.7
N
 11442.9 39197.1 14543.4 1905.78 0.126046
 17253.1 5588.58 16495.4 5837.58 763.848
 1910.64 8338.14 2118.47 5788.59 2310.82
 4921.85 847.454 1346.38 248.143 938.891
 38544.5 2242.08 178.412 221.809 193.99
 13301.6 18680 873.838 64.8844 150.876
 64819.5 5750.56 2337.59 73.7506 17.9766
 55991.9 28098 739.038 204.162 7.9119
 62958.7 24275.1 3616.51 64.6725 18.3292
 113579 26514.5 2340.93 218.336 4.93563
 65296.8 50452.3 4345.33 279.479 26.3855
 47728.6 27885.7 5589.82 313.599 21.771
 57833.5 20562.3 3370.82 451.231 26.7224
 29188.9 22455.1 883.666 71.9869 9.97975
 12299.8 9867.81 243.493 3.21268 0.287675
 9152.79 4158.17 107.002 0.885251 0.0122855
 6922.74 3782.97 332.724 5.08185 0.041917
 8965.49 2884.66 328.244 17.5367 0.265759
 7658.2 3867.98 353.654 26.9824 1.4447
 8624.34 3459.69 749.698 52.3869 4.1746
 15509.2 3771.29 485.001 73.2197 5.46013
 17165.3 7190.94 946.542 100.164 16.1473
 27815.3 7926.38 1732.94 185.528 22.6461
 45373.3 12545.1 1511.08 251.294 29.9223
 21332.7 20525.1 2463.71 227.656 42.0067
 18805.4 9932.22 5368.6 536.543 58.3802
 5131.44 8688.94 2407.92 1060.41 116.735
pred_Ctot
 135.956 4341.48 2029.74 267.707 0.0177087
 332.868 965.98 3549.79 1263.92 165.41
 147.724 4307.66 1259.81 3455.05 1379.39
 294.067 368.472 688.052 127.358 481.933
 668.001 351.783 34.9612 43.7351 38.2559
 1247.91 10838.2 573.544 42.7223 99.3501
 5970.51 3301.69 1520.86 48.1379 11.7345
 5151.95 16122.7 480.584 133.191 5.162
 6944.49 15369.6 2550.82 45.74 12.9643
 8671.19 13588.8 1382.51 129.425 2.926
 6631.95 30588.6 2958.13 190.822 18.0167
 4583.31 16393.4 3709.35 208.749 14.4931
 9201.32 15301.7 2698.49 361.873 21.4314
 6850.22 18774.9 770.729 62.8502 8.71331
 2886.6 8250.58 212.374 2.80492 0.251169
 1115.53 2765.15 78.5072 0.651106 0.00903658
 809.109 2465.44 240.219 3.67845 0.0303431
 852.864 1686.87 216.86 11.6223 0.176143
 499.829 1787.97 190.836 14.6199 0.782861
 746.111 1914.89 472.913 33.1581 2.64252
 742.516 1394.35 214.053 32.4701 2.42165
 869.206 2773.12 434.119 46.1536 7.44128
 1846.04 3705.77 944.525 101.532 12.3946
 2921.65 5745.71 808.771 135.057 16.0832
 961.285 7245.33 1042.14 96.771 17.8582
 944.624 3807.34 2448.83 245.887 26.7577
 392.76 4460.31 1424.06 629.46 69.3007
F
 0.0166427 0.165522 0.212822 0.214343 0.214382
 0.0271505 0.270029 0.347192 0.349674 0.349736
 0.112956 1.12342 1.44445 1.45477 1.45503
 0.0862831 0.858139 1.10336 1.11125 1.11145
 0.0243587 0.242262 0.31149 0.313718 0.313773
 0.138587 1.37834 1.77221 1.78488 1.7852
 0.135909 1.3517 1.73796 1.75039 1.7507
 0.135757 1.35019 1.73601 1.74843 1.74874
 0.164786 1.6389 2.10723 2.1223 2.12267
 0.111465 1.10859 1.42538 1.43557 1.43583
 0.150828 1.50008 1.92874 1.94253 1.94288
 0.142068 1.41296 1.81672 1.82971 1.83004
 0.246052 2.44714 3.14643 3.16892 3.16949
 0.384509 3.82418 4.91697 4.95213 4.95301
 0.384509 3.82418 4.91697 4.95213 4.95301
 0.18355 1.82552 2.34717 2.36396 2.36438
 0.175405 1.74451 2.24301 2.25905 2.25945
 0.140649 1.39884 1.79857 1.81143 1.81175
 0.0945962 0.940818 1.20966 1.21831 1.21853
 0.12717 1.26478 1.62621 1.63783 1.63812
 0.0686089 0.682358 0.877347 0.883621 0.883778
 0.0726956 0.723003 0.929607 0.936254 0.93642
 0.0962607 0.957372 1.23095 1.23975 1.23997
 0.0932732 0.92766 1.19275 1.20127 1.20149
 0.0644587 0.641082 0.824276 0.83017 0.830317
 0.0720941 0.717021 0.921915 0.928507 0.928672
 0.111764 1.11156 1.42919 1.43941 1.43967
Np
 13052.6 6266.43 808.706 457.742 121.629
YTP_r0W_actual
 3181.35 108386 46709 25304.3 3167.04
YTP_p0W_proyectada
 2686.52 10964.4 11894.1 3016.6 1687.7
 2686.52 30151.7 6774.95 4821.63 1471.2
CTP_r0_actual
 392.76 4460.31 1424.06 629.46 69.3007
CTP_p0_proyectada
 312.386 476.714 367.102 74.4839 36.2945
 312.386 1310.94 209.103 119.053 31.6387
Wmedp
 8.6 23 32.4 40.5 46.5
nmprior
 10.8 10.6 4.6 0
nm_flota  nm_reclas  nm_pelaces    nm_pelaL
inf 20.1046 13.2102 48.0137
cv_recla  cv_pelaces  cv_mph
0.736247 0.407339 0.611487
 ------------------------------------------------
Talla a la edad & desviaci?n 
 7.2 14.2025 17.0495 18.207 18.6776
 1.08 2.13037 2.55742 2.73105 2.80164
