years
 1997 1998 1999 2000 2001 2002 2003 2004 2005 2006 2007 2008 2009 2010 2011 2012 2013 2014 2015 2016 2017 2018 2019 2020 2021 2022 2023
reclasobs
 0 0 0 370054 412103 1.49427e+06 250295 1.28982e+06 931140 785840 897777 1.04006e+06 184774 17550 25797 100020 73551 82996 120727 218422 84188 347160 605670 569463 516374 1.08416e+06 1.01767e+06
reclaspred
 668602 157416 340529 187202 312792 395079 856678 642934 733850 855002 794397 560387 324100 127061 74575.9 73787.7 82281 108509 123624 152303 235478 234178 388218 503760 712145 669526 557708
pelacesobs
 0 0 0 0 0 0 0 0 0 2.06254e+06 1.5e+06 0 1.87456e+06 323000 250000 174000 83755 137374 0 501740 490994 745055 786931 1.00524e+06 1.33801e+06 1.41789e+06 1.42762e+06
pelacespred
 2.36719e+06 523219 579379 563508 890504 743534 2.36784e+06 1.87959e+06 2.07116e+06 2.43573e+06 1.83022e+06 1.33147e+06 817476 262114 163512 160971 183691 256847 276873 341292 638226 571967 755480 1.15644e+06 1.54525e+06 1.50177e+06 1.23049e+06
mphobs
 0 0 0 0 0 112323 0 153150 637223 0 255016 313432 73983 77613 109348 50772 17779 17303 59886 28197 0 207744 136588 643089 65757 70829 0
mphpred
 202914 102361 103237 74633.2 81904.7 148289 196531 280004 252172 289600 334698 232273 143173 76209.5 34973.1 27859 28090.5 34059.4 43411.4 47172.4 68502.8 87123.7 105446 147828 228269 235009 197306
desembarqueobs
 350755 77701 442110 56441 14545 235359 269955 359681 431902 328805 639364 411747 362871 311530 167758 66681 60226 58785 57116 73181 50977 67692 138656 160484 209506 203330 187013
desembarquepred
 350746 77685.8 441919 56441.3 14545.2 235432 270028 359518 431808 328723 638915 411542 362662 311400 167438 66652.9 60237 58756.8 57079.9 73157.9 50976.8 67667.9 138637 160475 209458 203269 186980
Reclutas
 30939.7 40659.5 14177.8 19875.7 42289.7 27320.6 66404.4 64172.6 85680.2 113119 65040 46403 49884.1 27441.5 13782.1 11182.7 8023.87 9913.33 9906.61 14247.5 20153.7 24303.7 39346.2 56578.3 28508.3 29679.1 31279.3
log_desv_Rt
 0.0597941 0.332987 -0.72057 -0.382745 0.372298 -0.064604 0.823519 0.789332 1.07838 1.35619 0.802757 0.465118 0.537458 -0.0601878 -0.748874 -0.957876 -1.28982 -1.07836 -1.07904 -0.715666 -0.368858 -0.181615 0.300155 0.663381 -0.022049 0.018197 0.0707111
SSB
 427354 215581 217426 157184 172498 312310 413910 589711 531094 609921 704902 489186 301535 160504 73656.2 58673.4 59160.9 71731.9 91428 99349 144273 183490 222079 311337 480753 494949 415542
BT
 1.37552e+06 338766 490136 290972 390268 466431 1.28486e+06 1.1941e+06 1.32518e+06 1.36876e+06 1.32318e+06 923178 714011 402974 211873 124318 128294 159206 158879 203965 313477 282684 403158 612717 756050 742280 632596
Ftot
 1.13206 1.18041 2.30611 0.646865 0.11612 1.0945 0.757771 1.29615 1.42512 0.951291 1.58236 1.39492 2.3544 4.64953 4.95303 2.08778 1.67452 1.25258 0.961932 1.05627 0.498042 0.58053 0.720423 0.715103 0.56141 0.535169 0.612777
BD_Bspro_t
 0.901353 0.605844 0.498223 0.268921 0.403703 0.604053 0.528407 0.577696 0.512223 0.50061 0.501348 0.34563 0.247146 0.164783 0.093363 0.0916295 0.125743 0.199994 0.291153 0.362856 0.483579 0.608445 0.612786 0.620954 0.654635 0.593311 0.540931
BD_Bspro
 0.70783 0.357069 0.360125 0.260345 0.28571 0.517282 0.685564 0.976744 0.879657 1.01022 1.16754 0.810244 0.499436 0.265844 0.121997 0.0971813 0.0979889 0.11881 0.151433 0.164553 0.23896 0.303916 0.367832 0.515671 0.796276 0.81979 0.688267
BD_Bo
 0.697919 0.352069 0.355082 0.256699 0.28171 0.510039 0.675964 0.963067 0.867339 0.996072 1.15119 0.798898 0.492442 0.262121 0.120289 0.0958205 0.0966168 0.117147 0.149313 0.162249 0.235614 0.29966 0.362681 0.50845 0.785126 0.80831 0.678629
BD_Brms
 1.26894 0.640126 0.645604 0.466726 0.512199 0.927343 1.22903 1.75103 1.57698 1.81104 2.09307 1.45254 0.895349 0.476584 0.218708 0.174219 0.175667 0.212994 0.271478 0.294997 0.428389 0.544837 0.65942 0.924455 1.4275 1.46966 1.23387
S_f
 0.0736413 0.601659 0.966328 0.998169 0.999903
 0.0736413 0.601659 0.966328 0.998169 0.999903
 0.0736413 0.601659 0.966328 0.998169 0.999903
 0.0736413 0.601659 0.966328 0.998169 0.999903
 0.0736413 0.601659 0.966328 0.998169 0.999903
 0.0736413 0.601659 0.966328 0.998169 0.999903
 0.0736413 0.601659 0.966328 0.998169 0.999903
 0.0736413 0.601659 0.966328 0.998169 0.999903
 0.0736413 0.601659 0.966328 0.998169 0.999903
 0.0736413 0.601659 0.966328 0.998169 0.999903
 0.0736413 0.601659 0.966328 0.998169 0.999903
 0.0736413 0.601659 0.966328 0.998169 0.999903
 0.0736413 0.601659 0.966328 0.998169 0.999903
 0.0736413 0.601659 0.966328 0.998169 0.999903
 0.0736413 0.601659 0.966328 0.998169 0.999903
 0.0736413 0.601659 0.966328 0.998169 0.999903
 0.0736413 0.601659 0.966328 0.998169 0.999903
 0.0736413 0.601659 0.966328 0.998169 0.999903
 0.0736413 0.601659 0.966328 0.998169 0.999903
 0.0736413 0.601659 0.966328 0.998169 0.999903
 0.0736413 0.601659 0.966328 0.998169 0.999903
 0.0736413 0.601659 0.966328 0.998169 0.999903
 0.0736413 0.601659 0.966328 0.998169 0.999903
 0.0736413 0.601659 0.966328 0.998169 0.999903
 0.0736413 0.601659 0.966328 0.998169 0.999903
 0.0736413 0.601659 0.966328 0.998169 0.999903
 0.0736413 0.601659 0.966328 0.998169 0.999903
Scru_reclas
 0.3655 0.743525 0.935855 0.986564 0.997301
 0.3655 0.743525 0.935855 0.986564 0.997301
 0.3655 0.743525 0.935855 0.986564 0.997301
 0.3655 0.743525 0.935855 0.986564 0.997301
 0.3655 0.743525 0.935855 0.986564 0.997301
 0.3655 0.743525 0.935855 0.986564 0.997301
 0.3655 0.743525 0.935855 0.986564 0.997301
 0.3655 0.743525 0.935855 0.986564 0.997301
 0.3655 0.743525 0.935855 0.986564 0.997301
 0.3655 0.743525 0.935855 0.986564 0.997301
 0.3655 0.743525 0.935855 0.986564 0.997301
 0.3655 0.743525 0.935855 0.986564 0.997301
 0.3655 0.743525 0.935855 0.986564 0.997301
 0.3655 0.743525 0.935855 0.986564 0.997301
 0.3655 0.743525 0.935855 0.986564 0.997301
 0.3655 0.743525 0.935855 0.986564 0.997301
 0.3655 0.743525 0.935855 0.986564 0.997301
 0.3655 0.743525 0.935855 0.986564 0.997301
 0.3655 0.743525 0.935855 0.986564 0.997301
 0.3655 0.743525 0.935855 0.986564 0.997301
 0.3655 0.743525 0.935855 0.986564 0.997301
 0.3655 0.743525 0.935855 0.986564 0.997301
 0.3655 0.743525 0.935855 0.986564 0.997301
 0.3655 0.743525 0.935855 0.986564 0.997301
 0.3655 0.743525 0.935855 0.986564 0.997301
 0.3655 0.743525 0.935855 0.986564 0.997301
 0.3655 0.743525 0.935855 0.986564 0.997301
Scru_pelaces
 0.649651 0.978668 0.99912 0.999964 0.999999
 0.649651 0.978668 0.99912 0.999964 0.999999
 0.649651 0.978668 0.99912 0.999964 0.999999
 0.649651 0.978668 0.99912 0.999964 0.999999
 0.649651 0.978668 0.99912 0.999964 0.999999
 0.649651 0.978668 0.99912 0.999964 0.999999
 0.649651 0.978668 0.99912 0.999964 0.999999
 0.649651 0.978668 0.99912 0.999964 0.999999
 0.649651 0.978668 0.99912 0.999964 0.999999
 0.649651 0.978668 0.99912 0.999964 0.999999
 0.649651 0.978668 0.99912 0.999964 0.999999
 0.649651 0.978668 0.99912 0.999964 0.999999
 0.649651 0.978668 0.99912 0.999964 0.999999
 0.649651 0.978668 0.99912 0.999964 0.999999
 0.649651 0.978668 0.99912 0.999964 0.999999
 0.649651 0.978668 0.99912 0.999964 0.999999
 0.649651 0.978668 0.99912 0.999964 0.999999
 0.649651 0.978668 0.99912 0.999964 0.999999
 0.649651 0.978668 0.99912 0.999964 0.999999
 0.649651 0.978668 0.99912 0.999964 0.999999
 0.649651 0.978668 0.99912 0.999964 0.999999
 0.649651 0.978668 0.99912 0.999964 0.999999
 0.649651 0.978668 0.99912 0.999964 0.999999
 0.649651 0.978668 0.99912 0.999964 0.999999
 0.649651 0.978668 0.99912 0.999964 0.999999
 0.649651 0.978668 0.99912 0.999964 0.999999
 0.649651 0.978668 0.99912 0.999964 0.999999
pf_obs 
 0.256992 0.487395 0.22802 0.0275931 0
 0.321318 0.546541 0.124235 0.00734118 0.000564706
 0.182869 0.594174 0.210203 0.0122559 0.00049798
 0.330522 0.361315 0.267642 0.0388342 0.00168674
 0.649043 0.306663 0.0425973 0.00169635 0
 0.582887 0.30429 0.105238 0.00758474 0
 0.465427 0.430635 0.0974691 0.00646863 0
 0.296916 0.608066 0.0921331 0.00288517 0
 0.311714 0.524322 0.152257 0.0117073 0
 0.15457 0.633149 0.183074 0.0267441 0.00246327
 0.131901 0.49318 0.331252 0.0422183 0.00144891
 0.196976 0.569456 0.194076 0.0375587 0.00193317
 0.518974 0.381816 0.0799577 0.0180837 0.00116848
 0.0928022 0.601141 0.25162 0.0475244 0.00691264
 0.122501 0.610282 0.24278 0.0234846 0.000952079
 0.383417 0.481906 0.127806 0.00687128 0
 0.0376549 0.599619 0.316969 0.0457579 0
 0.0361596 0.667082 0.258105 0.0386534 0
 0.158088 0.579412 0.248529 0.0139706 0
 0.0477256 0.309471 0.559284 0.082774 0.000745712
 0.0406174 0.521527 0.379366 0.0568643 0.0016247
 0.151134 0.462217 0.34131 0.0453401 0
 0.294876 0.26143 0.354403 0.0886775 0.000613685
 0.281977 0.475581 0.204845 0.0348837 0.00271318
 0.0841818 0.532909 0.334909 0.0458182 0.00218182
 0.115287 0.27431 0.454777 0.147771 0.00785563
 0.0989387 0.350907 0.424855 0.114687 0.0106128
pf_pred 
 0.227476 0.522251 0.222905 0.0273558 1.26361e-05
 0.254212 0.559093 0.151363 0.0316513 0.0036797
 0.105349 0.70601 0.162799 0.0211711 0.00467056
 0.22639 0.478226 0.269908 0.0222341 0.00324295
 0.280422 0.496304 0.166232 0.0523146 0.00472737
 0.129568 0.635603 0.183946 0.0382058 0.0126769
 0.307953 0.400626 0.246682 0.0354508 0.00928848
 0.212015 0.636981 0.108834 0.0359488 0.00622135
 0.264715 0.539501 0.176482 0.0141379 0.00516415
 0.2611 0.58608 0.131266 0.0195456 0.00200861
 0.139931 0.659097 0.177495 0.0203083 0.00316909
 0.148294 0.557051 0.260388 0.0304916 0.00377584
 0.24491 0.519722 0.190019 0.0403552 0.00499373
 0.2384 0.66001 0.0880348 0.0111206 0.00243375
 0.273919 0.676351 0.0485126 0.00107545 0.000141897
 0.292918 0.66374 0.0428669 0.000464823 9.91214e-06
 0.197855 0.674995 0.124097 0.00302238 3.09433e-05
 0.249218 0.55218 0.183915 0.0143568 0.000330116
 0.204075 0.611579 0.157491 0.0249717 0.001883
 0.250134 0.521947 0.197654 0.0260448 0.00422076
 0.240188 0.569416 0.156312 0.0297614 0.0043224
 0.196362 0.558826 0.205648 0.0323848 0.00677896
 0.242697 0.496224 0.209768 0.0433927 0.00791813
 0.24197 0.55192 0.160549 0.0369308 0.00863065
 0.0960193 0.646303 0.21441 0.0340386 0.00922993
 0.117717 0.390084 0.402126 0.0754725 0.0145997
 0.142441 0.459356 0.232577 0.136336 0.0292908
pobs_RECLAS
 0 0 0 0 0
 0 0 0 0 0
 0 0 0 0 0
 0 0 0 0 0
 0.835266 0.146461 0.0176864 0.000547809 3.91292e-05
 0.385257 0.428462 0.181853 0.0044286 0
 0.867414 0.0963971 0.0333333 0.00285562 0
 0.441836 0.489002 0.0689373 0.000224442 0
 0.779404 0.147425 0.0564933 0.0165055 0.000172143
 0.814271 0.122319 0.05973 0.00367925 0
 0.40263 0.566651 0.0304383 0.000280538 0
 0.475488 0.404961 0.113038 0.00651328 0
 0.955842 0.0263864 0.0167828 0.000988607 0
 0.975058 0.0227948 0.00214734 0 0
 0.738997 0.206755 0.0527124 0.00153531 0
 0.850938 0.134255 0.0134407 0.00136685 0
 0.542534 0.407297 0.0501686 0 0
 0.764087 0.199537 0.0359546 0.000420521 0
 0.470689 0.182191 0.310203 0.0369168 0
 0.84361 0.089868 0.0606195 0.00523954 0.000663233
 0.607945 0.314616 0.071237 0.00620181 0
 0.523733 0.453247 0.0230204 0 0
 0.530135 0.295979 0.169645 0.0042399 0
 0.562478 0.366248 0.0663022 0.0049721 0
 0.250443 0.683176 0.0655157 0.000865301 0
 0.195077 0.31981 0.436473 0.0351445 0.0134964
 0.565238 0.351407 0.0832357 0.000118908 0
ppred_RECLAS
 0.576105 0.312383 0.099152 0.0123545 5.7572e-06
 0.607388 0.314538 0.0631091 0.0133938 0.00157087
 0.369973 0.534516 0.0823601 0.0107577 0.00239284
 0.569663 0.291999 0.126195 0.0105856 0.00155787
 0.62727 0.275387 0.0720857 0.0231466 0.00211069
 0.402833 0.467805 0.100943 0.0212922 0.00712744
 0.671922 0.210924 0.0988717 0.0144603 0.00382275
 0.547968 0.38473 0.0482998 0.0161781 0.00282439
 0.626223 0.295628 0.0703376 0.00570807 0.00210317
 0.609254 0.32651 0.0550411 0.00833114 0.000863784
 0.431938 0.465933 0.0900638 0.010425 0.00164087
 0.452737 0.394764 0.134541 0.0159639 0.00199411
 0.627887 0.285959 0.0694903 0.0148152 0.00184836
 0.672871 0.304428 0.019737 0.00242839 0.000534935
 0.71458 0.27602 0.00917656 0.000197266 2.61917e-05
 0.65771 0.327655 0.0144738 0.000158007 3.39765e-06
 0.531924 0.412712 0.05402 0.00132991 1.37328e-05
 0.603463 0.313361 0.0769418 0.00609275 0.000141326
 0.5326 0.380841 0.0737653 0.0118887 0.000904461
 0.603458 0.298788 0.0845815 0.0113217 0.00185105
 0.578304 0.335008 0.0709135 0.0137581 0.00201623
 0.519029 0.35957 0.101651 0.0163056 0.00344399
 0.590507 0.291896 0.0941273 0.0198197 0.00364913
 0.58498 0.322674 0.0716214 0.0167703 0.00395441
 0.318018 0.521544 0.133036 0.0215152 0.00588675
 0.385136 0.31133 0.247069 0.0472436 0.00922157
 0.433021 0.339413 0.131812 0.0786938 0.0170593
pobs_PELACES
 0 0 0 0 0
 0 0 0 0 0
 0 0 0 0 0
 0 0 0 0 0
 0 0 0 0 0
 0 0 0 0 0
 0 0 0 0 0
 0 0 0 0 0
 0 0 0 0 0
 0 0 0 0 0
 0.450072 0.473896 0.0757376 0.000293798 0
 0 0 0 0 0
 0.463077 0.371075 0.160297 0.00555027 0
 0.529543 0.364841 0.0842815 0.0213345 0
 0.631943 0.363953 0.00410389 0 0
 0.735681 0.248677 0.0153453 0.000297389 0
 0.695825 0.281241 0.0229344 0 0
 0.275771 0.60734 0.115278 0.00161068 0
 0 0 0 0 0
 0.896147 0.0623911 0.0374545 0.00400742 0
 0.803859 0.145111 0.0509908 3.86294e-05 0
 0.739449 0.233085 0.0266225 0.000797448 4.60066e-05
 0.878498 0.100942 0.0204185 0.000141795 0
 0.694673 0.275183 0.0284847 0.00165964 0
 0.469039 0.446079 0.0841089 0.000773354 0
 0.822795 0.102175 0.0682046 0.00682512 0
 0.69333 0.244118 0.0624202 0.000131731 0
ppred_PELACES
 0.708024 0.233407 0.0524364 0.00612972 2.82396e-06
 0.73203 0.228537 0.0322666 0.00642139 0.000744536
 0.557523 0.399106 0.0377911 0.00457425 0.0010052
 0.685372 0.232427 0.0753718 0.00596185 0.00086766
 0.710505 0.226369 0.0473939 0.0144305 0.00130168
 0.541003 0.38447 0.0589848 0.0116773 0.00386453
 0.777185 0.15832 0.0549475 0.00756911 0.00197865
 0.68294 0.2833 0.0246811 0.00774253 0.0013362
 0.756631 0.20635 0.0335455 0.00254614 0.000927313
 0.722711 0.243008 0.0296322 0.00421591 0.000432184
 0.590069 0.357774 0.0463667 0.00501141 0.000779614
 0.609945 0.308866 0.0721862 0.00801352 0.000989462
 0.790912 0.176983 0.0262768 0.00518873 0.000639542
 0.866471 0.129123 0.00388035 0.00043166 9.3817e-05
 0.890862 0.107506 0.00159727 3.09455e-05 4.05315e-06
 0.79137 0.202917 0.0056551 5.73398e-05 1.2183e-06
 0.681534 0.292492 0.0253849 0.000582979 5.94958e-06
 0.732006 0.226291 0.0387607 0.00287592 6.59461e-05
 0.6576 0.294482 0.0412062 0.00624175 0.0004695
 0.726902 0.221721 0.0448317 0.00563445 0.00091077
 0.680144 0.267522 0.0432586 0.00792649 0.00114882
 0.632529 0.293284 0.0627116 0.00949235 0.00198274
 0.704985 0.227622 0.0545906 0.0108309 0.00197192
 0.696184 0.251061 0.0414719 0.00915038 0.00213361
 0.424527 0.467529 0.0904098 0.0138 0.00373408
 0.514053 0.280326 0.169184 0.0305417 0.00589571
 0.562209 0.293287 0.0858151 0.0483284 0.0103606
pobs_pel_tallas
 0 0 0 0 0 0 0 0 0 0 0 0 0 0 0 0 0 0 0 0 0 0 0 0 0 0 0 0 0 0 0 0 0 0 0 0
 0 0 0 0 0 0 0 0 0 0 0 0 0 0 0 0 0 0 0 0 0 0 0 0 0 0 0 0 0 0 0 0 0 0 0 0
 0 0 0 0 0 0 0 0 0 0 0 0 0 0 0 0 0 0 0 0 0 0 0 0 0 0 0 0 0 0 0 0 0 0 0 0
 0 0 0 0 0 0 0 0 0 0 0 0 0 0 0 0 0 0 0 0 0 0 0 0 0 0 0 0 0 0 0 0 0 0 0 0
 0 0 0 0 0 0 0 0 0 0 0 0 0 0 0 0 0 0 0 0 0 0 0 0 0 0 0 0 0 0 0 0 0 0 0 0
 0 0 0 0 0 0 0 0 0 0 0 0 0 0 0 0 0 0 0 0 0 0 0 0 0 0 0 0 0 0 0 0 0 0 0 0
 0 0 0 0 0 0 0 0 0 0 0 0 0 0 0 0 0 0 0 0 0 0 0 0 0 0 0 0 0 0 0 0 0 0 0 0
 0 0 0 0 0 0 0 0 0 0 0 0 0 0 0 0 0 0 0 0 0 0 0 0 0 0 0 0 0 0 0 0 0 0 0 0
 0 0 0 0 0 0 0 0 0 0 0 0 0 0 0 0 0 0 0 0 0 0 0 0 0 0 0 0 0 0 0 0 0 0 0 0
 0 0 0 0 0 0 0 0 0 0 0 0 0 0 0 0 0 0 0 0 0 0 0 0 0 0 0 0 0 0 0 0 0 0 0 0
 0 0 0 0 0 0 0 0 1.78061e-05 0.00172719 0.00360574 0.0105946 0.0120993 0.0124554 0.0147524 0.0171206 0.0266825 0.0428682 0.0675386 0.121331 0.153587 0.119568 0.100827 0.0573624 0.0630603 0.0341343 0.0324427 0.0444173 0.0211091 0.0280891 0.0125444 0.00206551 0 0 0 0
 0 0 0 0 0 0 0 0 0 0 0 0 0 0 0 0 0 0 0 0 0 0 0 0 0 0 0 0 0 0 0 0 0 0 0 0
 0 0 0 0 0 0 0.0133647 0.0140871 0.0187388 0.0205184 0.03894 0.0496705 0.03968 0.0493445 0.0407372 0.0367815 0.0215668 0.0243155 0.0234873 0.0199281 0.019796 0.0243948 0.0301388 0.0376714 0.0412746 0.0863199 0.0771752 0.113111 0.0741005 0.0525337 0.0229764 0.00759418 0.00175318 0 0 0
 0 0 0 0 0 0 0 0 0 0 0.00219441 0.00772107 0.0458388 0.0604681 0.0671733 0.0775358 0.0609151 0.0617685 0.073594 0.0568108 0.0755445 0.0548602 0.0670107 0.0636378 0.0643287 0.046367 0.0373049 0.0286899 0.0247887 0.0153202 0.00654259 0.00121912 0.000365735 0 0 0
 0 0 0 0 0 0 0 0 0 0 0 0 0.000112435 0.00938835 0.0111873 0.0202946 0.0414886 0.0713402 0.111592 0.104902 0.108894 0.110636 0.117776 0.105296 0.107544 0.0401394 0.0192827 0.0124803 0.00416011 0.0028671 0.000618394 0 0 0 0 0
 0 0 0 0 0 0 0 0 0 0 0.00291406 0.0102884 0.027416 0.0768956 0.0749926 0.110853 0.0956884 0.0897413 0.0766577 0.0534642 0.0500743 0.0551293 0.0594112 0.0620874 0.0668451 0.0424026 0.0208742 0.0120726 0.0048766 0.00582813 0.00118941 0.000297354 0 0 0 0
 0 0.00264628 0.0354308 0.0461629 0.0458689 0.0383711 0.0214643 0.0164657 0.0346957 0.0420465 0.0363128 0.0245516 0.0311673 0.0291091 0.0169068 0.0133784 0.00837989 0.0085269 0.0148486 0.0160247 0.0276389 0.0546898 0.0760071 0.122758 0.109233 0.0665981 0.0333725 0.0166128 0.00676272 0.00308733 0.000882094 0 0 0 0 0
 0 0 0 0 0 0 0 0.000805153 0.000690131 0.00759144 0.0133425 0.0154129 0.00931677 0.000345066 0.00356568 0.00563607 0.00851162 0.0253048 0.0502646 0.0516448 0.0657925 0.0565908 0.0611916 0.0827007 0.0866115 0.110766 0.145733 0.0935128 0.0569358 0.0249597 0.0138026 0.00621118 0.00161031 0.00115022 0 0
 0 0 0 0 0 0 0 0 0 0 0 0 0 0 0 0 0 0 0 0 0 0 0 0 0 0 0 0 0 0 0 0 0 0 0 0
 0.00147267 0.00158595 0.00478618 0.00569244 0.00954404 0.0108468 0.00647125 0.017049 0.0510054 0.094081 0.124002 0.0959785 0.0687766 0.0820023 0.061753 0.0591476 0.0492212 0.0479892 0.0443925 0.0268479 0.0217502 0.0140895 0.0121071 0.0120363 0.00920419 0.00665534 0.0049561 0.00860946 0.00930331 0.0156896 0.0114698 0.00855282 0.00243557 0.00046729 0 2.83206e-05
 0 0 0 0 0.000772559 0.00158375 0.000888443 0.00281984 0.00712685 0.0440552 0.0773331 0.111326 0.0921469 0.0852325 0.0710754 0.0886704 0.0786465 0.0553345 0.0373146 0.0185414 0.00753245 0.00457741 0.012979 0.0271748 0.0457355 0.0583668 0.034881 0.0177882 0.00938659 0.00492506 0.0015258 0.00185414 0.000309023 5.79419e-05 3.86279e-05 0
 0 0.00173294 0.00326652 0 0.00397197 0.00683976 0.00946217 0.0152591 0.00757587 0.0136028 0.0228656 0.0392903 0.0559909 0.0764795 0.0681675 0.0726916 0.0566044 0.0477403 0.0527397 0.0444891 0.0609904 0.0582453 0.0661739 0.0445044 0.0529084 0.0360697 0.0280645 0.0235558 0.0158879 0.00826598 0.00280645 0.00217768 0.000904811 0.00058276 9.20147e-05 0
 0 0 0 0 0 0 0 0 0 0 0 0 0 0 0 0 0 0 0 0 0 0 0 0 0 0 0 0 0 0 0 0 0 0 0 0
 0 0 0 0 0 0 0 0 0 0 0 0 0 0 0 0 0 0 0 0 0 0 0 0 0 0 0 0 0 0 0 0 0 0 0 0
 0 0 0 0 0 0 0 0 0 0 0 0 0 0 0 0 0 0 0 0 0 0 0 0 0 0 0 0 0 0 0 0 0 0 0 0
 0 0 0 0 0 0 0 0 0 0 0 0 0 0 0 0 0 0 0 0 0 0 0 0 0 0 0 0 0 0 0 0 0 0 0 0
 0 0 0 0 0 0 0 0 0 0 0 0 0 0 0 0 0 0 0 0 0 0 0 0 0 0 0 0 0 0 0 0 0 0 0 0
ppred_pel_tallas
 1.01032e-16 3.08954e-05 0.000181323 0.000861908 0.00331837 0.010348 0.0261383 0.0534829 0.088656 0.119069 0.129587 0.114345 0.0819379 0.0479932 0.0236162 0.0109548 0.00666709 0.00680212 0.00892227 0.0119176 0.0152659 0.0185795 0.0214722 0.0235831 0.0246473 0.0245548 0.0233736 0.0213242 0.0187196 0.0158893 0.0131141 0.0105873 0.00840731 0.00659487 0.00512121 0.00393605
 1.00789e-16 3.19419e-05 0.000187467 0.000891122 0.00343085 0.0106988 0.0270243 0.0552957 0.0916605 0.123103 0.133974 0.118207 0.0846862 0.0495644 0.024317 0.0111569 0.00662052 0.00661533 0.00861642 0.0114768 0.0146638 0.0177911 0.0204795 0.0223785 0.0232362 0.0229563 0.0216202 0.0194602 0.0167984 0.0139698 0.011256 0.00884609 0.0068296 0.0052141 0.00395549 0.00298783
 1.00871e-16 2.43395e-05 0.000142819 0.000678823 0.00261338 0.00814949 0.0205853 0.0421223 0.0698304 0.0938046 0.102142 0.0902485 0.0649343 0.0385644 0.0199636 0.010916 0.00887969 0.0108028 0.0147618 0.0197853 0.0252571 0.0305736 0.0350844 0.0381819 0.039433 0.0386825 0.0360897 0.0320808 0.0272391 0.0221682 0.0173726 0.0131879 0.00976721 0.00711299 0.00513144 0.00368757
 1.01392e-16 2.99077e-05 0.000175524 0.00083434 0.00321222 0.010017 0.0253022 0.0517722 0.0858204 0.115261 0.125446 0.110696 0.0793349 0.0464927 0.0229235 0.0107118 0.00662902 0.00685714 0.00904207 0.0121126 0.0155629 0.0190127 0.0220786 0.0243979 0.0256981 0.0258556 0.0249194 0.0230883 0.0206535 0.0179269 0.0151781 0.0125981 0.0102923 0.00829564 0.00659887 0.00517274
 1.01304e-16 3.10033e-05 0.000181957 0.000864924 0.00332998 0.0103842 0.0262298 0.0536701 0.088966 0.119484 0.130038 0.114738 0.0822098 0.048133 0.0236488 0.0109091 0.00655726 0.00662635 0.00867064 0.0115804 0.0148398 0.0180722 0.020904 0.0229871 0.0240656 0.0240336 0.022956 0.0210446 0.0185989 0.015933 0.013313 0.0109199 0.00884344 0.0070999 0.00565993 0.00447598
 1.01545e-16 2.36186e-05 0.000138588 0.000658711 0.00253595 0.00790802 0.0199753 0.0408743 0.0677614 0.0910253 0.0991158 0.087575 0.0630116 0.0374244 0.0193778 0.0106047 0.00864124 0.0105307 0.0144131 0.0193543 0.0247663 0.030073 0.0346504 0.037911 0.0394291 0.0390399 0.0368754 0.033321 0.0289121 0.0242064 0.0196729 0.0156272 0.0122192 0.00946363 0.00729007 0.00559273
 1.01185e-16 3.39081e-05 0.000199017 0.000946044 0.00364233 0.0113583 0.0286901 0.0587036 0.0973071 0.130679 0.1422 0.125419 0.089753 0.0523286 0.0252991 0.0109796 0.00566095 0.00497866 0.0062584 0.00832567 0.0107 0.0130917 0.0152346 0.0168809 0.0178434 0.0180351 0.0174849 0.0163225 0.0147396 0.0129423 0.011109 0.0093664 0.00778493 0.00638979 0.00517814 0.00413525
 1.00772e-16 2.98036e-05 0.000174908 0.000831404 0.0032009 0.00998166 0.025213 0.0515902 0.0855201 0.114862 0.125022 0.110347 0.079141 0.0464907 0.0231287 0.0111492 0.00734984 0.00793113 0.0105355 0.0140607 0.0179424 0.0217229 0.0249359 0.0271503 0.0280594 0.0275533 0.0257451 0.0229364 0.0195394 0.0159799 0.012613 0.00967348 0.00726697 0.00539297 0.00398391 0.0029443
 1.00675e-16 3.30137e-05 0.000193762 0.000921052 0.00354609 0.0110582 0.027932 0.0571529 0.0947382 0.127233 0.138462 0.12215 0.0874742 0.0511217 0.0249425 0.0112106 0.00633321 0.0060716 0.00781587 0.0103932 0.0132805 0.0161191 0.0185642 0.0202983 0.021092 0.0208564 0.0196627 0.0177184 0.0153128 0.0127477 0.0102779 0.00807611 0.00622571 0.00473675 0.00357246 0.00267575
 1.00665e-16 3.15361e-05 0.000185084 0.000879787 0.0033872 0.0105626 0.0266805 0.0545924 0.0904952 0.121539 0.132276 0.116718 0.0836407 0.0489943 0.024115 0.0111947 0.00682072 0.00695664 0.00910859 0.0121354 0.0154936 0.018777 0.0215825 0.0235382 0.0243779 0.0240027 0.0225037 0.0201339 0.0172419 0.0141895 0.0112803 0.0087176 0.00659634 0.00492209 0.0036436 0.00268523
 1.00984e-16 2.5757e-05 0.000151144 0.000718412 0.00276583 0.00862489 0.021786 0.0445789 0.073901 0.099267 0.108075 0.0954546 0.0686021 0.0405862 0.0207232 0.0108741 0.0083226 0.00982178 0.0133383 0.0178745 0.0228411 0.0276897 0.0318359 0.0347331 0.0359881 0.0354541 0.0332637 0.0297872 0.0255364 0.0210429 0.0167535 0.012968 0.00982753 0.00734218 0.00543853 0.00400714
 1.01447e-16 2.66218e-05 0.000156226 0.000742579 0.00285889 0.00891512 0.0225191 0.0460784 0.0763851 0.102599 0.111688 0.0986137 0.0708019 0.0417461 0.0210556 0.0106304 0.0076408 0.00871863 0.0117689 0.0157943 0.0202495 0.0246566 0.0285108 0.0313353 0.0327787 0.0326938 0.0311679 0.0284902 0.0250718 0.0213462 0.0176831 0.0143376 0.0114403 0.00901992 0.00704067 0.00543867
 1.00639e-16 3.45073e-05 0.000202533 0.000962758 0.00370668 0.011559 0.029197 0.0597409 0.0990269 0.13299 0.144717 0.127645 0.0913611 0.0532951 0.0258196 0.0112942 0.00594612 0.00533224 0.00672349 0.00890958 0.011379 0.0138094 0.0159029 0.0173873 0.0180669 0.0178663 0.0168474 0.015189 0.013139 0.0109558 0.00885676 0.00698806 0.0054193 0.00415715 0.00316856 0.00240373
 1.00117e-16 3.78001e-05 0.000221869 0.00105469 0.00406067 0.0126629 0.0319853 0.0654456 0.108481 0.14568 0.15851 0.139773 0.0999577 0.0581406 0.02785 0.0116401 0.00534628 0.00407782 0.00483935 0.00632687 0.00803457 0.00969375 0.0110803 0.0119969 0.0123063 0.0119637 0.0110275 0.00964393 0.00800967 0.00632675 0.0047628 0.00342756 0.00236841 0.001581 0.00102784 0.000657231
 1.0006e-16 3.88627e-05 0.00022811 0.00108437 0.00417493 0.0130192 0.0328853 0.0672869 0.111532 0.149775 0.16296 0.143683 0.102722 0.0596852 0.028471 0.0116945 0.00506311 0.0035407 0.00404743 0.00525325 0.00666143 0.00803017 0.00916949 0.00991482 0.0101526 0.00984628 0.00904622 0.00787565 0.00650011 0.00508923 0.00378354 0.00267474 0.00180192 0.0011605 0.000717829 0.00042924
 1.00149e-16 3.45283e-05 0.000202654 0.000963327 0.00370886 0.0115658 0.0292142 0.0597763 0.0990862 0.133071 0.144811 0.127741 0.0914579 0.0534078 0.0259786 0.0115398 0.00632385 0.00588777 0.00749489 0.00991651 0.0126104 0.0152139 0.0173854 0.0188165 0.0192919 0.0187414 0.0172578 0.0150713 0.012492 0.00983848 0.0073748 0.005274 0.00361073 0.00237802 0.00151649 0.000944161
 1.00477e-16 2.97426e-05 0.00017455 0.000829697 0.00319432 0.00996115 0.0251612 0.0514843 0.0853448 0.114628 0.124769 0.110129 0.0789959 0.0464284 0.0231401 0.0112249 0.00749019 0.00814641 0.0108396 0.0144637 0.0184449 0.0223111 0.0255796 0.0278044 0.0286689 0.0280612 0.026101 0.0231048 0.0195044 0.0157466 0.0122047 0.00912719 0.00662723 0.00470572 0.00329156 0.00228229
 1.00726e-16 3.19408e-05 0.000187461 0.000891092 0.00343073 0.0106984 0.0270234 0.0552939 0.0916574 0.123098 0.133969 0.118201 0.0846801 0.0495567 0.0243057 0.0111393 0.00659371 0.00657667 0.0085642 0.0114111 0.0145875 0.0177102 0.020403 0.0223174 0.0232012 0.0229557 0.0216575 0.0195329 0.0168978 0.0140826 0.0113667 0.00893978 0.00689473 0.00524415 0.00394949 0.00294977
 1.00918e-16 2.86991e-05 0.000168423 0.00080057 0.00308218 0.00961142 0.0242779 0.0496768 0.0823491 0.110605 0.120394 0.106276 0.0762502 0.0448514 0.0224227 0.010992 0.0074868 0.00825793 0.0110386 0.0147613 0.018866 0.0228839 0.0263315 0.0287578 0.0298382 0.0294496 0.0276977 0.0248837 0.0214248 0.0177548 0.0142388 0.0111221 0.00852106 0.00644578 0.00483878 0.00361367
 1.00945e-16 3.17181e-05 0.000186154 0.000884878 0.00340681 0.0106238 0.0268349 0.0549082 0.0910181 0.12224 0.133033 0.117375 0.0840859 0.0492042 0.0241242 0.0110423 0.00651873 0.00649058 0.00845349 0.0112738 0.0144304 0.0175487 0.0202608 0.0222246 0.0231904 0.0230568 0.021892 0.0199099 0.0174115 0.0147128 0.0120819 0.00970214 0.00766483 0.00598607 0.00463427 0.0035573
 1.01028e-16 2.96811e-05 0.00017419 0.000827994 0.00318777 0.00994074 0.0251096 0.0513785 0.0851689 0.114389 0.124504 0.109884 0.0787934 0.0462565 0.0229571 0.0109765 0.00712185 0.00760883 0.010094 0.0134905 0.0172547 0.0209538 0.0241475 0.0264256 0.0274909 0.0272273 0.0257256 0.0232524 0.0201797 0.0168952 0.0137258 0.0108922 0.00850061 0.00656332 0.00503333 0.00383859
 1.01405e-16 2.76059e-05 0.000162005 0.000770057 0.00296469 0.00924506 0.0233525 0.0477834 0.0792107 0.106391 0.11581 0.102237 0.0733687 0.0431894 0.0216537 0.010719 0.00743809 0.00830843 0.0111555 0.0149546 0.0191637 0.0233228 0.0269523 0.0296005 0.0309358 0.0308216 0.0293448 0.0267833 0.0235306 0.0200002 0.0165431 0.0133997 0.0106905 0.0084385 0.00660502 0.0051253
 1.01314e-16 3.07626e-05 0.000180544 0.000858207 0.00330411 0.0103036 0.026026 0.0532532 0.0882751 0.118557 0.129029 0.11385 0.0815783 0.0477727 0.0234894 0.0108656 0.00657287 0.00667695 0.00875232 0.0116978 0.0149999 0.0182811 0.0211658 0.0233025 0.0244315 0.0244425 0.0233967 0.0215026 0.0190576 0.0163754 0.0137231 0.0112842 0.00915273 0.0073495 0.00585008 0.00461126
 1.01085e-16 3.03798e-05 0.000178294 0.000847506 0.00326291 0.010175 0.0257014 0.0525893 0.0871752 0.117082 0.12743 0.112453 0.0806072 0.0472646 0.023352 0.0109898 0.00690026 0.007203 0.00949936 0.0126868 0.0162303 0.0197182 0.022737 0.0249016 0.0259327 0.0257208 0.0243491 0.022066 0.0192177 0.0161654 0.0132133 0.0105666 0.00832384 0.00649644 0.00504124 0.00389244
 1.02085e-16 1.85432e-05 0.000108783 0.000516996 0.00199028 0.00620636 0.0156772 0.0320806 0.0531883 0.0714643 0.0778568 0.0688878 0.0497759 0.0299854 0.0163016 0.0101608 0.0097061 0.0126721 0.0176076 0.0237167 0.030392 0.0369597 0.042666 0.0467939 0.0488187 0.0485288 0.0460703 0.0418957 0.0366409 0.0309723 0.0254539 0.0204696 0.0162088 0.0127018 0.00987859 0.00762693
 1.03818e-16 2.24395e-05 0.000131674 0.000625862 0.00240951 0.00751374 0.0189793 0.0388355 0.0643796 0.0864761 0.0941458 0.0831447 0.0597393 0.0353125 0.017979 0.00936151 0.00710172 0.00839027 0.0114901 0.0155833 0.0202222 0.0249994 0.0294662 0.0331772 0.0357741 0.0370557 0.0370091 0.035789 0.0336596 0.0309203 0.0278429 0.0246357 0.0214386 0.0183391 0.0153952 0.0126539
 1.03459e-16 2.45396e-05 0.000144003 0.000684474 0.00263518 0.00821748 0.0207569 0.0424727 0.0704083 0.0945719 0.102954 0.0909098 0.0652882 0.0385309 0.0195013 0.00995946 0.00730766 0.00845324 0.0114771 0.0154702 0.019937 0.0244389 0.0285072 0.0316925 0.0336545 0.0342351 0.0334859 0.0316391 0.029035 0.0260335 0.0229393 0.0199595 0.0172008 0.0146921 0.0124205 0.0103622
pSPR Fmed_Fpbrs
0.534463   0.6 0.325
Fs Fmed_Fpbrs
0.66   0.494266 1.7913
SSBpbr Bo_Bmed_Bpbrs
612326  296649  336779 168390
Ro
29143.9
SPR SPRFo_SPRFmed_SPRFpbrs
603752 322683 196219
log_Ro
10.1
likeval ReclasPelacesDesembMPH_pf_preclas_ppelaces_ptallas_desvR_qrecl_qpela
 69.7901 13.0495 0.0343623 0.000528375 347.018 207.736 60.5308 0 18.1472 9.04366e-06 0.000139223 1.94604e-13 0 0 0
q_reclas_q_pelaces
1.53134 5.35849
M
0.7
N
 30939.7 11119.7 3446.97 414.833 0.191419
 40659.5 14135.3 2794.36 573.245 66.5764
 14177.8 18509.9 3450.32 443.499 97.7806
 19875.7 5940.83 2295.18 184.522 26.8785
 42289.7 9410.86 1999.02 610.016 55.0328
 27320.6 20821.6 4357.94 887.317 294.105
 66404.4 12516.4 5352.04 751.532 196.667
 64172.6 31185.7 3939.76 1277.91 220.944
 85680.2 28966.1 7100.18 559.124 204.046
 113119 38308.6 6102.45 889.575 91.3147
 65040 52372.6 10733 1208.56 188.436
 46403 28745.3 10037.6 1155.17 142.915
 49884.1 20793.5 6166.97 1294.85 160.134
 27441.5 20828.5 2504.5 314.769 68.869
 13782.1 9676.1 630.581 13.9137 1.83535
 11182.7 4752.27 244.051 2.61272 0.0556774
 8023.87 4761.78 671.991 16.1173 0.164877
 9913.33 3522.28 863.409 66.1625 1.51982
 9906.61 4489.04 823.229 127.802 9.62617
 14247.5 4583.05 1249.67 161.369 26.123
 20153.7 6545.6 1205.45 223.618 32.4321
 24303.7 9647.61 2408.83 369.938 77.3339
 39346.2 11563.8 3378.49 682.604 124.403
 56578.3 18529.2 3722.63 836.326 195.202
 28508.3 26654.7 5984.05 926.266 250.828
 29679.1 13583.5 9442.18 1727.36 333.691
 31279.3 14168.6 4888.39 2795.58 599.82
pred_Ctot
 1788.33 4105.74 1752.39 215.061 0.0993401
 2446.73 5381.13 1456.83 304.636 35.4162
 1608.18 10777.4 2485.16 323.181 71.2972
 666.775 1408.5 794.946 65.485 9.55132
 259.089 458.548 153.586 48.3348 4.36774
 1528.59 7498.58 2170.12 450.736 149.556
 2600.31 3382.82 2082.94 299.34 78.4304
 4224.61 12692.5 2168.63 716.316 123.967
 6176.23 12587.4 4117.61 329.86 120.488
 5526.27 12404.6 2778.28 413.688 42.5129
 5179.63 24396.8 6570.08 751.723 117.306
 3277.22 12310.6 5754.46 673.852 83.4443
 5768.05 12240.3 4475.27 950.432 117.611
 5835.43 16155.4 2154.87 272.205 59.5721
 3093.33 7637.93 547.845 12.1449 1.60242
 1156.31 2620.16 169.22 1.83492 0.0391288
 674.237 2300.2 422.888 10.2995 0.105447
 631.558 1399.31 466.07 36.3825 0.836565
 489.221 1466.11 377.546 59.8635 4.51404
 770.249 1607.25 608.645 80.2009 12.9972
 523.059 1240.02 340.402 64.8117 9.41292
 733.281 2086.84 767.96 120.936 25.3149
 1466.57 2998.59 1267.59 262.214 47.8478
 2093.65 4775.51 1389.16 319.545 74.6771
 832.325 5602.35 1858.57 295.057 80.0079
 826.705 2739.48 2824.04 530.027 102.531
 995.13 3209.17 1624.84 952.475 204.633
F
 0.0833663 0.681113 1.09394 1.12999 1.13195
 0.086927 0.710205 1.14066 1.17825 1.1803
 0.169825 1.38749 2.22846 2.30189 2.30589
 0.047636 0.389192 0.625083 0.64568 0.646802
 0.00855122 0.0698646 0.11221 0.115907 0.116109
 0.0806001 0.658513 1.05764 1.09249 1.09439
 0.0558033 0.45592 0.732255 0.756384 0.757698
 0.0954501 0.77984 1.2525 1.29378 1.29602
 0.104948 0.857436 1.37713 1.42251 1.42498
 0.0700544 0.572353 0.919259 0.94955 0.9512
 0.116527 0.952041 1.52908 1.57946 1.58221
 0.102724 0.839267 1.34795 1.39237 1.39479
 0.173381 1.41655 2.27512 2.35009 2.35418
 0.342398 2.79743 4.49297 4.64102 4.64908
 0.364748 2.98004 4.78625 4.94396 4.95255
 0.153747 1.25613 2.01748 2.08396 2.08758
 0.123314 1.00749 1.61813 1.67145 1.67436
 0.0922419 0.753628 1.21041 1.25029 1.25246
 0.070838 0.578755 0.929541 0.960171 0.961839
 0.0777849 0.635513 1.0207 1.05433 1.05616
 0.0366765 0.299651 0.481271 0.49713 0.497994
 0.042751 0.349282 0.560982 0.579468 0.580474
 0.0530529 0.433449 0.696165 0.719105 0.720354
 0.0526611 0.430248 0.691023 0.713793 0.715034
 0.041343 0.337778 0.542506 0.560382 0.561356
 0.0394106 0.321989 0.517149 0.534189 0.535117
 0.0451257 0.368683 0.592143 0.611655 0.612718
Np
 19252.7 9218.87 5476.41 1498.89 530.457
YTP_r0W_actual
 8060.55 77982.9 53294.8 38289.5 9351.72
YTP_p0W_proyectada
 4265.15 64263.9 44251.5 15665.7 12819.6
 4265.15 39901.8 49798.9 17487.4 7115.53
CTP_r0_actual
 995.13 3209.17 1624.84 952.475 204.633
CTP_p0_proyectada
 495.947 2794.08 1365.79 386.808 275.691
 495.947 1734.86 1537 431.788 153.022
Wmedp
 8.6 23 32.4 40.5 46.5
nmprior
 10.8 10.6 4.6 0
nm_flota  nm_reclas  nm_pelaces    nm_pelaL
inf 26.4685 17.0688 70.5185
cv_recla  cv_pelaces  cv_mph
0.723482 0.383154 0.614338
 ------------------------------------------------
Talla a la edad & desviaci?n 
 7.2 14.2025 17.0495 18.207 18.6776
 1.08 2.13037 2.55742 2.73105 2.80164
