years
 1997 1998 1999 2000 2001 2002 2003 2004 2005 2006 2007 2008 2009 2010 2011 2012 2013 2014 2015 2016 2017 2018 2019 2020 2021 2022 2023
reclasobs
 0 0 0 370054 412103 1.49427e+06 250295 1.28982e+06 931140 785840 897777 1.04006e+06 184774 17550 25797 100020 73551 82996 120727 218422 84188 347160 605670 569463 516374 1.08416e+06 1.01767e+06
reclaspred
 504206 129849 324104 212720 342055 434050 949221 663642 754824 794478 685349 470824 281447 113237 68111.4 68298 80346.3 108185 120847 162177 246619 236864 399893 524432 716607 698594 652004
pelacesobs
 0 0 0 0 0 0 0 0 0 2.06254e+06 1.5e+06 0 1.87456e+06 323000 250000 174000 83755 137374 0 501740 490994 745055 786931 1.00524e+06 1.33801e+06 1.41789e+06 1.42762e+06
pelacespred
 2.08861e+06 407550 649492 655464 957895 850958 2.54444e+06 1.9758e+06 2.14475e+06 2.23288e+06 1.58557e+06 1.12467e+06 713099 230900 152289 152163 184080 258887 275317 378646 671084 580485 803629 1.23047e+06 1.58451e+06 1.63243e+06 1.51802e+06
mphobs
 0 0 0 0 0 112323 0 153150 637223 0 255016 313432 73983 77613 109348 50772 17779 17303 59886 28197 0 207744 136588 643089 65757 70829 0
mphpred
 154397 84463.5 92770.7 85379 97508.9 165627 234257 300954 263013 287799 303721 208216 127309 67232.1 29396.6 24659 27187.4 34536.8 43830.6 50317.3 75876.7 93789.4 115528 162451 246198 267018 243921
desembarqueobs
 350755 77701 442110 56441 14545 235359 269955 359681 431902 328805 639364 411747 362871 311530 167758 66681 60226 58785 57116 73181 50977 67692 138656 160484 209506 203330 187013
desembarquepred
 350760 77698.8 442084 56444.9 14545.4 235456 270033 359670 431944 328805 639285 411780 362926 311629 167574 66673.2 60251.9 58777.8 57099.2 73176.5 50979.5 67681 138660 160497 209495 203311 187006
Reclutas
 35534.8 42995.1 20711.1 29765.7 54175.5 38833.7 75091.8 72633 96691.2 113947 63590.8 44440.4 48264.6 25733.8 14737.8 12932.8 9292.9 11275.1 12201.7 19011.7 25105.7 31256.2 50079 71023.1 38016.3 42405.8 51680.5
log_desv_Rt
 0.0182664 0.208841 -0.521576 -0.158888 0.439985 0.107044 0.766467 0.733174 1.01928 1.18349 0.600225 0.241904 0.324455 -0.304439 -0.861829 -0.992476 -1.32299 -1.12965 -1.05067 -0.607193 -0.32915 -0.110027 0.361356 0.71076 0.0857701 0.19504 0.392836
SSB
 425530 232788 255683 235311 268742 456481 645631 829454 724884 793197 837078 573861 350874 185297 81019.4 67962.1 74930.6 95186.3 120801 138679 209122 258491 318404 447727 678542 735923 672266
BT
 1.49766e+06 359698 611289 428201 552730 654045 1.64558e+06 1.51655e+06 1.61864e+06 1.57698e+06 1.45657e+06 1.00206e+06 754567 416506 223007 140768 153086 194133 201877 273566 421145 384219 546414 824701 1.0374e+06 1.07422e+06 1.00261e+06
Ftot
 1.10111 1.00717 1.76128 0.392035 0.068837 0.654737 0.417783 0.797145 0.890763 0.641064 1.17428 1.05735 1.77693 3.52173 3.93768 1.57431 1.16153 0.81979 0.647519 0.672467 0.309732 0.373661 0.456727 0.450652 0.361888 0.333022 0.345697
BD_Bspro_t
 0.903293 0.625312 0.541523 0.351255 0.507684 0.690342 0.633548 0.659638 0.5933 0.569453 0.550582 0.387422 0.281346 0.190322 0.104279 0.107189 0.157475 0.252719 0.354712 0.446049 0.576961 0.688491 0.695971 0.703275 0.729572 0.686642 0.657975
BD_Bspro
 0.588707 0.322055 0.35373 0.325545 0.371796 0.631527 0.893209 1.14752 1.00285 1.09736 1.15807 0.793917 0.485423 0.256352 0.112088 0.0940233 0.103664 0.131687 0.167124 0.191857 0.289314 0.357614 0.440501 0.619416 0.938741 1.01813 0.930057
BD_Bo
 0.504439 0.275956 0.303097 0.278947 0.318577 0.54113 0.765355 0.983266 0.859304 0.940286 0.992304 0.680276 0.415939 0.219658 0.0960434 0.0805649 0.0888255 0.112837 0.143202 0.164395 0.247901 0.306425 0.377448 0.530753 0.80437 0.872391 0.796929
BD_Brms
 0.917162 0.501738 0.551085 0.507176 0.579231 0.983873 1.39155 1.78776 1.56237 1.70961 1.80419 1.23687 0.756253 0.399378 0.174624 0.146482 0.161501 0.205159 0.260366 0.2989 0.45073 0.557136 0.686268 0.965005 1.46249 1.58617 1.44896
S_f
 0.0892042 0.650457 0.972495 0.998514 0.999922
 0.0892042 0.650457 0.972495 0.998514 0.999922
 0.0892042 0.650457 0.972495 0.998514 0.999922
 0.0892042 0.650457 0.972495 0.998514 0.999922
 0.0892042 0.650457 0.972495 0.998514 0.999922
 0.0892042 0.650457 0.972495 0.998514 0.999922
 0.0892042 0.650457 0.972495 0.998514 0.999922
 0.0892042 0.650457 0.972495 0.998514 0.999922
 0.0892042 0.650457 0.972495 0.998514 0.999922
 0.0892042 0.650457 0.972495 0.998514 0.999922
 0.0892042 0.650457 0.972495 0.998514 0.999922
 0.0892042 0.650457 0.972495 0.998514 0.999922
 0.0892042 0.650457 0.972495 0.998514 0.999922
 0.0892042 0.650457 0.972495 0.998514 0.999922
 0.0892042 0.650457 0.972495 0.998514 0.999922
 0.0892042 0.650457 0.972495 0.998514 0.999922
 0.0892042 0.650457 0.972495 0.998514 0.999922
 0.0892042 0.650457 0.972495 0.998514 0.999922
 0.0892042 0.650457 0.972495 0.998514 0.999922
 0.0892042 0.650457 0.972495 0.998514 0.999922
 0.0892042 0.650457 0.972495 0.998514 0.999922
 0.0892042 0.650457 0.972495 0.998514 0.999922
 0.0892042 0.650457 0.972495 0.998514 0.999922
 0.0892042 0.650457 0.972495 0.998514 0.999922
 0.0892042 0.650457 0.972495 0.998514 0.999922
 0.0892042 0.650457 0.972495 0.998514 0.999922
 0.0892042 0.650457 0.972495 0.998514 0.999922
Scru_reclas
 0.540579 0.855526 0.967534 0.993377 0.998677
 0.540579 0.855526 0.967534 0.993377 0.998677
 0.540579 0.855526 0.967534 0.993377 0.998677
 0.540579 0.855526 0.967534 0.993377 0.998677
 0.540579 0.855526 0.967534 0.993377 0.998677
 0.540579 0.855526 0.967534 0.993377 0.998677
 0.540579 0.855526 0.967534 0.993377 0.998677
 0.540579 0.855526 0.967534 0.993377 0.998677
 0.540579 0.855526 0.967534 0.993377 0.998677
 0.540579 0.855526 0.967534 0.993377 0.998677
 0.540579 0.855526 0.967534 0.993377 0.998677
 0.540579 0.855526 0.967534 0.993377 0.998677
 0.540579 0.855526 0.967534 0.993377 0.998677
 0.540579 0.855526 0.967534 0.993377 0.998677
 0.540579 0.855526 0.967534 0.993377 0.998677
 0.540579 0.855526 0.967534 0.993377 0.998677
 0.540579 0.855526 0.967534 0.993377 0.998677
 0.540579 0.855526 0.967534 0.993377 0.998677
 0.540579 0.855526 0.967534 0.993377 0.998677
 0.540579 0.855526 0.967534 0.993377 0.998677
 0.540579 0.855526 0.967534 0.993377 0.998677
 0.540579 0.855526 0.967534 0.993377 0.998677
 0.540579 0.855526 0.967534 0.993377 0.998677
 0.540579 0.855526 0.967534 0.993377 0.998677
 0.540579 0.855526 0.967534 0.993377 0.998677
 0.540579 0.855526 0.967534 0.993377 0.998677
 0.540579 0.855526 0.967534 0.993377 0.998677
Scru_pelaces
 0.897212 1 1 1 1
 0.897212 1 1 1 1
 0.897212 1 1 1 1
 0.897212 1 1 1 1
 0.897212 1 1 1 1
 0.897212 1 1 1 1
 0.897212 1 1 1 1
 0.897212 1 1 1 1
 0.897212 1 1 1 1
 0.897212 1 1 1 1
 0.897212 1 1 1 1
 0.897212 1 1 1 1
 0.897212 1 1 1 1
 0.897212 1 1 1 1
 0.897212 1 1 1 1
 0.897212 1 1 1 1
 0.897212 1 1 1 1
 0.897212 1 1 1 1
 0.897212 1 1 1 1
 0.897212 1 1 1 1
 0.897212 1 1 1 1
 0.897212 1 1 1 1
 0.897212 1 1 1 1
 0.897212 1 1 1 1
 0.897212 1 1 1 1
 0.897212 1 1 1 1
 0.897212 1 1 1 1
pf_obs 
 0.256992 0.487395 0.22802 0.0275931 0
 0.321318 0.546541 0.124235 0.00734118 0.000564706
 0.182869 0.594174 0.210203 0.0122559 0.00049798
 0.330522 0.361315 0.267642 0.0388342 0.00168674
 0.649043 0.306663 0.0425973 0.00169635 0
 0.582887 0.30429 0.105238 0.00758474 0
 0.465427 0.430635 0.0974691 0.00646863 0
 0.296916 0.608066 0.0921331 0.00288517 0
 0.311714 0.524322 0.152257 0.0117073 0
 0.15457 0.633149 0.183074 0.0267441 0.00246327
 0.131901 0.49318 0.331252 0.0422183 0.00144891
 0.196976 0.569456 0.194076 0.0375587 0.00193317
 0.518974 0.381816 0.0799577 0.0180837 0.00116848
 0.0928022 0.601141 0.25162 0.0475244 0.00691264
 0.122501 0.610282 0.24278 0.0234846 0.000952079
 0.383417 0.481906 0.127806 0.00687128 0
 0.0376549 0.599619 0.316969 0.0457579 0
 0.0361596 0.667082 0.258105 0.0386534 0
 0.158088 0.579412 0.248529 0.0139706 0
 0.0477256 0.309471 0.559284 0.082774 0.000745712
 0.0406174 0.521527 0.379366 0.0568643 0.0016247
 0.151134 0.462217 0.34131 0.0453401 0
 0.294876 0.26143 0.354403 0.0886775 0.000613685
 0.281977 0.475581 0.204845 0.0348837 0.00271318
 0.0841818 0.532909 0.334909 0.0458182 0.00218182
 0.115287 0.27431 0.454777 0.147771 0.00785563
 0.0989387 0.350907 0.424855 0.114687 0.0106128
pf_pred 
 0.291237 0.482724 0.201852 0.0241735 1.41664e-05
 0.269474 0.579 0.120853 0.0275173 0.00315579
 0.141576 0.660885 0.172738 0.0199488 0.00485175
 0.245794 0.481417 0.239459 0.0293508 0.00397956
 0.263859 0.498357 0.174858 0.0554454 0.00748003
 0.137485 0.590956 0.205846 0.0486606 0.0170527
 0.251938 0.402363 0.271251 0.0569214 0.0175267
 0.192969 0.57713 0.14954 0.0634885 0.0168721
 0.24223 0.498478 0.210999 0.0318353 0.0164575
 0.229732 0.559908 0.162401 0.0393185 0.00864097
 0.129716 0.607612 0.214651 0.0373754 0.0106465
 0.138352 0.505851 0.289365 0.0547354 0.0116969
 0.232844 0.478503 0.208901 0.0653834 0.0143681
 0.218747 0.640697 0.110422 0.0221552 0.00797839
 0.286891 0.631355 0.0769881 0.00382073 0.00094473
 0.309544 0.633397 0.0552293 0.00173368 9.63252e-05
 0.195791 0.657155 0.140878 0.00598828 0.000188118
 0.234205 0.51995 0.219472 0.0253123 0.00106089
 0.210305 0.560887 0.179676 0.044041 0.00509144
 0.262019 0.490094 0.199317 0.0384317 0.0101395
 0.231637 0.554819 0.164036 0.0400864 0.00942066
 0.202083 0.522326 0.22104 0.042196 0.0123559
 0.243003 0.475926 0.210675 0.0568089 0.0135875
 0.239135 0.525949 0.171816 0.0476797 0.0154202
 0.102233 0.608615 0.226223 0.0464256 0.0165031
 0.127838 0.37062 0.385277 0.0915738 0.0246917
 0.161949 0.429553 0.219152 0.146477 0.0428698
pobs_RECLAS
 0 0 0 0 0
 0 0 0 0 0
 0 0 0 0 0
 0 0 0 0 0
 0.835266 0.146461 0.0176864 0.000547809 3.91292e-05
 0.385257 0.428462 0.181853 0.0044286 0
 0.867414 0.0963971 0.0333333 0.00285562 0
 0.441836 0.489002 0.0689373 0.000224442 0
 0.779404 0.147425 0.0564933 0.0165055 0.000172143
 0.814271 0.122319 0.05973 0.00367925 0
 0.40263 0.566651 0.0304383 0.000280538 0
 0.475488 0.404961 0.113038 0.00651328 0
 0.955842 0.0263864 0.0167828 0.000988607 0
 0.975058 0.0227948 0.00214734 0 0
 0.738997 0.206755 0.0527124 0.00153531 0
 0.850938 0.134255 0.0134407 0.00136685 0
 0.542534 0.407297 0.0501686 0 0
 0.764087 0.199537 0.0359546 0.000420521 0
 0.470689 0.182191 0.310203 0.0369168 0
 0.84361 0.089868 0.0606195 0.00523954 0.000663233
 0.607945 0.314616 0.071237 0.00620181 0
 0.523733 0.453247 0.0230204 0 0
 0.530135 0.295979 0.169645 0.0042399 0
 0.562478 0.366248 0.0663022 0.0049721 0
 0.250443 0.683176 0.0655157 0.000865301 0
 0.195077 0.31981 0.436473 0.0351445 0.0134964
 0.565238 0.351407 0.0832357 0.000118908 0
ppred_RECLAS
 0.687121 0.23377 0.0706744 0.00842929 4.95808e-06
 0.654361 0.290412 0.0440759 0.00999995 0.0011511
 0.476909 0.433857 0.078107 0.00894353 0.00218267
 0.626492 0.262276 0.097647 0.0119574 0.00162753
 0.64251 0.262774 0.0696453 0.0220802 0.00299046
 0.451403 0.409321 0.105597 0.024915 0.0087646
 0.641017 0.218561 0.110184 0.0230981 0.00713964
 0.552744 0.34595 0.0659347 0.0279227 0.00744853
 0.628452 0.269119 0.0833778 0.0125426 0.0065084
 0.603224 0.31038 0.0667165 0.0161228 0.00355683
 0.443658 0.424398 0.107895 0.0187021 0.00534695
 0.468101 0.352345 0.146116 0.0275327 0.00590554
 0.638763 0.255465 0.0767176 0.0238046 0.00524914
 0.655058 0.306707 0.0301953 0.0059069 0.00213255
 0.737887 0.244958 0.0161818 0.000779355 0.000193147
 0.698939 0.283223 0.0172701 0.000538256 3.00117e-05
 0.556605 0.381861 0.0589603 0.00249509 7.86704e-05
 0.615346 0.285501 0.0885394 0.0101847 0.000428475
 0.577065 0.324801 0.0770855 0.0188595 0.00218861
 0.648623 0.255693 0.0769537 0.0148088 0.00392191
 0.601591 0.309112 0.0685939 0.0167508 0.00395188
 0.564517 0.312135 0.0989323 0.0188691 0.00554668
 0.624454 0.260621 0.0861501 0.0232036 0.00557123
 0.615303 0.288467 0.0703861 0.0195102 0.00633419
 0.366597 0.467114 0.130095 0.0266751 0.00951906
 0.44407 0.275904 0.215109 0.0510882 0.0138287
 0.506804 0.287921 0.110123 0.0735445 0.0216079
pobs_PELACES
 0 0 0 0 0
 0 0 0 0 0
 0 0 0 0 0
 0 0 0 0 0
 0 0 0 0 0
 0 0 0 0 0
 0 0 0 0 0
 0 0 0 0 0
 0 0 0 0 0
 0 0 0 0 0
 0.450072 0.473896 0.0757376 0.000293798 0
 0 0 0 0 0
 0.463077 0.371075 0.160297 0.00555027 0
 0.529543 0.364841 0.0842815 0.0213345 0
 0.631943 0.363953 0.00410389 0 0
 0.735681 0.248677 0.0153453 0.000297389 0
 0.695825 0.281241 0.0229344 0 0
 0.275771 0.60734 0.115278 0.00161068 0
 0 0 0 0 0
 0.896147 0.0623911 0.0374545 0.00400742 0
 0.803859 0.145111 0.0509908 3.86294e-05 0
 0.739449 0.233085 0.0266225 0.000797448 4.60066e-05
 0.878498 0.100942 0.0204185 0.000141795 0
 0.694673 0.275183 0.0284847 0.00165964 0
 0.469039 0.446079 0.0841089 0.000773354 0
 0.822795 0.102175 0.0682046 0.00682512 0
 0.69333 0.244118 0.0624202 0.000131731 0
ppred_PELACES
 0.801788 0.156666 0.0372559 0.00428717 2.50703e-06
 0.770252 0.199778 0.0240888 0.00527727 0.000603966
 0.652862 0.30185 0.0398485 0.00437739 0.00106177
 0.728626 0.199776 0.0630837 0.00749868 0.00101505
 0.727957 0.207016 0.0481616 0.0148631 0.00200225
 0.580327 0.328275 0.0698513 0.0159623 0.00558371
 0.745036 0.165579 0.0706053 0.0143644 0.00441563
 0.680421 0.258749 0.040064 0.0164126 0.0043533
 0.749915 0.191763 0.0477887 0.00694854 0.003585
 0.716724 0.230638 0.0409497 0.00958564 0.00210282
 0.59786 0.324041 0.064298 0.0107464 0.00305441
 0.621055 0.270669 0.0887025 0.0161323 0.0034402
 0.791518 0.160418 0.0352671 0.0104969 0.00230049
 0.844155 0.144984 0.00868084 0.00160473 0.000575333
 0.894996 0.100906 0.00387865 0.000175897 4.32818e-05
 0.817507 0.174292 0.00794971 0.000238082 1.31947e-05
 0.695104 0.270837 0.0326829 0.00133373 4.18069e-05
 0.735588 0.206496 0.0519004 0.00577401 0.000241535
 0.695084 0.244386 0.0478755 0.0113451 0.0013092
 0.757495 0.185672 0.046003 0.00857276 0.00225763
 0.701477 0.239687 0.0455078 0.0107953 0.00253295
 0.673557 0.244745 0.0659221 0.0122068 0.00356861
 0.730123 0.197196 0.0549075 0.0143476 0.00342588
 0.720243 0.21876 0.0449911 0.0120997 0.00390661
 0.478083 0.401198 0.0950734 0.0189282 0.00671758
 0.566485 0.233044 0.155072 0.0357691 0.0096292
 0.624942 0.234529 0.076456 0.0495847 0.0144887
pobs_pel_tallas
 0 0 0 0 0 0 0 0 0 0 0 0 0 0 0 0 0 0 0 0 0 0 0 0 0 0 0 0 0 0 0 0 0 0 0 0
 0 0 0 0 0 0 0 0 0 0 0 0 0 0 0 0 0 0 0 0 0 0 0 0 0 0 0 0 0 0 0 0 0 0 0 0
 0 0 0 0 0 0 0 0 0 0 0 0 0 0 0 0 0 0 0 0 0 0 0 0 0 0 0 0 0 0 0 0 0 0 0 0
 0 0 0 0 0 0 0 0 0 0 0 0 0 0 0 0 0 0 0 0 0 0 0 0 0 0 0 0 0 0 0 0 0 0 0 0
 0 0 0 0 0 0 0 0 0 0 0 0 0 0 0 0 0 0 0 0 0 0 0 0 0 0 0 0 0 0 0 0 0 0 0 0
 0 0 0 0 0 0 0 0 0 0 0 0 0 0 0 0 0 0 0 0 0 0 0 0 0 0 0 0 0 0 0 0 0 0 0 0
 0 0 0 0 0 0 0 0 0 0 0 0 0 0 0 0 0 0 0 0 0 0 0 0 0 0 0 0 0 0 0 0 0 0 0 0
 0 0 0 0 0 0 0 0 0 0 0 0 0 0 0 0 0 0 0 0 0 0 0 0 0 0 0 0 0 0 0 0 0 0 0 0
 0 0 0 0 0 0 0 0 0 0 0 0 0 0 0 0 0 0 0 0 0 0 0 0 0 0 0 0 0 0 0 0 0 0 0 0
 0 0 0 0 0 0 0 0 0 0 0 0 0 0 0 0 0 0 0 0 0 0 0 0 0 0 0 0 0 0 0 0 0 0 0 0
 0 0 0 0 0 0 0 0 1.78061e-05 0.00172719 0.00360574 0.0105946 0.0120993 0.0124554 0.0147524 0.0171206 0.0266825 0.0428682 0.0675386 0.121331 0.153587 0.119568 0.100827 0.0573624 0.0630603 0.0341343 0.0324427 0.0444173 0.0211091 0.0280891 0.0125444 0.00206551 0 0 0 0
 0 0 0 0 0 0 0 0 0 0 0 0 0 0 0 0 0 0 0 0 0 0 0 0 0 0 0 0 0 0 0 0 0 0 0 0
 0 0 0 0 0 0 0.0133647 0.0140871 0.0187388 0.0205184 0.03894 0.0496705 0.03968 0.0493445 0.0407372 0.0367815 0.0215668 0.0243155 0.0234873 0.0199281 0.019796 0.0243948 0.0301388 0.0376714 0.0412746 0.0863199 0.0771752 0.113111 0.0741005 0.0525337 0.0229764 0.00759418 0.00175318 0 0 0
 0 0 0 0 0 0 0 0 0 0 0.00219441 0.00772107 0.0458388 0.0604681 0.0671733 0.0775358 0.0609151 0.0617685 0.073594 0.0568108 0.0755445 0.0548602 0.0670107 0.0636378 0.0643287 0.046367 0.0373049 0.0286899 0.0247887 0.0153202 0.00654259 0.00121912 0.000365735 0 0 0
 0 0 0 0 0 0 0 0 0 0 0 0 0.000112435 0.00938835 0.0111873 0.0202946 0.0414886 0.0713402 0.111592 0.104902 0.108894 0.110636 0.117776 0.105296 0.107544 0.0401394 0.0192827 0.0124803 0.00416011 0.0028671 0.000618394 0 0 0 0 0
 0 0 0 0 0 0 0 0 0 0 0.00291406 0.0102884 0.027416 0.0768956 0.0749926 0.110853 0.0956884 0.0897413 0.0766577 0.0534642 0.0500743 0.0551293 0.0594112 0.0620874 0.0668451 0.0424026 0.0208742 0.0120726 0.0048766 0.00582813 0.00118941 0.000297354 0 0 0 0
 0 0.00264628 0.0354308 0.0461629 0.0458689 0.0383711 0.0214643 0.0164657 0.0346957 0.0420465 0.0363128 0.0245516 0.0311673 0.0291091 0.0169068 0.0133784 0.00837989 0.0085269 0.0148486 0.0160247 0.0276389 0.0546898 0.0760071 0.122758 0.109233 0.0665981 0.0333725 0.0166128 0.00676272 0.00308733 0.000882094 0 0 0 0 0
 0 0 0 0 0 0 0 0.000805153 0.000690131 0.00759144 0.0133425 0.0154129 0.00931677 0.000345066 0.00356568 0.00563607 0.00851162 0.0253048 0.0502646 0.0516448 0.0657925 0.0565908 0.0611916 0.0827007 0.0866115 0.110766 0.145733 0.0935128 0.0569358 0.0249597 0.0138026 0.00621118 0.00161031 0.00115022 0 0
 0 0 0 0 0 0 0 0 0 0 0 0 0 0 0 0 0 0 0 0 0 0 0 0 0 0 0 0 0 0 0 0 0 0 0 0
 0.00147267 0.00158595 0.00478618 0.00569244 0.00954404 0.0108468 0.00647125 0.017049 0.0510054 0.094081 0.124002 0.0959785 0.0687766 0.0820023 0.061753 0.0591476 0.0492212 0.0479892 0.0443925 0.0268479 0.0217502 0.0140895 0.0121071 0.0120363 0.00920419 0.00665534 0.0049561 0.00860946 0.00930331 0.0156896 0.0114698 0.00855282 0.00243557 0.00046729 0 2.83206e-05
 0 0 0 0 0.000772559 0.00158375 0.000888443 0.00281984 0.00712685 0.0440552 0.0773331 0.111326 0.0921469 0.0852325 0.0710754 0.0886704 0.0786465 0.0553345 0.0373146 0.0185414 0.00753245 0.00457741 0.012979 0.0271748 0.0457355 0.0583668 0.034881 0.0177882 0.00938659 0.00492506 0.0015258 0.00185414 0.000309023 5.79419e-05 3.86279e-05 0
 0 0.00173294 0.00326652 0 0.00397197 0.00683976 0.00946217 0.0152591 0.00757587 0.0136028 0.0228656 0.0392903 0.0559909 0.0764795 0.0681675 0.0726916 0.0566044 0.0477403 0.0527397 0.0444891 0.0609904 0.0582453 0.0661739 0.0445044 0.0529084 0.0360697 0.0280645 0.0235558 0.0158879 0.00826598 0.00280645 0.00217768 0.000904811 0.00058276 9.20147e-05 0
 0 0 0 0 0 0 0 0 0 0 0 0 0 0 0 0 0 0 0 0 0 0 0 0 0 0 0 0 0 0 0 0 0 0 0 0
 0 0 0 0 0 0 0 0 0 0 0 0 0 0 0 0 0 0 0 0 0 0 0 0 0 0 0 0 0 0 0 0 0 0 0 0
 0 0 0 0 0 0 0 0 0 0 0 0 0 0 0 0 0 0 0 0 0 0 0 0 0 0 0 0 0 0 0 0 0 0 0 0
 0 0 0 0 0 0 0 0 0 0 0 0 0 0 0 0 0 0 0 0 0 0 0 0 0 0 0 0 0 0 0 0 0 0 0 0
 0 0 0 0 0 0 0 0 0 0 0 0 0 0 0 0 0 0 0 0 0 0 0 0 0 0 0 0 0 0 0 0 0 0 0 0
ppred_pel_tallas
 1.00728e-16 3.49808e-05 0.000205315 0.000975985 0.00375762 0.0117178 0.0295982 0.0605616 0.100387 0.134814 0.146697 0.12938 0.092576 0.0539508 0.0260384 0.0112221 0.00566921 0.00487095 0.00606323 0.00803163 0.0102812 0.0125181 0.0144767 0.0159137 0.0166504 0.0166116 0.0158413 0.0144856 0.0127525 0.0108618 0.00900098 0.00729954 0.00582424 0.0045902 0.0035799 0.00276152
 1.00617e-16 3.36074e-05 0.000197248 0.000937625 0.00360991 0.0112572 0.0284347 0.0581814 0.0964426 0.129521 0.140949 0.124338 0.089027 0.0520009 0.0253185 0.0112893 0.00625044 0.00588229 0.00752627 0.00999108 0.0127523 0.0154578 0.0177733 0.0193929 0.0200976 0.0198061 0.0185927 0.0166645 0.0143068 0.0118157 0.00943922 0.00734308 0.00560433 0.00422704 0.00316916 0.00236917
 1.00865e-16 2.84928e-05 0.000167211 0.000794807 0.00305999 0.00954222 0.0241031 0.0493193 0.0817566 0.10981 0.119531 0.10552 0.0757187 0.0445616 0.02232 0.0110112 0.00758851 0.00843132 0.0112886 0.0150957 0.0192871 0.023384 0.0268906 0.0293451 0.0304158 0.0299781 0.028143 0.0252224 0.0216469 0.0178641 0.0142502 0.0110578 0.0084058 0.00630304 0.00468817 0.00346965
 1.01266e-16 3.17924e-05 0.000186592 0.000886966 0.00341485 0.0106489 0.0268983 0.0550377 0.0912322 0.122525 0.13334 0.117634 0.0842468 0.0492491 0.024055 0.0108584 0.00620486 0.00601914 0.00779571 0.0104131 0.0133748 0.0163397 0.0189761 0.0209723 0.0220947 0.0222376 0.0214437 0.0198837 0.0178076 0.0154825 0.0131387 0.0109388 0.0089714 0.00726523 0.00581122 0.00458392
 1.01356e-16 3.17635e-05 0.000186422 0.000886155 0.00341173 0.0106391 0.0268737 0.0549874 0.091149 0.122414 0.13322 0.117532 0.0841812 0.0492256 0.0240711 0.0109115 0.0062972 0.00615707 0.00798565 0.0106572 0.0136669 0.0166633 0.0193041 0.0212702 0.0223257 0.0223706 0.0214595 0.0197805 0.0176017 0.0152051 0.0128302 0.0106404 0.00871839 0.00708151 0.00570718 0.00455717
 1.01908e-16 2.53311e-05 0.000148647 0.000706543 0.00272013 0.0084824 0.0214261 0.0438422 0.0726792 0.0976241 0.106281 0.0938597 0.0674319 0.0398463 0.0202587 0.0104926 0.00787141 0.0092017 0.0124919 0.0167803 0.0215185 0.026207 0.030313 0.0333324 0.0348945 0.0348456 0.03328 0.030505 0.0269553 0.0230872 0.0192869 0.0158171 0.0128086 0.0102846 0.00820215 0.00649169
 1.01757e-16 3.25066e-05 0.000190788 0.00090692 0.0034917 0.0108885 0.0275035 0.0562759 0.0932834 0.125277 0.136325 0.120247 0.0860724 0.0502242 0.0243601 0.0107076 0.00572014 0.00522217 0.00665522 0.00889335 0.011469 0.0140901 0.0164819 0.0183844 0.0195968 0.020019 0.0196678 0.0186622 0.0171857 0.0154378 0.0135926 0.0117763 0.0100625 0.00848434 0.00705073 0.00576155
 1.01421e-16 2.96927e-05 0.00017426 0.000828326 0.00318906 0.00994474 0.0251197 0.0513991 0.0852028 0.114434 0.124551 0.10992 0.078809 0.0462447 0.0229122 0.0108905 0.00698198 0.00739917 0.0097988 0.013099 0.0167661 0.0203814 0.023521 0.0257896 0.0269007 0.0267414 0.0253966 0.0231198 0.0202636 0.0171951 0.0142216 0.0115483 0.00927167 0.00739989 0.00588732 0.0046675
 1.01148e-16 3.27203e-05 0.000192041 0.000912871 0.0035146 0.0109599 0.027684 0.0566452 0.0938963 0.126102 0.137228 0.121055 0.0866776 0.0506305 0.0246555 0.0110028 0.00610896 0.00577274 0.00741198 0.00987481 0.0126598 0.0154327 0.0178743 0.0196876 0.0206535 0.0206782 0.0198121 0.0182297 0.0161806 0.013928 0.0116963 0.0096403 0.00783926 0.0063115 0.00503731 0.00398123
 1.01085e-16 3.12746e-05 0.000183549 0.000872494 0.00335912 0.0104751 0.0264593 0.0541398 0.0897447 0.12053 0.131176 0.115743 0.0829315 0.0485582 0.0238624 0.0110149 0.00662916 0.00670242 0.00876529 0.0116948 0.014966 0.0181937 0.0209965 0.0230204 0.0240077 0.0238556 0.0226381 0.0205799 0.0179957 0.0152143 0.0125131 0.0100794 0.00800423 0.00629963 0.00492856 0.0038337
 1.01531e-16 2.60954e-05 0.000153134 0.000727879 0.00280228 0.00873859 0.0220732 0.0451662 0.0748736 0.10057 0.109485 0.0966801 0.0694391 0.0409937 0.0207705 0.0106406 0.00783879 0.00906892 0.0122764 0.0164735 0.0211051 0.0256733 0.0296498 0.0325371 0.0339706 0.0338025 0.0321323 0.0292711 0.0256572 0.0217501 0.0179386 0.0144877 0.0115284 0.00908238 0.00710268 0.0055136
 1.02063e-16 2.71047e-05 0.000159065 0.000756083 0.0029109 0.0090773 0.0229287 0.0469162 0.0777727 0.104459 0.113703 0.10037 0.0720122 0.0423585 0.021178 0.0103885 0.00709352 0.00785547 0.0105469 0.0141775 0.0182395 0.0223113 0.0259521 0.0287412 0.030361 0.0306652 0.0297062 0.0277084 0.025002 0.0219402 0.0188276 0.0158786 0.0132108 0.0108633 0.00882743 0.00707493
 1.01022e-16 3.45331e-05 0.000202686 0.000963488 0.0037095 0.0115677 0.0292191 0.0597861 0.0991013 0.133088 0.144821 0.127728 0.091402 0.0532817 0.0257439 0.0111441 0.00570146 0.00496739 0.00621403 0.00824115 0.0105562 0.0128627 0.0148908 0.0163929 0.0171872 0.0171973 0.0164677 0.015146 0.013442 0.0115761 0.00973467 0.00804471 0.00656954 0.00532105 0.00427978 0.00341395
 1.00253e-16 3.68276e-05 0.000216159 0.00102754 0.00395612 0.0123368 0.0311618 0.0637608 0.105689 0.141932 0.154437 0.136193 0.0974216 0.0567149 0.0272598 0.0115536 0.00554787 0.00448429 0.00544567 0.00715448 0.00910121 0.0109987 0.0125981 0.0136778 0.0140822 0.013758 0.0127669 0.0112684 0.00947843 0.00761973 0.00587748 0.00437364 0.00316206 0.0022403 0.00157004 0.00109772
 1.00097e-16 3.90427e-05 0.000229167 0.00108939 0.00419429 0.0130796 0.0330378 0.0675989 0.112049 0.150469 0.163713 0.144343 0.103186 0.0599377 0.02856 0.0116768 0.00497288 0.00338737 0.00382671 0.00495849 0.00629094 0.00759137 0.00868044 0.00940317 0.009652 0.00939127 0.00866619 0.00759023 0.0063166 0.00500271 0.00377938 0.00273247 0.00189936 0.00127723 0.000837481 0.000540372
 1.00179e-16 3.56668e-05 0.000209341 0.000995123 0.0038313 0.0119476 0.0301786 0.0617492 0.102356 0.137459 0.149578 0.131926 0.0944111 0.0550457 0.0266137 0.0115478 0.0059416 0.00519591 0.00648476 0.00855529 0.0108814 0.0131377 0.0150282 0.0162872 0.0167287 0.0162903 0.0150491 0.0132001 0.011007 0.00874079 0.00662714 0.00481437 0.00336753 0.00228258 0.00151115 0.000985682
 1.00601e-16 3.03335e-05 0.000178021 0.000846202 0.00325788 0.0101594 0.0256619 0.0525084 0.0870418 0.116904 0.127241 0.112296 0.0805177 0.0472574 0.0234322 0.0111666 0.00719393 0.00764293 0.0101148 0.0134957 0.0172281 0.0208698 0.0239731 0.0261233 0.0270239 0.0265655 0.0248514 0.0221659 0.0189006 0.0154618 0.0121912 0.00931793 0.00694935 0.0050921 0.0036882 0.00265136
 1.01014e-16 3.20962e-05 0.000188375 0.000895441 0.00344748 0.0107506 0.0271553 0.0555637 0.0921041 0.123697 0.134615 0.118761 0.0850578 0.0497308 0.0243041 0.0109933 0.00631106 0.00614194 0.00795339 0.0106078 0.0135959 0.0165646 0.0191701 0.0210923 0.0220944 0.0220761 0.0210926 0.0193339 0.0170718 0.0145935 0.0121448 0.00989611 0.00793604 0.00628624 0.00492594 0.00381583
 1.01211e-16 3.03316e-05 0.000178012 0.000846165 0.00325774 0.0101589 0.0256608 0.052506 0.0870371 0.116896 0.127226 0.11227 0.0804696 0.0471708 0.0232814 0.0109168 0.00680246 0.00706405 0.00930844 0.0124395 0.0159307 0.0193813 0.0223886 0.0245769 0.0256715 0.0255605 0.0243185 0.0221794 0.0194724 0.0165426 0.0136818 0.0110885 0.00886034 0.0070134 0.00551246 0.00430118
 1.01114e-16 3.30506e-05 0.00019398 0.000922093 0.00355011 0.0110707 0.0279637 0.0572175 0.0948446 0.127375 0.138611 0.122271 0.0875378 0.0511124 0.0248518 0.0110253 0.00602973 0.00561874 0.00718376 0.00956443 0.0122613 0.0149478 0.0173141 0.0190728 0.0200114 0.0200393 0.0192049 0.0176771 0.0156968 0.0135188 0.0113599 0.00936958 0.00762457 0.00614263 0.00490497 0.00387763
 1.01214e-16 3.06101e-05 0.000179647 0.000853943 0.00328769 0.0102523 0.0258967 0.0529887 0.0878369 0.11797 0.128393 0.113295 0.0811957 0.0475784 0.0234491 0.0109391 0.00674074 0.0069415 0.00912579 0.01219 0.0156086 0.0189867 0.0219291 0.0240675 0.0251331 0.0250173 0.0237941 0.0216937 0.0190399 0.0161714 0.0133744 0.0108426 0.00867097 0.0068737 0.00541488 0.00423805
 1.01602e-16 2.9393e-05 0.000172501 0.000819967 0.00315687 0.00984438 0.0248662 0.0508803 0.0843425 0.113278 0.123291 0.108803 0.0779979 0.0457483 0.0226291 0.0106956 0.00678135 0.00713805 0.00945153 0.0126614 0.0162551 0.0198371 0.0230058 0.0253827 0.0266858 0.0267921 0.0257611 0.0238095 0.0212497 0.0184125 0.0155805 0.0129493 0.0106213 0.00862277 0.00693352 0.00551407
 1.01497e-16 3.18575e-05 0.000186975 0.000888786 0.00342186 0.0106707 0.0269535 0.0551507 0.0914192 0.122776 0.133612 0.117872 0.0844132 0.0493378 0.0240822 0.0108433 0.00615776 0.00594068 0.00768095 0.0102559 0.0131708 0.0160888 0.0186837 0.0206504 0.0217608 0.021914 0.0211545 0.0196527 0.017655 0.0154227 0.0131788 0.0110775 0.00919954 0.00756643 0.00616415 0.00496478
 1.01309e-16 3.14276e-05 0.000184448 0.000876772 0.0033756 0.0105265 0.0265891 0.0544052 0.0901842 0.12112 0.131815 0.116299 0.0833151 0.0487526 0.0239019 0.0109394 0.0064575 0.00643129 0.00838098 0.0111856 0.0143319 0.017452 0.0201849 0.0221941 0.0232331 0.0231999 0.0221583 0.0203134 0.0179551 0.0153872 0.0128664 0.0105667 0.00857394 0.00690237 0.00552234 0.00438681
 1.02445e-16 2.08758e-05 0.000122483 0.000582143 0.00224114 0.00698866 0.0176531 0.036123 0.0598867 0.0804531 0.0876199 0.0774557 0.0558133 0.0333157 0.0175573 0.0101013 0.00880316 0.0110766 0.0152885 0.0205984 0.0264407 0.0322305 0.0373212 0.0410959 0.0430978 0.0431332 0.0413101 0.0379957 0.0337135 0.0290149 0.0243685 0.0200956 0.0163594 0.0131948 0.0105572 0.00837005
 1.03957e-16 2.47238e-05 0.00014509 0.000689652 0.00265513 0.00827971 0.020914 0.0427938 0.0709389 0.0952797 0.103711 0.0915479 0.0656796 0.0386279 0.0193051 0.00946343 0.0064683 0.00719736 0.00973117 0.013196 0.0171642 0.0212883 0.0251958 0.0285158 0.0309451 0.0323055 0.0325699 0.0318459 0.0303306 0.0282511 0.0258155 0.0231861 0.0204764 0.0177653 0.0151143 0.0125814
 1.03543e-16 2.72726e-05 0.000160054 0.000760794 0.00292905 0.00913392 0.0230716 0.0472084 0.0782561 0.105105 0.114398 0.100962 0.0723924 0.042492 0.0210781 0.0100653 0.00652509 0.00699046 0.00932506 0.0125547 0.0162107 0.019929 0.0233348 0.0260694 0.027858 0.0285669 0.0282258 0.0270044 0.0251564 0.022951 0.0206149 0.0183017 0.0160904 0.0140055 0.0120445 0.0102017
pSPR Fmed_Fpbrs
0.520393   0.6 0.325
Fs Fmed_Fpbrs
0.66   0.467813 1.63834
SSBpbr Bo_Bmed_Bpbrs
843570  396810  463964 231982
Ro
34891.6
SPR SPRFo_SPRFmed_SPRFpbrs
722822 376152 234917
log_Ro
10.28
likeval ReclasPelacesDesembMPH_pf_preclas_ppelaces_ptallas_desvR_qrecl_qpela
 65.1138 14.8568 0.00987289 0.00056495 344.808 208.759 59.6687 0 16.5421 4.06798e-07 7.24448e-05 7.99516e-15 0 0 0
q_reclas_q_pelaces
0.913584 3.35658
M
0.7
N
 35534.8 10404.8 3321.03 391.359 0.229152
 42995.1 15995.2 2524.49 565.214 64.763
 20711.1 19516.1 4125.43 470.751 114.419
 29765.7 8789.48 3082.09 369.479 50.0369
 54175.5 14273.2 3382.29 1045.35 140.834
 38833.7 26738.1 6777.51 1570.84 549.91
 75091.8 18190.2 8672.97 1780.48 547.588
 72633 35925.4 6883.54 2868.87 761.654
 96691.2 33592.8 10622.1 1574.46 813.168
 113947 44347.8 9345.62 2218.15 486.964
 63590.8 53439.3 14513.5 2487.99 708.129
 44440.4 28437.8 12363.3 2300.44 491.172
 48264.6 20082.1 7099.04 2195.62 482.189
 25733.8 20454.2 3139.34 626.193 225.431
 14737.8 9333.9 1027.84 50.7498 12.5453
 12932.8 5150.83 357.851 11.0877 0.615624
 9292.9 5580.81 918.636 38.4402 1.20657
 11275.1 4160.51 1301.88 147.423 6.17281
 12201.7 5204.22 1212.15 291.29 33.6397
 19011.7 5719.11 1696.02 320.681 84.5175
 25105.7 8891.23 1833.82 437.935 102.792
 31256.2 12127.4 3609.6 673.808 197.07
 50079 15012.5 4722.86 1246.34 297.757
 71023.1 23875.6 5538.95 1504.18 485.911
 38016.3 33879.3 8843.91 1774.55 630.051
 42405.8 18278.6 13295.3 3088.84 831.853
 51680.5 20441.7 7309.07 4775.74 1396.04
pred_Ctot
 2404.4 3985.28 1666.45 199.572 0.116955
 2670.69 5738.31 1197.74 272.717 31.2762
 2185.29 10201 2666.29 307.918 74.8888
 737.157 1443.81 718.158 88.0256 11.935
 238.594 450.638 158.115 50.1363 6.7638
 1589.77 6833.37 2380.25 562.675 197.185
 1979.82 3161.91 2131.59 447.308 137.731
 3600.14 10767.2 2789.89 1184.47 314.774
 5336 10980.8 4648.02 701.287 362.537
 4569.76 11137.5 3230.43 782.113 171.884
 4575.71 21433.4 7571.78 1318.41 375.555
 2892.37 10575.3 6049.43 1144.29 244.534
 5134.74 10552.1 4606.75 1441.85 316.85
 5080.18 14879.5 2564.45 514.532 185.29
 3203.3 7049.44 859.616 42.6606 10.5484
 1228.51 2513.81 219.193 6.88057 0.382293
 661.743 2221.08 476.147 20.2395 0.635812
 574.234 1274.84 538.11 62.0617 2.60114
 494.144 1317.89 422.174 103.481 11.9631
 798.82 1494.15 607.659 117.167 30.9123
 492.81 1180.38 348.988 85.2841 20.0425
 738.322 1908.35 807.582 154.166 45.143
 1441.22 2822.66 1249.49 336.927 80.5858
 2017.27 4436.73 1449.39 402.211 130.08
 870.116 5179.99 1925.41 395.134 140.46
 894.174 2592.35 2694.86 640.523 172.709
 1130.66 2998.96 1530.02 1022.64 299.299
F
 0.0982237 0.716225 1.07082 1.09947 1.10102
 0.0898434 0.655118 0.979464 1.00567 1.00709
 0.157113 1.14563 1.71283 1.75866 1.76114
 0.0349711 0.255002 0.381252 0.391452 0.392004
 0.00614054 0.0447755 0.0669436 0.0687347 0.0688316
 0.0584052 0.425878 0.636728 0.653763 0.654685
 0.037268 0.27175 0.406292 0.417162 0.417751
 0.0711086 0.518508 0.775219 0.79596 0.797083
 0.0794597 0.579403 0.866262 0.889439 0.890693
 0.0571856 0.416984 0.623431 0.640111 0.641014
 0.104751 0.763818 1.14198 1.17253 1.17419
 0.0943198 0.687759 1.02826 1.05578 1.05726
 0.15851 1.15582 1.72806 1.77429 1.77679
 0.314153 2.29073 3.42486 3.51649 3.52145
 0.351258 2.56129 3.82938 3.93183 3.93737
 0.140435 1.02402 1.53101 1.57197 1.57419
 0.103614 0.755527 1.12959 1.15981 1.16144
 0.0731287 0.533238 0.797242 0.818572 0.819726
 0.0577614 0.421183 0.629709 0.646556 0.647468
 0.0599868 0.437411 0.653971 0.671467 0.672414
 0.0276294 0.201467 0.301213 0.309272 0.309708
 0.0333321 0.24305 0.363383 0.373106 0.373632
 0.0407419 0.297081 0.444164 0.456048 0.456691
 0.0402001 0.29313 0.438257 0.449983 0.450617
 0.032282 0.235393 0.351935 0.361351 0.36186
 0.029707 0.216617 0.323862 0.332527 0.332996
 0.0308376 0.224861 0.336189 0.345183 0.34567
Np
 24383.8 11613.7 9115.27 2554.28 1058.28
YTP_r0W_actual
 9158.32 72874.6 50184.8 41110.2 13678
YTP_p0W_proyectada
 6178.78 109892 70866.6 28951.5 29123.2
 6178.78 51287.5 79681.2 28516 13580.5
CTP_r0_actual
 1130.66 2998.96 1530.02 1022.64 299.299
CTP_p0_proyectada
 718.463 4777.93 2187.24 714.852 626.306
 718.463 2229.89 2459.3 704.099 292.053
Wmedp
 8.6 23 32.4 40.5 46.5
nmprior
 10.8 10.6 4.6 0
nm_flota  nm_reclas  nm_pelaces    nm_pelaL
inf 23.2334 18.4656 79.35
cv_recla  cv_pelaces  cv_mph
0.698823 0.408827 0.635244
 ------------------------------------------------
Talla a la edad & desviaci?n 
 7.2 14.2025 17.0495 18.207 18.6776
 1.08 2.13037 2.55742 2.73105 2.80164
