years
 1997 1998 1999 2000 2001 2002 2003 2004 2005 2006 2007 2008 2009 2010 2011 2012 2013 2014 2015 2016 2017 2018 2019 2020 2021 2022 2023
reclasobs
 0 0 0 370054 412103 1.49427e+06 250295 1.28982e+06 931140 785840 897777 1.04006e+06 184774 17550 25797 100020 73551 82996 120727 218422 84188 347160 605670 569463 516374 1.08416e+06 1.01767e+06
reclaspred
 426873 118924 357171 254887 383187 477188 1.03276e+06 692135 760731 715291 578868 387317 234358 98702.1 63594.9 65258.6 80646.7 112092 124818 174621 256671 238652 408762 545972 726887 718679 708174
pelacesobs
 0 0 0 0 0 0 0 0 0 2.06254e+06 1.5e+06 0 1.87456e+06 323000 250000 174000 83755 137374 0 501740 490994 745055 786931 1.00524e+06 1.33801e+06 1.41789e+06 1.42762e+06
pelacespred
 1.81488e+06 376262 761242 801898 1.06296e+06 1.01282e+06 2.7062e+06 2.15093e+06 2.15285e+06 2.00996e+06 1.39004e+06 960098 591328 196180 135771 146010 188426 271802 297677 420984 702339 611395 861350 1.31734e+06 1.69294e+06 1.8176e+06 1.77509e+06
mphobs
 0 0 0 0 0 112323 0 153150 637223 0 255016 313432 73983 77613 109348 50772 17779 17303 59886 28197 0 207744 136588 643089 65757 70829 0
mphpred
 122990 73953.3 91503.4 105355 116210 185894 274737 330163 279028 283107 270233 184939 112212 58015.4 25234.5 22040.5 26510.9 35963.7 46439.2 54845.3 82384.7 98734.6 123152 174465 262139 294672 281365
desembarqueobs
 350755 77701 442110 56441 14545 235359 269955 359681 431902 328805 639364 411747 362871 311530 167758 66681 60226 58785 57116 73181 50977 67692 138656 160484 209506 203330 187013
desembarquepred
 350770 77706.2 442171 56444.8 14545.3 235434 270014 359728 432001 328860 639598 411977 363171 311887 167715 66690.8 60256.4 58788.8 57110.8 73184.1 50979.8 67687.5 138665 160501 209509 203327 187013
Reclutas
 43308.6 52534.6 31640.1 46192.7 78763 58326.5 96851.6 90508.3 112203 117167 63851.3 41937.1 44920.6 24009.1 16087.1 15978.5 12024.7 14630.7 16582.9 26799.9 34118.9 43574.8 69837.3 98597.5 54753.6 63595.6 80592.1
log_desv_Rt
 -0.0238928 0.169228 -0.337821 0.0405764 0.574199 0.273812 0.780935 0.713196 0.928064 0.971358 0.364312 -0.056073 0.0126513 -0.613812 -1.01422 -1.021 -1.30528 -1.10913 -0.983873 -0.503848 -0.262394 -0.0177658 0.453924 0.798802 0.210598 0.3603 0.597156
SSB
 488694 293850 363584 418623 461754 738641 1.09165e+06 1.31189e+06 1.1087e+06 1.12491e+06 1.07376e+06 734846 445871 230521 100268 87576.8 105340 142900 184524 217925 327351 392317 489337 693228 1.04159e+06 1.17086e+06 1.11799e+06
BT
 1.77699e+06 440305 864841 716972 881982 1.01773e+06 2.40084e+06 2.17446e+06 2.15921e+06 1.96432e+06 1.71643e+06 1.1627e+06 835637 450429 248116 173789 203389 269846 292858 404833 617508 565570 803785 1.21334e+06 1.55014e+06 1.66622e+06 1.62039e+06
Ftot
 0.857671 0.693124 1.03621 0.194588 0.0364599 0.357087 0.218688 0.438803 0.497795 0.39433 0.800183 0.730331 1.20349 2.37419 2.61923 1.01687 0.708455 0.469234 0.373333 0.377452 0.177183 0.222988 0.269371 0.261873 0.213894 0.194108 0.191421
BD_Bspro_t
 0.920401 0.678961 0.631032 0.485317 0.634588 0.782973 0.743988 0.755693 0.693208 0.654967 0.617568 0.453223 0.338809 0.233637 0.130228 0.138743 0.214967 0.344276 0.462398 0.563074 0.682819 0.772393 0.779955 0.786412 0.805722 0.777339 0.761957
BD_Bspro
 0.531832 0.319789 0.395679 0.455576 0.502514 0.803844 1.18802 1.42769 1.20657 1.22421 1.16854 0.799714 0.485229 0.25087 0.109119 0.0953075 0.114638 0.155514 0.200812 0.237162 0.356248 0.426948 0.532532 0.754421 1.13354 1.27422 1.21668
BD_Bo
 0.371524 0.223396 0.276411 0.318254 0.351043 0.561544 0.829918 0.997347 0.84288 0.855202 0.816313 0.558659 0.338968 0.175251 0.0762277 0.0665793 0.0800833 0.108638 0.140282 0.165675 0.248865 0.298255 0.372013 0.527019 0.791861 0.890136 0.849941
BD_Brms
 0.675498 0.406175 0.502565 0.578643 0.63826 1.02099 1.50894 1.81336 1.53251 1.55491 1.48421 1.01574 0.616306 0.318639 0.138596 0.121053 0.145606 0.197524 0.255058 0.301227 0.452483 0.542281 0.676387 0.958216 1.43975 1.61843 1.54535
S_f
 0.118457 0.718556 0.979802 0.998916 0.999943
 0.118457 0.718556 0.979802 0.998916 0.999943
 0.118457 0.718556 0.979802 0.998916 0.999943
 0.118457 0.718556 0.979802 0.998916 0.999943
 0.118457 0.718556 0.979802 0.998916 0.999943
 0.118457 0.718556 0.979802 0.998916 0.999943
 0.118457 0.718556 0.979802 0.998916 0.999943
 0.118457 0.718556 0.979802 0.998916 0.999943
 0.118457 0.718556 0.979802 0.998916 0.999943
 0.118457 0.718556 0.979802 0.998916 0.999943
 0.118457 0.718556 0.979802 0.998916 0.999943
 0.118457 0.718556 0.979802 0.998916 0.999943
 0.118457 0.718556 0.979802 0.998916 0.999943
 0.118457 0.718556 0.979802 0.998916 0.999943
 0.118457 0.718556 0.979802 0.998916 0.999943
 0.118457 0.718556 0.979802 0.998916 0.999943
 0.118457 0.718556 0.979802 0.998916 0.999943
 0.118457 0.718556 0.979802 0.998916 0.999943
 0.118457 0.718556 0.979802 0.998916 0.999943
 0.118457 0.718556 0.979802 0.998916 0.999943
 0.118457 0.718556 0.979802 0.998916 0.999943
 0.118457 0.718556 0.979802 0.998916 0.999943
 0.118457 0.718556 0.979802 0.998916 0.999943
 0.118457 0.718556 0.979802 0.998916 0.999943
 0.118457 0.718556 0.979802 0.998916 0.999943
 0.118457 0.718556 0.979802 0.998916 0.999943
 0.118457 0.718556 0.979802 0.998916 0.999943
Scru_reclas
 0.782142 1 1 1 1
 0.782142 1 1 1 1
 0.782142 1 1 1 1
 0.782142 1 1 1 1
 0.782142 1 1 1 1
 0.782142 1 1 1 1
 0.782142 1 1 1 1
 0.782142 1 1 1 1
 0.782142 1 1 1 1
 0.782142 1 1 1 1
 0.782142 1 1 1 1
 0.782142 1 1 1 1
 0.782142 1 1 1 1
 0.782142 1 1 1 1
 0.782142 1 1 1 1
 0.782142 1 1 1 1
 0.782142 1 1 1 1
 0.782142 1 1 1 1
 0.782142 1 1 1 1
 0.782142 1 1 1 1
 0.782142 1 1 1 1
 0.782142 1 1 1 1
 0.782142 1 1 1 1
 0.782142 1 1 1 1
 0.782142 1 1 1 1
 0.782142 1 1 1 1
 0.782142 1 1 1 1
Scru_pelaces
 1 1 1 1 1
 1 1 1 1 1
 1 1 1 1 1
 1 1 1 1 1
 1 1 1 1 1
 1 1 1 1 1
 1 1 1 1 1
 1 1 1 1 1
 1 1 1 1 1
 1 1 1 1 1
 1 1 1 1 1
 1 1 1 1 1
 1 1 1 1 1
 1 1 1 1 1
 1 1 1 1 1
 1 1 1 1 1
 1 1 1 1 1
 1 1 1 1 1
 1 1 1 1 1
 1 1 1 1 1
 1 1 1 1 1
 1 1 1 1 1
 1 1 1 1 1
 1 1 1 1 1
 1 1 1 1 1
 1 1 1 1 1
 1 1 1 1 1
pf_obs 
 0.256992 0.487395 0.22802 0.0275931 0
 0.321318 0.546541 0.124235 0.00734118 0.000564706
 0.182869 0.594174 0.210203 0.0122559 0.00049798
 0.330522 0.361315 0.267642 0.0388342 0.00168674
 0.649043 0.306663 0.0425973 0.00169635 0
 0.582887 0.30429 0.105238 0.00758474 0
 0.465427 0.430635 0.0974691 0.00646863 0
 0.296916 0.608066 0.0921331 0.00288517 0
 0.311714 0.524322 0.152257 0.0117073 0
 0.15457 0.633149 0.183074 0.0267441 0.00246327
 0.131901 0.49318 0.331252 0.0422183 0.00144891
 0.196976 0.569456 0.194076 0.0375587 0.00193317
 0.518974 0.381816 0.0799577 0.0180837 0.00116848
 0.0928022 0.601141 0.25162 0.0475244 0.00691264
 0.122501 0.610282 0.24278 0.0234846 0.000952079
 0.383417 0.481906 0.127806 0.00687128 0
 0.0376549 0.599619 0.316969 0.0457579 0
 0.0361596 0.667082 0.258105 0.0386534 0
 0.158088 0.579412 0.248529 0.0139706 0
 0.0477256 0.309471 0.559284 0.082774 0.000745712
 0.0406174 0.521527 0.379366 0.0568643 0.0016247
 0.151134 0.462217 0.34131 0.0453401 0
 0.294876 0.26143 0.354403 0.0886775 0.000613685
 0.281977 0.475581 0.204845 0.0348837 0.00271318
 0.0841818 0.532909 0.334909 0.0458182 0.00218182
 0.115287 0.27431 0.454777 0.147771 0.00785563
 0.0989387 0.350907 0.424855 0.114687 0.0106128
pf_pred 
 0.349702 0.446979 0.181868 0.0214359 1.46281e-05
 0.297005 0.559757 0.110702 0.0291908 0.00334517
 0.171443 0.61303 0.184332 0.0242555 0.00693937
 0.257311 0.446296 0.242841 0.0460062 0.00754521
 0.275491 0.471036 0.171218 0.0676424 0.0146123
 0.152037 0.561568 0.205062 0.0552777 0.0260555
 0.235722 0.387174 0.277649 0.0716694 0.0277856
 0.186376 0.523098 0.17105 0.0884561 0.0310205
 0.223357 0.453755 0.233473 0.0531576 0.0362567
 0.20815 0.511435 0.188477 0.0669308 0.0250079
 0.125377 0.541809 0.241024 0.0621664 0.0296237
 0.128514 0.446433 0.303854 0.0884596 0.0327399
 0.216469 0.417554 0.225351 0.101317 0.0393084
 0.20264 0.587798 0.137617 0.0448842 0.0270617
 0.292406 0.564396 0.122692 0.0137086 0.0067982
 0.332175 0.57579 0.0825716 0.00817267 0.001291
 0.208536 0.619411 0.156358 0.0141251 0.00156923
 0.237826 0.480158 0.238081 0.040025 0.00391069
 0.223541 0.510418 0.189243 0.0650727 0.0117249
 0.279704 0.45256 0.196192 0.0512258 0.0203188
 0.242872 0.52463 0.164373 0.0502258 0.0178998
 0.224091 0.488324 0.217833 0.04961 0.0201415
 0.264747 0.451859 0.199184 0.0641122 0.0200986
 0.25772 0.49755 0.169191 0.0534334 0.0221062
 0.116594 0.579842 0.224761 0.0548419 0.0239616
 0.147729 0.355066 0.361221 0.101232 0.0347525
 0.184894 0.408539 0.202293 0.149245 0.0550282
pobs_RECLAS
 0 0 0 0 0
 0 0 0 0 0
 0 0 0 0 0
 0 0 0 0 0
 0.835266 0.146461 0.0176864 0.000547809 3.91292e-05
 0.385257 0.428462 0.181853 0.0044286 0
 0.867414 0.0963971 0.0333333 0.00285562 0
 0.441836 0.489002 0.0689373 0.000224442 0
 0.779404 0.147425 0.0564933 0.0165055 0.000172143
 0.814271 0.122319 0.05973 0.00367925 0
 0.40263 0.566651 0.0304383 0.000280538 0
 0.475488 0.404961 0.113038 0.00651328 0
 0.955842 0.0263864 0.0167828 0.000988607 0
 0.975058 0.0227948 0.00214734 0 0
 0.738997 0.206755 0.0527124 0.00153531 0
 0.850938 0.134255 0.0134407 0.00136685 0
 0.542534 0.407297 0.0501686 0 0
 0.764087 0.199537 0.0359546 0.000420521 0
 0.470689 0.182191 0.310203 0.0369168 0
 0.84361 0.089868 0.0606195 0.00523954 0.000663233
 0.607945 0.314616 0.071237 0.00620181 0
 0.523733 0.453247 0.0230204 0 0
 0.530135 0.295979 0.169645 0.0042399 0
 0.562478 0.366248 0.0663022 0.0049721 0
 0.250443 0.683176 0.0655157 0.000865301 0
 0.195077 0.31981 0.436473 0.0351445 0.0134964
 0.565238 0.351407 0.0832357 0.000118908 0
ppred_RECLAS
 0.745576 0.192109 0.0558646 0.00644535 4.39338e-06
 0.687548 0.264056 0.0375799 0.00970535 0.00111097
 0.52957 0.376838 0.0803025 0.0103364 0.00295371
 0.650073 0.235869 0.0937821 0.0174223 0.00285435
 0.666234 0.239786 0.0638841 0.0247544 0.00534203
 0.487814 0.37412 0.0994228 0.0262727 0.0123707
 0.630466 0.216402 0.113336 0.0286864 0.0111099
 0.551743 0.320209 0.07602 0.0385306 0.0134978
 0.612198 0.256355 0.0955882 0.0213275 0.014531
 0.584497 0.297642 0.0797431 0.0277574 0.0103602
 0.443028 0.387452 0.123491 0.0311849 0.0148436
 0.457353 0.322995 0.157967 0.045036 0.0166497
 0.621094 0.235299 0.0892089 0.039206 0.0151924
 0.617073 0.31176 0.0472126 0.0149527 0.00900114
 0.725643 0.236524 0.0325596 0.00352663 0.00174598
 0.722261 0.249511 0.0253823 0.00245769 0.000387778
 0.579621 0.350495 0.0636305 0.00562962 0.00062473
 0.627427 0.261511 0.0940535 0.0154961 0.00151244
 0.605216 0.286704 0.0773252 0.0260638 0.00469125
 0.676014 0.226882 0.0715397 0.01831 0.00725501
 0.625837 0.283009 0.0648176 0.0194219 0.00691452
 0.606 0.27591 0.0898782 0.020071 0.00814027
 0.658888 0.234474 0.0753939 0.0237933 0.00745116
 0.646711 0.26041 0.0646054 0.0200052 0.00826778
 0.410689 0.426904 0.120866 0.0289183 0.0126219
 0.496395 0.249588 0.185542 0.0509891 0.0174861
 0.557053 0.257519 0.0931832 0.0674141 0.0248303
pobs_PELACES
 0 0 0 0 0
 0 0 0 0 0
 0 0 0 0 0
 0 0 0 0 0
 0 0 0 0 0
 0 0 0 0 0
 0 0 0 0 0
 0 0 0 0 0
 0 0 0 0 0
 0 0 0 0 0
 0.450072 0.473896 0.0757376 0.000293798 0
 0 0 0 0 0
 0.463077 0.371075 0.160297 0.00555027 0
 0.529543 0.364841 0.0842815 0.0213345 0
 0.631943 0.363953 0.00410389 0 0
 0.735681 0.248677 0.0153453 0.000297389 0
 0.695825 0.281241 0.0229344 0 0
 0.275771 0.60734 0.115278 0.00161068 0
 0 0 0 0 0
 0.896147 0.0623911 0.0374545 0.00400742 0
 0.803859 0.145111 0.0509908 3.86294e-05 0
 0.739449 0.233085 0.0266225 0.000797448 4.60066e-05
 0.878498 0.100942 0.0204185 0.000141795 0
 0.694673 0.275183 0.0284847 0.00165964 0
 0.469039 0.446079 0.0841089 0.000773354 0
 0.822795 0.102175 0.0682046 0.00682512 0
 0.69333 0.244118 0.0624202 0.000131731 0
ppred_PELACES
 0.818833 0.139243 0.0376054 0.0043153 2.9406e-06
 0.765097 0.200347 0.0268591 0.00690635 0.000790384
 0.642599 0.291298 0.0567697 0.00725965 0.00207379
 0.71282 0.194643 0.0761031 0.0141206 0.00231328
 0.720117 0.201257 0.0534508 0.0207068 0.00446851
 0.568578 0.317777 0.0818893 0.0215907 0.0101649
 0.696601 0.179086 0.0920402 0.0232642 0.00900926
 0.634439 0.264018 0.060353 0.0305052 0.0106848
 0.693278 0.205746 0.0734945 0.0163466 0.0111355
 0.662583 0.244075 0.0632059 0.0219464 0.0081902
 0.548893 0.320436 0.0953236 0.0239506 0.011397
 0.560912 0.26811 0.123123 0.0349407 0.0129143
 0.734455 0.171478 0.0586052 0.0255613 0.00990106
 0.773615 0.191031 0.0235748 0.00735539 0.0044242
 0.853906 0.129593 0.0142337 0.00151644 0.0007501
 0.803991 0.177614 0.0165518 0.00159241 0.000251167
 0.671989 0.27622 0.0471752 0.00415515 0.000460995
 0.705132 0.209472 0.0723507 0.0118851 0.00115982
 0.680438 0.234147 0.0611503 0.0205633 0.00370074
 0.743799 0.181185 0.0553016 0.0141204 0.00559422
 0.689757 0.23555 0.0531301 0.0159021 0.00566107
 0.673978 0.22964 0.0733814 0.016364 0.00663631
 0.724074 0.191066 0.0600262 0.0189113 0.00592176
 0.712634 0.213097 0.0516872 0.0159786 0.00660309
 0.483032 0.376429 0.104628 0.0249995 0.0109106
 0.569132 0.215378 0.157453 0.043217 0.0148198
 0.62714 0.218323 0.0777071 0.0561499 0.0206801
pobs_pel_tallas
 0 0 0 0 0 0 0 0 0 0 0 0 0 0 0 0 0 0 0 0 0 0 0 0 0 0 0 0 0 0 0 0 0 0 0 0
 0 0 0 0 0 0 0 0 0 0 0 0 0 0 0 0 0 0 0 0 0 0 0 0 0 0 0 0 0 0 0 0 0 0 0 0
 0 0 0 0 0 0 0 0 0 0 0 0 0 0 0 0 0 0 0 0 0 0 0 0 0 0 0 0 0 0 0 0 0 0 0 0
 0 0 0 0 0 0 0 0 0 0 0 0 0 0 0 0 0 0 0 0 0 0 0 0 0 0 0 0 0 0 0 0 0 0 0 0
 0 0 0 0 0 0 0 0 0 0 0 0 0 0 0 0 0 0 0 0 0 0 0 0 0 0 0 0 0 0 0 0 0 0 0 0
 0 0 0 0 0 0 0 0 0 0 0 0 0 0 0 0 0 0 0 0 0 0 0 0 0 0 0 0 0 0 0 0 0 0 0 0
 0 0 0 0 0 0 0 0 0 0 0 0 0 0 0 0 0 0 0 0 0 0 0 0 0 0 0 0 0 0 0 0 0 0 0 0
 0 0 0 0 0 0 0 0 0 0 0 0 0 0 0 0 0 0 0 0 0 0 0 0 0 0 0 0 0 0 0 0 0 0 0 0
 0 0 0 0 0 0 0 0 0 0 0 0 0 0 0 0 0 0 0 0 0 0 0 0 0 0 0 0 0 0 0 0 0 0 0 0
 0 0 0 0 0 0 0 0 0 0 0 0 0 0 0 0 0 0 0 0 0 0 0 0 0 0 0 0 0 0 0 0 0 0 0 0
 0 0 0 0 0 0 0 0 1.78061e-05 0.00172719 0.00360574 0.0105946 0.0120993 0.0124554 0.0147524 0.0171206 0.0266825 0.0428682 0.0675386 0.121331 0.153587 0.119568 0.100827 0.0573624 0.0630603 0.0341343 0.0324427 0.0444173 0.0211091 0.0280891 0.0125444 0.00206551 0 0 0 0
 0 0 0 0 0 0 0 0 0 0 0 0 0 0 0 0 0 0 0 0 0 0 0 0 0 0 0 0 0 0 0 0 0 0 0 0
 0 0 0 0 0 0 0.0133647 0.0140871 0.0187388 0.0205184 0.03894 0.0496705 0.03968 0.0493445 0.0407372 0.0367815 0.0215668 0.0243155 0.0234873 0.0199281 0.019796 0.0243948 0.0301388 0.0376714 0.0412746 0.0863199 0.0771752 0.113111 0.0741005 0.0525337 0.0229764 0.00759418 0.00175318 0 0 0
 0 0 0 0 0 0 0 0 0 0 0.00219441 0.00772107 0.0458388 0.0604681 0.0671733 0.0775358 0.0609151 0.0617685 0.073594 0.0568108 0.0755445 0.0548602 0.0670107 0.0636378 0.0643287 0.046367 0.0373049 0.0286899 0.0247887 0.0153202 0.00654259 0.00121912 0.000365735 0 0 0
 0 0 0 0 0 0 0 0 0 0 0 0 0.000112435 0.00938835 0.0111873 0.0202946 0.0414886 0.0713402 0.111592 0.104902 0.108894 0.110636 0.117776 0.105296 0.107544 0.0401394 0.0192827 0.0124803 0.00416011 0.0028671 0.000618394 0 0 0 0 0
 0 0 0 0 0 0 0 0 0 0 0.00291406 0.0102884 0.027416 0.0768956 0.0749926 0.110853 0.0956884 0.0897413 0.0766577 0.0534642 0.0500743 0.0551293 0.0594112 0.0620874 0.0668451 0.0424026 0.0208742 0.0120726 0.0048766 0.00582813 0.00118941 0.000297354 0 0 0 0
 0 0.00264628 0.0354308 0.0461629 0.0458689 0.0383711 0.0214643 0.0164657 0.0346957 0.0420465 0.0363128 0.0245516 0.0311673 0.0291091 0.0169068 0.0133784 0.00837989 0.0085269 0.0148486 0.0160247 0.0276389 0.0546898 0.0760071 0.122758 0.109233 0.0665981 0.0333725 0.0166128 0.00676272 0.00308733 0.000882094 0 0 0 0 0
 0 0 0 0 0 0 0 0.000805153 0.000690131 0.00759144 0.0133425 0.0154129 0.00931677 0.000345066 0.00356568 0.00563607 0.00851162 0.0253048 0.0502646 0.0516448 0.0657925 0.0565908 0.0611916 0.0827007 0.0866115 0.110766 0.145733 0.0935128 0.0569358 0.0249597 0.0138026 0.00621118 0.00161031 0.00115022 0 0
 0 0 0 0 0 0 0 0 0 0 0 0 0 0 0 0 0 0 0 0 0 0 0 0 0 0 0 0 0 0 0 0 0 0 0 0
 0.00147267 0.00158595 0.00478618 0.00569244 0.00954404 0.0108468 0.00647125 0.017049 0.0510054 0.094081 0.124002 0.0959785 0.0687766 0.0820023 0.061753 0.0591476 0.0492212 0.0479892 0.0443925 0.0268479 0.0217502 0.0140895 0.0121071 0.0120363 0.00920419 0.00665534 0.0049561 0.00860946 0.00930331 0.0156896 0.0114698 0.00855282 0.00243557 0.00046729 0 2.83206e-05
 0 0 0 0 0.000772559 0.00158375 0.000888443 0.00281984 0.00712685 0.0440552 0.0773331 0.111326 0.0921469 0.0852325 0.0710754 0.0886704 0.0786465 0.0553345 0.0373146 0.0185414 0.00753245 0.00457741 0.012979 0.0271748 0.0457355 0.0583668 0.034881 0.0177882 0.00938659 0.00492506 0.0015258 0.00185414 0.000309023 5.79419e-05 3.86279e-05 0
 0 0.00173294 0.00326652 0 0.00397197 0.00683976 0.00946217 0.0152591 0.00757587 0.0136028 0.0228656 0.0392903 0.0559909 0.0764795 0.0681675 0.0726916 0.0566044 0.0477403 0.0527397 0.0444891 0.0609904 0.0582453 0.0661739 0.0445044 0.0529084 0.0360697 0.0280645 0.0235558 0.0158879 0.00826598 0.00280645 0.00217768 0.000904811 0.00058276 9.20147e-05 0
 0 0 0 0 0 0 0 0 0 0 0 0 0 0 0 0 0 0 0 0 0 0 0 0 0 0 0 0 0 0 0 0 0 0 0 0
 0 0 0 0 0 0 0 0 0 0 0 0 0 0 0 0 0 0 0 0 0 0 0 0 0 0 0 0 0 0 0 0 0 0 0 0
 0 0 0 0 0 0 0 0 0 0 0 0 0 0 0 0 0 0 0 0 0 0 0 0 0 0 0 0 0 0 0 0 0 0 0 0
 0 0 0 0 0 0 0 0 0 0 0 0 0 0 0 0 0 0 0 0 0 0 0 0 0 0 0 0 0 0 0 0 0 0 0 0
 0 0 0 0 0 0 0 0 0 0 0 0 0 0 0 0 0 0 0 0 0 0 0 0 0 0 0 0 0 0 0 0 0 0 0 0
ppred_pel_tallas
 1.00728e-16 3.57233e-05 0.000209676 0.000996721 0.00383746 0.0119668 0.0302271 0.0618483 0.102519 0.137675 0.149806 0.13211 0.094504 0.0550228 0.0264595 0.0112388 0.0054378 0.00444612 0.00544108 0.00719164 0.00921194 0.0112304 0.0130093 0.0143314 0.0150359 0.0150535 0.0144194 0.013259 0.0117532 0.0100937 0.00844488 0.00692147 0.00558403 0.00444881 0.00350409 0.00272586
 1.00721e-16 3.33826e-05 0.000195928 0.000931352 0.00358575 0.0111818 0.0282444 0.057792 0.0957973 0.128655 0.140007 0.123508 0.0884358 0.0516616 0.0251645 0.0112401 0.0062511 0.00590827 0.0075717 0.0100583 0.0128463 0.0155842 0.0179375 0.019599 0.0203482 0.0201015 0.0189307 0.0170401 0.0147122 0.0122405 0.00987134 0.00776966 0.00601276 0.00460617 0.00351025 0.00266655
 1.01248e-16 2.80449e-05 0.000164582 0.000782311 0.00301188 0.0093922 0.0237241 0.0485438 0.0804711 0.108083 0.11765 0.103857 0.0745219 0.0438492 0.021949 0.0108062 0.00742252 0.00823637 0.0110367 0.0147835 0.0189301 0.0230171 0.026567 0.029132 0.0303848 0.0301935 0.0286494 0.0260349 0.0227469 0.0192017 0.0157517 0.0126371 0.0099768 0.0077903 0.00603414 0.00463804
 1.01738e-16 3.1103e-05 0.000182545 0.000867727 0.00334078 0.0104179 0.0263148 0.0538439 0.0892532 0.119868 0.130448 0.115083 0.0824222 0.0481865 0.0235441 0.0106428 0.00610566 0.00594917 0.00772669 0.0103465 0.0133285 0.0163442 0.0190723 0.0212079 0.0225177 0.0228886 0.0223476 0.0210437 0.0192021 0.0170663 0.0148486 0.0127012 0.0107117 0.00891589 0.00731838 0.00591096
 1.01745e-16 3.14214e-05 0.000184414 0.00087661 0.00337498 0.0105246 0.0265842 0.0543951 0.0901671 0.121095 0.131784 0.116264 0.0832702 0.0486875 0.023798 0.0107718 0.00619637 0.00604544 0.00784323 0.0104807 0.0134649 0.0164559 0.0191224 0.0211544 0.0223201 0.0225168 0.0217896 0.0203108 0.0183291 0.0161075 0.0138689 0.011766 0.00987723 0.00822167 0.00678388 0.0055361
 1.02483e-16 2.48184e-05 0.000145637 0.000692239 0.00266506 0.00831067 0.0209923 0.0429546 0.0712077 0.0956473 0.104129 0.091958 0.0660639 0.0390344 0.0198401 0.0102677 0.00769609 0.00899905 0.01223 0.0164537 0.0211418 0.0258146 0.0299587 0.0330856 0.0348312 0.0350364 0.033778 0.0313352 0.0281093 0.0245236 0.0209375 0.0175973 0.0146285 0.0120601 0.00986311 0.0079868
 1.02586e-16 3.03951e-05 0.000178391 0.00084798 0.00326475 0.0101808 0.0257159 0.0526184 0.0872216 0.117139 0.127476 0.112457 0.0805316 0.047062 0.0229596 0.0103214 0.00584624 0.00564349 0.00732865 0.00984712 0.0127477 0.0157311 0.0185049 0.0207873 0.0223556 0.0230902 0.0229928 0.0221723 0.0208054 0.0190875 0.0171916 0.0152447 0.0133261 0.0114788 0.00972648 0.00808762
 1.02491e-16 2.7688e-05 0.00016249 0.000772367 0.0029736 0.00927284 0.0234226 0.0479267 0.0794474 0.106707 0.116147 0.102518 0.0735353 0.0432172 0.0215379 0.0104491 0.00698419 0.00762455 0.0101935 0.0136816 0.0175795 0.0214738 0.0249374 0.0275668 0.0290623 0.0292942 0.0283271 0.0263916 0.0238173 0.0209494 0.018078 0.0153979 0.013004 0.0109129 0.00909615 0.00751125
 1.02193e-16 3.02513e-05 0.000177544 0.000843948 0.00324922 0.0101324 0.0255936 0.0523683 0.0868078 0.116585 0.126879 0.111945 0.0801953 0.0469267 0.0230072 0.0105335 0.00622856 0.00622404 0.00814152 0.0109137 0.0140604 0.0172417 0.020121 0.0223788 0.0237718 0.024184 0.0236469 0.0223196 0.02044 0.0182628 0.0160069 0.013826 0.0118043 0.0099715 0.00832592 0.00685509
 1.02114e-16 2.89143e-05 0.000169691 0.000806609 0.00310544 0.009684 0.0244611 0.0500514 0.0829686 0.111433 0.121284 0.107034 0.0767348 0.0450174 0.0222864 0.0105655 0.0067421 0.00713145 0.00945879 0.0126819 0.0162959 0.0199103 0.0231274 0.0255719 0.026964 0.0271802 0.0262773 0.0244661 0.0220504 0.0193507 0.0166384 0.0140986 0.0118254 0.00984033 0.00812242 0.00663557
 1.02814e-16 2.39601e-05 0.000140598 0.000668283 0.00257283 0.00802303 0.0202657 0.041468 0.0687438 0.0923392 0.100531 0.0887898 0.0638074 0.0377408 0.0192562 0.0100864 0.00770939 0.0091147 0.0124273 0.0167429 0.0215431 0.0263498 0.0306465 0.0339392 0.035856 0.0362283 0.0351222 0.0328063 0.0296719 0.0261346 0.022549 0.0191606 0.0160986 0.0133996 0.0110453 0.00899736
 1.0364e-16 2.44821e-05 0.000143668 0.000682885 0.00262907 0.00819843 0.0207087 0.042374 0.0702441 0.0943495 0.102707 0.0906801 0.0650982 0.0383686 0.0193277 0.00972367 0.00695929 0.00794784 0.0107817 0.0145721 0.0188539 0.023227 0.0272624 0.0305417 0.0327373 0.0336789 0.033381 0.0320198 0.0298725 0.0272425 0.0243946 0.0215203 0.0187335 0.0160893 0.0136111 0.0113133
 1.02229e-16 3.20453e-05 0.00018808 0.000894045 0.00344212 0.0107339 0.027113 0.0554769 0.0919593 0.123499 0.134393 0.118547 0.0848652 0.0495394 0.0240644 0.0106396 0.00577203 0.00534753 0.00684396 0.0091481 0.0117923 0.0144792 0.0169276 0.0188726 0.0201123 0.0205492 0.0202071 0.019214 0.0177614 0.0160533 0.0142633 0.0125113 0.0108609 0.00933346 0.00792752 0.0066361
 1.00857e-16 3.37537e-05 0.000198107 0.000941714 0.00362565 0.0113063 0.0285587 0.058435 0.0968628 0.130085 0.14156 0.124871 0.0893977 0.0521943 0.0253696 0.0112393 0.00612086 0.00567359 0.00722819 0.00959336 0.0122526 0.0148667 0.0171167 0.0187105 0.0194391 0.0192234 0.0181326 0.0163611 0.0141774 0.0118594 0.0096393 0.00767101 0.00602498 0.0047036 0.00366712 0.00285906
 1.00332e-16 3.72522e-05 0.000218653 0.0010394 0.00400179 0.0124793 0.0315216 0.0644967 0.106908 0.143568 0.156213 0.13775 0.0985155 0.0573112 0.0274708 0.0115135 0.00533795 0.00412694 0.00493117 0.00646736 0.00823752 0.00997563 0.0114577 0.0124844 0.0129141 0.0126952 0.0118777 0.010598 0.00904378 0.0074091 0.00585673 0.0044952 0.00337462 0.00249684 0.00183303 0.0013412
 1.0036e-16 3.50776e-05 0.000205881 0.000978675 0.00376797 0.0117501 0.0296797 0.0607286 0.100664 0.135188 0.147108 0.129752 0.0928644 0.0541624 0.0262214 0.0114377 0.00597331 0.00530876 0.0066669 0.0088152 0.0112327 0.0135925 0.0155942 0.0169658 0.0175147 0.0171718 0.0160086 0.0142152 0.012052 0.00978812 0.00764885 0.00578396 0.00426181 0.00308344 0.00220683 0.00157142
 1.00925e-16 2.93258e-05 0.000172104 0.000818073 0.00314957 0.0098216 0.0248087 0.0507629 0.0841488 0.11302 0.123017 0.108578 0.077872 0.0457457 0.0227595 0.0109751 0.00724327 0.00782865 0.010416 0.0139266 0.0178118 0.0216276 0.0249189 0.0272614 0.0283471 0.0280558 0.0264805 0.0238971 0.0206907 0.0172638 0.0139567 0.0110003 0.00850742 0.00649302 0.00491007 0.00368437
 1.01558e-16 3.07684e-05 0.000180579 0.000858377 0.00330478 0.0103056 0.0260312 0.0532638 0.0882921 0.118578 0.129049 0.113858 0.0815647 0.0477256 0.023394 0.0107015 0.0063139 0.00629452 0.00822165 0.0110064 0.0141566 0.0173226 0.0201585 0.0223375 0.023612 0.0238668 0.02314 0.021603 0.0195095 0.0171319 0.0147061 0.0123994 0.0103052 0.00845699 0.00685112 0.0054684
 1.01824e-16 2.96925e-05 0.000174261 0.000828335 0.0031891 0.00994488 0.0251201 0.0513996 0.0852029 0.114432 0.124544 0.109902 0.0787692 0.0461681 0.022776 0.0106638 0.00662684 0.00687505 0.00907087 0.0121492 0.0156053 0.0190586 0.022126 0.0244463 0.0257508 0.0259209 0.0250119 0.0232275 0.0208618 0.018225 0.0155811 0.0131113 0.0109088 0.00899624 0.00735434 0.0059479
 1.01591e-16 3.24532e-05 0.000190473 0.000905422 0.00348592 0.0108705 0.0274581 0.056183 0.0931298 0.125072 0.136105 0.120061 0.0859564 0.050191 0.0244079 0.0108364 0.00594018 0.00555237 0.00711518 0.00949386 0.0122033 0.0149279 0.0173674 0.0192408 0.0203372 0.0205602 0.0199463 0.0186458 0.0168791 0.0148803 0.0128496 0.0109261 0.00918338 0.00764349 0.00629743 0.00512482
 1.01642e-16 3.00989e-05 0.000176647 0.000839677 0.00323277 0.0100811 0.025464 0.0521034 0.0863695 0.115999 0.126248 0.111404 0.0798419 0.0467889 0.0230673 0.0107742 0.00665902 0.00687707 0.00905631 0.0121151 0.0155408 0.0189481 0.0219507 0.0241864 0.0253881 0.0254427 0.0244135 0.0225151 0.0200525 0.0173463 0.0146676 0.0122005 0.010037 0.00819427 0.00664481 0.0053438
 1.01989e-16 2.94107e-05 0.000172606 0.000820471 0.00315882 0.00985046 0.0248816 0.0509116 0.0843939 0.113346 0.123361 0.108857 0.0780199 0.0457271 0.0225556 0.0105565 0.00655664 0.00680341 0.00898413 0.0120478 0.015499 0.018966 0.0220731 0.0244642 0.0258707 0.026169 0.025403 0.0237618 0.0215231 0.0189827 0.0163949 0.013937 0.0117045 0.00972773 0.00799784 0.00649109
 1.01841e-16 3.15935e-05 0.000185425 0.000881421 0.00339351 0.0105823 0.0267302 0.0546937 0.0906616 0.121758 0.132503 0.116892 0.0837075 0.0489171 0.023862 0.0107196 0.00605495 0.00581754 0.00751948 0.0100521 0.0129318 0.0158332 0.0184417 0.0204614 0.0216689 0.0219612 0.0213735 0.0200609 0.0182511 0.0161865 0.0140746 0.0120591 0.0102167 0.00857092 0.00711462 0.0058297
 1.01661e-16 3.10956e-05 0.0001825 0.000867509 0.00333993 0.0104153 0.0263082 0.0538304 0.0892313 0.11984 0.130421 0.115069 0.082431 0.0482304 0.0236371 0.0108042 0.00636029 0.00632416 0.00824485 0.0110178 0.0141412 0.0172586 0.0200195 0.0220958 0.0232446 0.0233609 0.0224983 0.020846 0.0186749 0.0162702 0.0138731 0.011648 0.0096776 0.00797906 0.00653058 0.00529593
 1.02977e-16 2.10906e-05 0.000123746 0.000588155 0.00226429 0.00706087 0.0178355 0.0364959 0.0605043 0.0812803 0.0885143 0.078231 0.0563387 0.0335629 0.0175666 0.00991828 0.00844116 0.0105168 0.014499 0.0195556 0.0251466 0.0307245 0.0356849 0.0394479 0.0415794 0.0418866 0.0404548 0.0376088 0.0338184 0.0295812 0.0253212 0.0213311 0.017763 0.0146567 0.0119844 0.00969209
 1.04483e-16 2.48385e-05 0.000145765 0.000692864 0.00266751 0.00831831 0.0210115 0.0429931 0.0712688 0.0957212 0.104188 0.0919584 0.0659523 0.0387446 0.0192826 0.00931968 0.00620221 0.00678975 0.00915642 0.0124355 0.0162181 0.0201841 0.0239919 0.0272984 0.0298184 0.0313764 0.0319308 0.0315604 0.0304242 0.0287097 0.0265909 0.024206 0.0216566 0.0190207 0.0163685 0.013772
 1.0407e-16 2.73678e-05 0.000160614 0.000763461 0.00293932 0.00916596 0.0231526 0.0473739 0.0785299 0.105471 0.114793 0.101302 0.0726159 0.0425834 0.0210499 0.00993001 0.00627897 0.00661442 0.00879485 0.0118528 0.0153369 0.0189082 0.0222207 0.0249415 0.0268126 0.0277034 0.0276309 0.0267386 0.0252456 0.0233844 0.02135 0.0192728 0.01722 0.015214 0.0132594 0.0113626
pSPR Fmed_Fpbrs
0.499344   0.6 0.325
Fs Fmed_Fpbrs
0.66   0.43248 1.44434
SSBpbr Bo_Bmed_Bpbrs
1.31538e+06  591056  723457 361728
Ro
44355.9
SPR SPRFo_SPRFmed_SPRFpbrs
918887 458840 298638
log_Ro
10.52
likeval ReclasPelacesDesembMPH_pf_preclas_ppelaces_ptallas_desvR_qrecl_qpela
 62.2458 19.7586 0.0154812 0.000616254 346.749 212.532 58.5039 0 16.1899 2.28032e-05 3.02729e-05 6.04263e-15 0 0 0
q_reclas_q_pelaces
0.508304 2.18755
M
0.7
N
 43308.6 11289.6 3672.16 427.162 0.291296
 52534.6 19428.8 3027.08 786.969 90.1164
 31640.1 24031.5 5863.26 762.216 217.927
 46192.7 13897.1 5667.77 1054.88 172.842
 78763 22415.9 6000.58 2325.97 501.957
 58326.5 38944 10843.6 2875.23 1354.07
 96851.6 27764.5 14962.4 3795.05 1469.94
 90508.3 46865.2 11782.5 5997.04 2101.32
 112203 42668.5 16978.9 3806.37 2594.04
 117167 52527.8 14816.9 5177.02 1932.67
 63851.3 55528.2 19648.4 4999.83 2380.82
 41937.1 28840.2 15516.7 4454.76 1647.54
 44920.6 19099.4 8473.85 3767.21 1460.71
 24009.1 19343.1 3994.37 1294.09 779.958
 16087.1 8999.73 1744.29 193.718 96.0361
 15978.5 5857.69 680.538 66.538 10.5039
 12024.7 7034.23 1400.84 124.78 13.8521
 14630.7 5490.63 2099.55 347.472 33.922
 16582.9 6872.55 1946.19 658.34 118.518
 26799.9 7878.58 2609.8 670.373 265.674
 34118.9 12726.5 2982.99 895.339 318.784
 43574.8 16591 5564.29 1245.23 505.091
 69837.3 21074.5 7019.08 2220.84 695.579
 98597.5 33591.1 8623.63 2677.02 1106.51
 54753.6 47466.6 13819.6 3313.23 1446.27
 63595.6 26509.6 20213.1 5565.11 1908.68
 80592.1 30862.8 11450.4 8299.07 3057.06
pred_Ctot
 3026.61 3868.53 1574.04 185.524 0.126604
 2992.25 5639.41 1115.29 294.09 33.7018
 2647.08 9465.19 2846.09 374.504 107.144
 757.983 1314.69 715.357 135.524 22.2265
 244.172 417.487 151.753 59.9525 12.9511
 1741.55 6432.64 2348.95 633.195 298.461
 1783.85 2929.98 2101.14 542.365 210.27
 3306.83 9281.24 3034.91 1569.46 550.392
 4636.39 9418.94 4846.38 1103.43 752.607
 3855.87 9474.09 3491.44 1239.86 463.259
 4175.45 18044 8026.91 2070.35 986.566
 2512.04 8726.37 5939.39 1729.11 639.962
 4327.71 8347.84 4505.28 2025.56 785.863
 4301.92 12478.6 2921.52 952.865 574.503
 3141.6 6063.85 1318.19 147.285 73.0397
 1313.15 2276.21 326.422 32.3082 5.10359
 699.494 2077.7 524.474 47.3799 5.26369
 570.719 1152.25 571.332 96.0495 9.38463
 517.233 1181.01 437.873 150.566 27.1293
 844.952 1367.13 592.672 154.747 61.3808
 510.249 1102.19 345.331 105.519 37.6057
 818.171 1782.9 795.321 181.129 73.5379
 1580.22 2697.05 1188.89 382.672 119.964
 2169.73 4188.84 1424.41 449.852 186.111
 986.606 4906.57 1901.91 464.067 202.761
 1041 2502.04 2545.41 713.349 244.891
 1301.14 2874.99 1423.58 1050.28 387.246
F
 0.101597 0.616285 0.840347 0.856741 0.857622
 0.0821052 0.498049 0.679124 0.692373 0.693085
 0.122745 0.744572 1.01528 1.03508 1.03615
 0.0230502 0.139822 0.190657 0.194377 0.194577
 0.00431892 0.0261985 0.0357235 0.0364204 0.0364579
 0.0422994 0.256587 0.349875 0.3567 0.357067
 0.0259051 0.15714 0.214271 0.218451 0.218676
 0.0519791 0.315305 0.42994 0.438327 0.438778
 0.0589671 0.357693 0.48774 0.497255 0.497766
 0.046711 0.283348 0.386365 0.393903 0.394307
 0.094787 0.574977 0.784021 0.799316 0.800137
 0.0865126 0.524784 0.71558 0.72954 0.73029
 0.142561 0.864774 1.17918 1.20218 1.20342
 0.281239 1.70599 2.32623 2.37162 2.37405
 0.310266 1.88207 2.56633 2.61639 2.61908
 0.120455 0.73068 0.996333 1.01577 1.01681
 0.0839212 0.509065 0.694146 0.707687 0.708415
 0.0555839 0.337171 0.459756 0.468726 0.469207
 0.0442237 0.268261 0.365792 0.372928 0.373311
 0.0447117 0.271221 0.369828 0.377043 0.377431
 0.0209885 0.127316 0.173604 0.176991 0.177173
 0.0264144 0.160229 0.218484 0.222746 0.222975
 0.0319088 0.193558 0.26393 0.269079 0.269355
 0.0310206 0.188171 0.256584 0.261589 0.261858
 0.0253371 0.153695 0.209573 0.213662 0.213881
 0.0229934 0.139477 0.190187 0.193897 0.194097
 0.0226751 0.137547 0.187555 0.191214 0.19141
Np
 33121.7 15626.3 14238.7 4341.67 2009.31
YTP_r0W_actual
 10539.3 69862.2 46693.5 42221.1 17697.2
YTP_p0W_proyectada
 10260.6 175971 110139 49368 57765.9
 10260.6 70284.7 117413 45471.6 24182.1
CTP_r0_actual
 1301.14 2874.99 1423.58 1050.28 387.246
CTP_p0_proyectada
 1193.1 7650.93 3399.34 1218.96 1242.28
 1193.1 3055.86 3623.87 1122.75 520.046
Wmedp
 8.6 23 32.4 40.5 46.5
nmprior
 10.8 10.6 4.6 0
nm_flota  nm_reclas  nm_pelaces    nm_pelaL
inf 17.3183 18.1907 77.5846
cv_recla  cv_pelaces  cv_mph
0.68326 0.47147 0.663462
 ------------------------------------------------
Talla a la edad & desviaci?n 
 7.2 14.2025 17.0495 18.207 18.6776
 1.08 2.13037 2.55742 2.73105 2.80164
