years
 1997 1998 1999 2000 2001 2002 2003 2004 2005 2006 2007 2008 2009 2010 2011 2012 2013 2014 2015 2016 2017 2018 2019 2020 2021 2022 2023
reclasobs
 0 0 0 370054 412103 1.49427e+06 250295 1.28982e+06 931140 785840 897777 1.04006e+06 184774 17550 25797 100020 73551 82996 120727 218422 84188 347160 605670 569463 516374 1.08416e+06 1.01767e+06
reclaspred
 445684 130540 436093 313297 425008 503747 1.08409e+06 696478 734840 623671 478212 317147 193751 89539.4 64289 67527.8 85849.8 121847 132289 188095 265152 239582 414212 565881 730103 725912 713938
pelacesobs
 0 0 0 0 0 0 0 0 0 2.06254e+06 1.5e+06 0 1.87456e+06 323000 250000 174000 83755 137374 0 501740 490994 745055 786931 1.00524e+06 1.33801e+06 1.41789e+06 1.42762e+06
pelacespred
 1.73588e+06 440457 899946 985380 1.13587e+06 1.13138e+06 2.6973e+06 2.2212e+06 2.0423e+06 1.76088e+06 1.20967e+06 824058 498139 190917 135874 152960 203328 292533 326293 452866 708973 627098 884337 1.35382e+06 1.74298e+06 1.89634e+06 1.84782e+06
mphobs
 0 0 0 0 0 112323 0 153150 637223 0 255016 313432 73983 77613 109348 50772 17779 17303 59886 28197 0 207744 136588 643089 65757 70829 0
mphpred
 116880 78761.9 103642 138156 135731 197678 297885 342136 281880 268100 234312 161168 98486.6 51626.4 25008 22274.9 27827.6 39109.9 50502.3 59158.4 86846 100376 125349 179170 269070 306560 293315
desembarqueobs
 350755 77701 442110 56441 14545 235359 269955 359681 431902 328805 639364 411747 362871 311530 167758 66681 60226 58785 57116 73181 50977 67692 138656 160484 209506 203330 187013
desembarquepred
 350767 77705.3 442161 56443.2 14545.1 235400 269986 359716 431982 328867 639739 412085 363336 312100 167837 66697.6 60248.5 58789.3 57114.6 73184.1 50978.5 67689.3 138662 160493 209507 203328 187013
Reclutas
 67393.2 84298.1 53634.4 78124 128972 98134.7 146083 129731 145178 132533 66597 40698.4 42698.5 23732.4 18690.2 23121.1 18808.3 22902.7 26005.2 43768.9 53785.3 69234.4 113255 160964 87766.2 100872 127183
log_desv_Rt
 0.0582996 0.282115 -0.170054 0.206053 0.707353 0.434097 0.83193 0.713219 0.825715 0.734584 0.0464155 -0.446055 -0.398082 -0.985404 -1.22425 -1.0115 -1.21794 -1.02099 -0.893947 -0.373322 -0.167244 0.085253 0.577398 0.928939 0.322432 0.461611 0.693379
SSB
 798221 537895 707807 943517 926957 1.35002e+06 2.03437e+06 2.33658e+06 1.92506e+06 1.83096e+06 1.6002e+06 1.10068e+06 672602 352577 170789 152124 190046 267097 344900 404016 593105 685508 856055 1.22362e+06 1.83758e+06 2.09362e+06 2.00316e+06
BT
 2.77585e+06 760322 1.52645e+06 1.4677e+06 1.63382e+06 1.80329e+06 4.03621e+06 3.5852e+06 3.31486e+06 2.83655e+06 2.31421e+06 1.56019e+06 1.06958e+06 573126 336732 273601 339814 464984 515179 706688 1.05476e+06 959887 1.36007e+06 2.06518e+06 2.65153e+06 2.88497e+06 2.80341e+06
Ftot
 0.379652 0.278307 0.378044 0.070097 0.0149589 0.155039 0.0969178 0.196611 0.228952 0.195251 0.431805 0.408904 0.651566 1.15498 1.08004 0.415123 0.290331 0.194119 0.157837 0.161942 0.0770963 0.103496 0.124241 0.117193 0.0971913 0.0931542 0.0904869
BD_Bspro_t
 0.955086 0.794945 0.771563 0.676178 0.775166 0.868882 0.844079 0.847026 0.796959 0.755104 0.709179 0.556331 0.440768 0.326925 0.209356 0.226759 0.343309 0.509521 0.627336 0.711619 0.798318 0.856828 0.861508 0.86626 0.878507 0.860161 0.849699
BD_Bspro
 0.60606 0.408403 0.537412 0.716377 0.703804 1.02502 1.54462 1.77407 1.46163 1.39018 1.21498 0.835705 0.510682 0.267698 0.129674 0.115502 0.144295 0.202796 0.261869 0.306754 0.450322 0.52048 0.649971 0.929049 1.39521 1.5896 1.52092
BD_Bo
 0.298843 0.201381 0.264994 0.35324 0.34704 0.505428 0.761642 0.874783 0.720718 0.685486 0.599095 0.41208 0.251813 0.132 0.0639411 0.056953 0.0711505 0.0999974 0.129126 0.151258 0.222051 0.256645 0.320496 0.458107 0.687966 0.783822 0.749956
BD_Brms
 0.543352 0.366147 0.481807 0.642255 0.630983 0.91896 1.3848 1.59051 1.3104 1.24634 1.08926 0.749236 0.457843 0.24 0.116256 0.103551 0.129365 0.181813 0.234774 0.275015 0.403728 0.466627 0.58272 0.832922 1.25085 1.42513 1.36356
S_f
 0.186865 1 1 1 1
 0.186865 1 1 1 1
 0.186865 1 1 1 1
 0.186865 1 1 1 1
 0.186865 1 1 1 1
 0.186865 1 1 1 1
 0.186865 1 1 1 1
 0.186865 1 1 1 1
 0.186865 1 1 1 1
 0.186865 1 1 1 1
 0.186865 1 1 1 1
 0.186865 1 1 1 1
 0.186865 1 1 1 1
 0.186865 1 1 1 1
 0.186865 1 1 1 1
 0.186865 1 1 1 1
 0.186865 1 1 1 1
 0.186865 1 1 1 1
 0.186865 1 1 1 1
 0.186865 1 1 1 1
 0.186865 1 1 1 1
 0.186865 1 1 1 1
 0.186865 1 1 1 1
 0.186865 1 1 1 1
 0.186865 1 1 1 1
 0.186865 1 1 1 1
 0.186865 1 1 1 1
Scru_reclas
 0.993115 1 1 1 1
 0.993115 1 1 1 1
 0.993115 1 1 1 1
 0.993115 1 1 1 1
 0.993115 1 1 1 1
 0.993115 1 1 1 1
 0.993115 1 1 1 1
 0.993115 1 1 1 1
 0.993115 1 1 1 1
 0.993115 1 1 1 1
 0.993115 1 1 1 1
 0.993115 1 1 1 1
 0.993115 1 1 1 1
 0.993115 1 1 1 1
 0.993115 1 1 1 1
 0.993115 1 1 1 1
 0.993115 1 1 1 1
 0.993115 1 1 1 1
 0.993115 1 1 1 1
 0.993115 1 1 1 1
 0.993115 1 1 1 1
 0.993115 1 1 1 1
 0.993115 1 1 1 1
 0.993115 1 1 1 1
 0.993115 1 1 1 1
 0.993115 1 1 1 1
 0.993115 1 1 1 1
Scru_pelaces
 1 1 1 1 1
 1 1 1 1 1
 1 1 1 1 1
 1 1 1 1 1
 1 1 1 1 1
 1 1 1 1 1
 1 1 1 1 1
 1 1 1 1 1
 1 1 1 1 1
 1 1 1 1 1
 1 1 1 1 1
 1 1 1 1 1
 1 1 1 1 1
 1 1 1 1 1
 1 1 1 1 1
 1 1 1 1 1
 1 1 1 1 1
 1 1 1 1 1
 1 1 1 1 1
 1 1 1 1 1
 1 1 1 1 1
 1 1 1 1 1
 1 1 1 1 1
 1 1 1 1 1
 1 1 1 1 1
 1 1 1 1 1
 1 1 1 1 1
pf_obs 
 0.256992 0.487395 0.22802 0.0275931 0
 0.321318 0.546541 0.124235 0.00734118 0.000564706
 0.182869 0.594174 0.210203 0.0122559 0.00049798
 0.330522 0.361315 0.267642 0.0388342 0.00168674
 0.649043 0.306663 0.0425973 0.00169635 0
 0.582887 0.30429 0.105238 0.00758474 0
 0.465427 0.430635 0.0974691 0.00646863 0
 0.296916 0.608066 0.0921331 0.00288517 0
 0.311714 0.524322 0.152257 0.0117073 0
 0.15457 0.633149 0.183074 0.0267441 0.00246327
 0.131901 0.49318 0.331252 0.0422183 0.00144891
 0.196976 0.569456 0.194076 0.0375587 0.00193317
 0.518974 0.381816 0.0799577 0.0180837 0.00116848
 0.0928022 0.601141 0.25162 0.0475244 0.00691264
 0.122501 0.610282 0.24278 0.0234846 0.000952079
 0.383417 0.481906 0.127806 0.00687128 0
 0.0376549 0.599619 0.316969 0.0457579 0
 0.0361596 0.667082 0.258105 0.0386534 0
 0.158088 0.579412 0.248529 0.0139706 0
 0.0477256 0.309471 0.559284 0.082774 0.000745712
 0.0406174 0.521527 0.379366 0.0568643 0.0016247
 0.151134 0.462217 0.34131 0.0453401 0
 0.294876 0.26143 0.354403 0.0886775 0.000613685
 0.281977 0.475581 0.204845 0.0348837 0.00271318
 0.0841818 0.532909 0.334909 0.0458182 0.00218182
 0.115287 0.27431 0.454777 0.147771 0.00785563
 0.0989387 0.350907 0.424855 0.114687 0.0106128
pf_pred 
 0.375016 0.441557 0.164091 0.0193249 1.09085e-05
 0.306352 0.550213 0.101338 0.037659 0.0044376
 0.173175 0.602731 0.177756 0.0327389 0.0136
 0.256592 0.425429 0.231797 0.0683609 0.0178209
 0.293351 0.463575 0.139104 0.0757912 0.0281791
 0.173276 0.571301 0.167562 0.0502799 0.0375807
 0.245913 0.412018 0.236384 0.0693313 0.0363536
 0.190639 0.522786 0.156579 0.0898331 0.0401634
 0.215373 0.454973 0.212931 0.0637747 0.0529477
 0.192366 0.500902 0.177862 0.0832405 0.04563
 0.116953 0.514305 0.228697 0.0812064 0.0588385
 0.117655 0.410093 0.27505 0.122307 0.0748959
 0.197242 0.372233 0.200098 0.134206 0.0962218
 0.179356 0.527156 0.136088 0.0731557 0.0842442
 0.259355 0.499953 0.154613 0.0399142 0.0461649
 0.333498 0.507695 0.107198 0.0331517 0.0184568
 0.218726 0.597628 0.139889 0.0295371 0.01422
 0.246515 0.475929 0.212314 0.0496969 0.0155452
 0.235328 0.502331 0.165705 0.0739214 0.0227154
 0.306243 0.443382 0.164477 0.0542563 0.0316416
 0.260194 0.531113 0.133376 0.0494772 0.0258394
 0.252047 0.494374 0.182047 0.0457167 0.0258159
 0.300199 0.457724 0.160005 0.0589198 0.0231517
 0.287889 0.504511 0.135786 0.0474663 0.0243469
 0.131165 0.604173 0.187506 0.050466 0.02669
 0.172499 0.378898 0.311951 0.0968142 0.0398377
 0.211478 0.424157 0.166837 0.137358 0.0601706
pobs_RECLAS
 0 0 0 0 0
 0 0 0 0 0
 0 0 0 0 0
 0 0 0 0 0
 0.835266 0.146461 0.0176864 0.000547809 3.91292e-05
 0.385257 0.428462 0.181853 0.0044286 0
 0.867414 0.0963971 0.0333333 0.00285562 0
 0.441836 0.489002 0.0689373 0.000224442 0
 0.779404 0.147425 0.0564933 0.0165055 0.000172143
 0.814271 0.122319 0.05973 0.00367925 0
 0.40263 0.566651 0.0304383 0.000280538 0
 0.475488 0.404961 0.113038 0.00651328 0
 0.955842 0.0263864 0.0167828 0.000988607 0
 0.975058 0.0227948 0.00214734 0 0
 0.738997 0.206755 0.0527124 0.00153531 0
 0.850938 0.134255 0.0134407 0.00136685 0
 0.542534 0.407297 0.0501686 0 0
 0.764087 0.199537 0.0359546 0.000420521 0
 0.470689 0.182191 0.310203 0.0369168 0
 0.84361 0.089868 0.0606195 0.00523954 0.000663233
 0.607945 0.314616 0.071237 0.00620181 0
 0.523733 0.453247 0.0230204 0 0
 0.530135 0.295979 0.169645 0.0042399 0
 0.562478 0.366248 0.0663022 0.0049721 0
 0.250443 0.683176 0.0655157 0.000865301 0
 0.195077 0.31981 0.436473 0.0351445 0.0134964
 0.565238 0.351407 0.0832357 0.000118908 0
ppred_RECLAS
 0.765516 0.165665 0.0615641 0.0072504 4.09267e-06
 0.704609 0.234309 0.0431549 0.0160371 0.00188976
 0.53258 0.340735 0.100489 0.0185079 0.00768835
 0.647985 0.201447 0.109759 0.0323699 0.00843847
 0.688262 0.204506 0.0613656 0.0334353 0.0124312
 0.528995 0.325484 0.0954643 0.0286457 0.0214107
 0.635262 0.199285 0.114335 0.0335343 0.0175836
 0.558568 0.285131 0.0853993 0.0489957 0.0219054
 0.596389 0.234038 0.109531 0.0328056 0.0272362
 0.561297 0.272088 0.0966136 0.0452159 0.024786
 0.4198 0.337921 0.150264 0.0533562 0.0386595
 0.421007 0.269102 0.180487 0.0802576 0.0491466
 0.577824 0.19576 0.105233 0.0705798 0.0506037
 0.563286 0.280531 0.0724207 0.0389305 0.0448314
 0.671764 0.221567 0.0685207 0.017689 0.0204591
 0.731898 0.204221 0.0431208 0.0133353 0.00742429
 0.602118 0.304356 0.0712416 0.0150425 0.00724188
 0.637327 0.229078 0.102192 0.0239205 0.00748233
 0.622552 0.247954 0.0817932 0.0364882 0.0112125
 0.702945 0.189849 0.0704263 0.0232316 0.0135484
 0.652345 0.249585 0.0626772 0.0232507 0.0121427
 0.642912 0.236024 0.0869128 0.0218261 0.012325
 0.696473 0.19853 0.0693996 0.0255555 0.0100417
 0.683705 0.224086 0.0603115 0.0210829 0.0108141
 0.446384 0.384976 0.119478 0.0321566 0.0170067
 0.526765 0.216686 0.1784 0.0553665 0.0227826
 0.588798 0.221191 0.0870027 0.0716302 0.0313781
pobs_PELACES
 0 0 0 0 0
 0 0 0 0 0
 0 0 0 0 0
 0 0 0 0 0
 0 0 0 0 0
 0 0 0 0 0
 0 0 0 0 0
 0 0 0 0 0
 0 0 0 0 0
 0 0 0 0 0
 0.450072 0.473896 0.0757376 0.000293798 0
 0 0 0 0 0
 0.463077 0.371075 0.160297 0.00555027 0
 0.529543 0.364841 0.0842815 0.0213345 0
 0.631943 0.363953 0.00410389 0 0
 0.735681 0.248677 0.0153453 0.000297389 0
 0.695825 0.281241 0.0229344 0 0
 0.275771 0.60734 0.115278 0.00161068 0
 0 0 0 0 0
 0.896147 0.0623911 0.0374545 0.00400742 0
 0.803859 0.145111 0.0509908 3.86294e-05 0
 0.739449 0.233085 0.0266225 0.000797448 4.60066e-05
 0.878498 0.100942 0.0204185 0.000141795 0
 0.694673 0.275183 0.0284847 0.00165964 0
 0.469039 0.446079 0.0841089 0.000773354 0
 0.822795 0.102175 0.0682046 0.00682512 0
 0.69333 0.244118 0.0624202 0.000131731 0
ppred_PELACES
 0.784477 0.152269 0.0565861 0.00666413 3.76174e-06
 0.721302 0.221068 0.0407161 0.0151308 0.00178296
 0.559432 0.321161 0.094716 0.0174447 0.00724668
 0.653829 0.198103 0.107937 0.0318326 0.00829839
 0.690601 0.202972 0.0609052 0.0331844 0.0123379
 0.541062 0.317145 0.0930184 0.0279118 0.0208621
 0.642854 0.195137 0.111955 0.0328363 0.0172176
 0.573225 0.275664 0.0825639 0.0473689 0.0211781
 0.612726 0.224564 0.105098 0.0314777 0.0261337
 0.575842 0.263066 0.0934104 0.0437167 0.0239642
 0.449963 0.320353 0.142452 0.0505823 0.0366496
 0.449668 0.255781 0.171552 0.0762847 0.0467137
 0.621423 0.175543 0.0943652 0.0632908 0.0453778
 0.639072 0.231849 0.059853 0.0321746 0.0370515
 0.733586 0.179835 0.0556151 0.0143573 0.0166057
 0.754466 0.187031 0.039491 0.0122128 0.00679934
 0.622251 0.288955 0.0676368 0.0142813 0.00687545
 0.65085 0.220536 0.0983819 0.0230286 0.00720333
 0.634055 0.240397 0.0793003 0.0353761 0.0108708
 0.713353 0.183197 0.0679587 0.0224177 0.0130737
 0.658577 0.245111 0.0615537 0.0228339 0.011925
 0.650834 0.230788 0.0849847 0.0213419 0.0120516
 0.704913 0.19301 0.0674698 0.0248449 0.00976242
 0.691941 0.218252 0.0587411 0.0205339 0.0105325
 0.45455 0.379297 0.117715 0.0316823 0.0167558
 0.534711 0.213048 0.175404 0.0544369 0.0224
 0.596328 0.217141 0.0854095 0.0703185 0.0308035
pobs_pel_tallas
 0 0 0 0 0 0 0 0 0 0 0 0 0 0 0 0 0 0 0 0 0 0 0 0 0 0 0 0 0 0 0 0 0 0 0 0
 0 0 0 0 0 0 0 0 0 0 0 0 0 0 0 0 0 0 0 0 0 0 0 0 0 0 0 0 0 0 0 0 0 0 0 0
 0 0 0 0 0 0 0 0 0 0 0 0 0 0 0 0 0 0 0 0 0 0 0 0 0 0 0 0 0 0 0 0 0 0 0 0
 0 0 0 0 0 0 0 0 0 0 0 0 0 0 0 0 0 0 0 0 0 0 0 0 0 0 0 0 0 0 0 0 0 0 0 0
 0 0 0 0 0 0 0 0 0 0 0 0 0 0 0 0 0 0 0 0 0 0 0 0 0 0 0 0 0 0 0 0 0 0 0 0
 0 0 0 0 0 0 0 0 0 0 0 0 0 0 0 0 0 0 0 0 0 0 0 0 0 0 0 0 0 0 0 0 0 0 0 0
 0 0 0 0 0 0 0 0 0 0 0 0 0 0 0 0 0 0 0 0 0 0 0 0 0 0 0 0 0 0 0 0 0 0 0 0
 0 0 0 0 0 0 0 0 0 0 0 0 0 0 0 0 0 0 0 0 0 0 0 0 0 0 0 0 0 0 0 0 0 0 0 0
 0 0 0 0 0 0 0 0 0 0 0 0 0 0 0 0 0 0 0 0 0 0 0 0 0 0 0 0 0 0 0 0 0 0 0 0
 0 0 0 0 0 0 0 0 0 0 0 0 0 0 0 0 0 0 0 0 0 0 0 0 0 0 0 0 0 0 0 0 0 0 0 0
 0 0 0 0 0 0 0 0 1.78061e-05 0.00172719 0.00360574 0.0105946 0.0120993 0.0124554 0.0147524 0.0171206 0.0266825 0.0428682 0.0675386 0.121331 0.153587 0.119568 0.100827 0.0573624 0.0630603 0.0341343 0.0324427 0.0444173 0.0211091 0.0280891 0.0125444 0.00206551 0 0 0 0
 0 0 0 0 0 0 0 0 0 0 0 0 0 0 0 0 0 0 0 0 0 0 0 0 0 0 0 0 0 0 0 0 0 0 0 0
 0 0 0 0 0 0 0.0133647 0.0140871 0.0187388 0.0205184 0.03894 0.0496705 0.03968 0.0493445 0.0407372 0.0367815 0.0215668 0.0243155 0.0234873 0.0199281 0.019796 0.0243948 0.0301388 0.0376714 0.0412746 0.0863199 0.0771752 0.113111 0.0741005 0.0525337 0.0229764 0.00759418 0.00175318 0 0 0
 0 0 0 0 0 0 0 0 0 0 0.00219441 0.00772107 0.0458388 0.0604681 0.0671733 0.0775358 0.0609151 0.0617685 0.073594 0.0568108 0.0755445 0.0548602 0.0670107 0.0636378 0.0643287 0.046367 0.0373049 0.0286899 0.0247887 0.0153202 0.00654259 0.00121912 0.000365735 0 0 0
 0 0 0 0 0 0 0 0 0 0 0 0 0.000112435 0.00938835 0.0111873 0.0202946 0.0414886 0.0713402 0.111592 0.104902 0.108894 0.110636 0.117776 0.105296 0.107544 0.0401394 0.0192827 0.0124803 0.00416011 0.0028671 0.000618394 0 0 0 0 0
 0 0 0 0 0 0 0 0 0 0 0.00291406 0.0102884 0.027416 0.0768956 0.0749926 0.110853 0.0956884 0.0897413 0.0766577 0.0534642 0.0500743 0.0551293 0.0594112 0.0620874 0.0668451 0.0424026 0.0208742 0.0120726 0.0048766 0.00582813 0.00118941 0.000297354 0 0 0 0
 0 0.00264628 0.0354308 0.0461629 0.0458689 0.0383711 0.0214643 0.0164657 0.0346957 0.0420465 0.0363128 0.0245516 0.0311673 0.0291091 0.0169068 0.0133784 0.00837989 0.0085269 0.0148486 0.0160247 0.0276389 0.0546898 0.0760071 0.122758 0.109233 0.0665981 0.0333725 0.0166128 0.00676272 0.00308733 0.000882094 0 0 0 0 0
 0 0 0 0 0 0 0 0.000805153 0.000690131 0.00759144 0.0133425 0.0154129 0.00931677 0.000345066 0.00356568 0.00563607 0.00851162 0.0253048 0.0502646 0.0516448 0.0657925 0.0565908 0.0611916 0.0827007 0.0866115 0.110766 0.145733 0.0935128 0.0569358 0.0249597 0.0138026 0.00621118 0.00161031 0.00115022 0 0
 0 0 0 0 0 0 0 0 0 0 0 0 0 0 0 0 0 0 0 0 0 0 0 0 0 0 0 0 0 0 0 0 0 0 0 0
 0.00147267 0.00158595 0.00478618 0.00569244 0.00954404 0.0108468 0.00647125 0.017049 0.0510054 0.094081 0.124002 0.0959785 0.0687766 0.0820023 0.061753 0.0591476 0.0492212 0.0479892 0.0443925 0.0268479 0.0217502 0.0140895 0.0121071 0.0120363 0.00920419 0.00665534 0.0049561 0.00860946 0.00930331 0.0156896 0.0114698 0.00855282 0.00243557 0.00046729 0 2.83206e-05
 0 0 0 0 0.000772559 0.00158375 0.000888443 0.00281984 0.00712685 0.0440552 0.0773331 0.111326 0.0921469 0.0852325 0.0710754 0.0886704 0.0786465 0.0553345 0.0373146 0.0185414 0.00753245 0.00457741 0.012979 0.0271748 0.0457355 0.0583668 0.034881 0.0177882 0.00938659 0.00492506 0.0015258 0.00185414 0.000309023 5.79419e-05 3.86279e-05 0
 0 0.00173294 0.00326652 0 0.00397197 0.00683976 0.00946217 0.0152591 0.00757587 0.0136028 0.0228656 0.0392903 0.0559909 0.0764795 0.0681675 0.0726916 0.0566044 0.0477403 0.0527397 0.0444891 0.0609904 0.0582453 0.0661739 0.0445044 0.0529084 0.0360697 0.0280645 0.0235558 0.0158879 0.00826598 0.00280645 0.00217768 0.000904811 0.00058276 9.20147e-05 0
 0 0 0 0 0 0 0 0 0 0 0 0 0 0 0 0 0 0 0 0 0 0 0 0 0 0 0 0 0 0 0 0 0 0 0 0
 0 0 0 0 0 0 0 0 0 0 0 0 0 0 0 0 0 0 0 0 0 0 0 0 0 0 0 0 0 0 0 0 0 0 0 0
 0 0 0 0 0 0 0 0 0 0 0 0 0 0 0 0 0 0 0 0 0 0 0 0 0 0 0 0 0 0 0 0 0 0 0 0
 0 0 0 0 0 0 0 0 0 0 0 0 0 0 0 0 0 0 0 0 0 0 0 0 0 0 0 0 0 0 0 0 0 0 0 0
 0 0 0 0 0 0 0 0 0 0 0 0 0 0 0 0 0 0 0 0 0 0 0 0 0 0 0 0 0 0 0 0 0 0 0 0
ppred_pel_tallas
 1.01083e-16 3.42258e-05 0.000200883 0.000954915 0.00367649 0.0114648 0.0289592 0.0592541 0.0982194 0.131903 0.14353 0.126588 0.0905805 0.0527923 0.0254883 0.0110019 0.00558601 0.00483296 0.00604329 0.0080346 0.0103287 0.0126432 0.0147209 0.0163224 0.0172662 0.0174666 0.0169489 0.0158357 0.01431 0.0125691 0.0107851 0.0090816 0.00752911 0.00615506 0.00495995 0.00393228
 1.01254e-16 3.14738e-05 0.00018472 0.000878062 0.00338056 0.010542 0.0266282 0.0544853 0.090317 0.121298 0.132009 0.116472 0.0834406 0.0488297 0.0239465 0.0109711 0.00649102 0.00647544 0.00844007 0.0112606 0.0144202 0.0175476 0.0202776 0.0222712 0.0232807 0.0232057 0.0221136 0.0202154 0.0178072 0.0151986 0.0126503 0.0103381 0.00834722 0.00668956 0.00533194 0.00422353
 1.02388e-16 2.44197e-05 0.000143296 0.000681109 0.00262221 0.00817703 0.0206547 0.0422639 0.0700631 0.0941107 0.102458 0.0904883 0.0650201 0.0384422 0.0195844 0.0102099 0.0077444 0.00911653 0.0124131 0.0167122 0.0214877 0.0262569 0.0305001 0.0337206 0.0355457 0.0358086 0.0345796 0.032134 0.0288721 0.0252191 0.0215395 0.0180869 0.0149959 0.0123053 0.00999519 0.00802245
 1.03079e-16 2.85309e-05 0.000167444 0.000795934 0.00306436 0.00955589 0.0241375 0.0493889 0.0818693 0.109953 0.119664 0.105585 0.0756512 0.0442928 0.021764 0.0100487 0.006065 0.00617475 0.00814579 0.0109819 0.0142382 0.0175976 0.02074 0.0233534 0.025189 0.0261096 0.0261105 0.0253038 0.0238763 0.0220364 0.0199692 0.0178127 0.0156547 0.0135466 0.0115211 0.00960675
 1.02648e-16 3.01344e-05 0.000176858 0.000840688 0.00323667 0.0100932 0.0254948 0.052166 0.0864724 0.116134 0.126388 0.11151 0.0798811 0.0467371 0.0229034 0.0104675 0.00616424 0.00613927 0.00802349 0.0107551 0.0138587 0.0170006 0.0198515 0.0221003 0.0235112 0.0239736 0.0235209 0.0223103 0.0205732 0.0185542 0.0164593 0.0144282 0.012532 0.0107898 0.00919316 0.00772788
 1.03358e-16 2.36185e-05 0.000138593 0.00065875 0.00253613 0.00790858 0.0199767 0.0408765 0.0677633 0.0910223 0.0990981 0.0875251 0.0629009 0.0372095 0.0189943 0.00996459 0.00763571 0.00904184 0.0123364 0.0166298 0.0214124 0.0262139 0.0305262 0.0338623 0.0358554 0.036338 0.0353731 0.0332211 0.0302616 0.0268963 0.0234659 0.0202033 0.017228 0.0145709 0.0122128 0.0101182
 1.03586e-16 2.80522e-05 0.000164634 0.000782576 0.00301293 0.0093955 0.0237323 0.0485599 0.0804952 0.108108 0.117657 0.103814 0.0743846 0.0435555 0.02141 0.0099 0.00599712 0.00612651 0.00809629 0.0109301 0.0141935 0.0175777 0.0207695 0.0234625 0.0254101 0.0264729 0.0266392 0.0260097 0.0247572 0.023075 0.0211351 0.0190649 0.0169468 0.0148311 0.012754 0.010751
 1.0388e-16 2.50192e-05 0.00014682 0.000697872 0.00268677 0.00837837 0.0211633 0.043304 0.0717857 0.0964199 0.10496 0.0926681 0.0665222 0.0392011 0.0197335 0.00990342 0.00705247 0.00802079 0.0108521 0.0146302 0.0188727 0.023166 0.0270712 0.0301678 0.0321359 0.0328248 0.0322783 0.0307066 0.02842 0.0257454 0.0229576 0.0202413 0.0176893 0.0153251 0.0131375 0.0111087
 1.03868e-16 2.67396e-05 0.000156926 0.000745923 0.00287179 0.00895538 0.0226207 0.0462856 0.0767263 0.10305 0.112161 0.0989867 0.0709734 0.0416542 0.0206543 0.00985121 0.00637499 0.00682977 0.00912679 0.0123194 0.0159586 0.0196986 0.0231808 0.0260569 0.0280528 0.0290233 0.0289748 0.0280452 0.0264545 0.0244421 0.0222152 0.0199207 0.0176443 0.0154268 0.0132883 0.0112467
 1.04034e-16 2.51328e-05 0.000147489 0.000701052 0.00269902 0.00841657 0.0212597 0.0435013 0.0721124 0.0968576 0.105433 0.093079 0.0668016 0.0393348 0.0197437 0.00981561 0.00687558 0.00774722 0.0104676 0.014125 0.0182498 0.0224472 0.0262988 0.0294013 0.0314443 0.0322751 0.0319233 0.0305763 0.028516 0.0260429 0.0234115 0.0207957 0.0182871 0.0159163 0.013684 0.0115865
 1.05578e-16 1.96463e-05 0.000115273 0.000547881 0.00210925 0.00657738 0.0166142 0.0339966 0.0563602 0.0757112 0.0824445 0.0728543 0.0524406 0.0311892 0.0162322 0.00902515 0.00753837 0.00933865 0.012911 0.0175145 0.0226963 0.0280073 0.0329448 0.0370148 0.0398293 0.0411845 0.0410936 0.0397569 0.037491 0.0346384 0.0314939 0.0282639 0.025066 0.0219535 0.0189497 0.016076
 1.07323e-16 1.96309e-05 0.000115188 0.000547491 0.00210777 0.00657278 0.0166025 0.0339722 0.056318 0.0756493 0.0823632 0.0727496 0.0522939 0.0309593 0.0158528 0.00840586 0.00657066 0.00790718 0.0109144 0.0148947 0.0194706 0.0242948 0.0289763 0.0331183 0.0363896 0.0385851 0.0396515 0.0396698 0.0388063 0.0372531 0.0351799 0.0327124 0.0299372 0.0269222 0.0237392 0.0204775
 1.05692e-16 2.71168e-05 0.000159144 0.000756482 0.00291247 0.00908223 0.022941 0.0469407 0.0778107 0.104502 0.113729 0.100342 0.0718833 0.0420635 0.0206261 0.0094541 0.00561745 0.00566088 0.00747152 0.010119 0.0132054 0.0164611 0.0196159 0.0224037 0.0246067 0.0260955 0.0268451 0.02692 0.0264385 0.02553 0.0243008 0.0228209 0.0211288 0.0192493 0.0172126 0.0150671
 1.03763e-16 2.78886e-05 0.000163671 0.000777989 0.00299526 0.00934038 0.0235932 0.0482754 0.0800246 0.107479 0.11698 0.103235 0.0740093 0.0434153 0.0214877 0.0101791 0.00648873 0.0068655 0.0091209 0.0122581 0.0158016 0.0193882 0.0226481 0.0252309 0.0268728 0.027453 0.0270145 0.025739 0.0238895 0.0217399 0.0195155 0.0173624 0.0153466 0.0134753 0.0117272 0.0100791
 1.02118e-16 3.20078e-05 0.000187859 0.000892992 0.00343806 0.0107213 0.0270811 0.0554116 0.0918513 0.123355 0.134238 0.118414 0.0847799 0.0495088 0.0240852 0.0107091 0.00589398 0.005532 0.00710226 0.00948733 0.0122102 0.0149608 0.0174434 0.0193811 0.0205648 0.020898 0.0204134 0.019255 0.0176338 0.0157734 0.0138629 0.0120317 0.0103461 0.00882394 0.00745569 0.00622414
 1.01359e-16 3.29185e-05 0.000193205 0.000918407 0.00353591 0.0110264 0.0278519 0.0569887 0.0944655 0.126866 0.138058 0.121784 0.0871912 0.0509145 0.0247637 0.011 0.00603497 0.00563973 0.00721582 0.00960652 0.0123127 0.0150069 0.0173786 0.0191406 0.0200817 0.0201138 0.0192889 0.017779 0.0158277 0.0136899 0.0115804 0.00964418 0.00795186 0.00651468 0.00530813 0.00429447
 1.01867e-16 2.71575e-05 0.000159373 0.000757546 0.00291652 0.00909485 0.022973 0.0470071 0.0779238 0.104663 0.113929 0.100578 0.07218 0.0424942 0.0213139 0.0105659 0.00735287 0.00823144 0.0110652 0.0148491 0.019053 0.0232268 0.0269001 0.0296283 0.0310829 0.0311244 0.0298308 0.027466 0.0244059 0.0210464 0.0177232 0.0146656 0.0119894 0.00971828 0.00781935 0.00623739
 1.02597e-16 2.84019e-05 0.000166685 0.00079232 0.00305043 0.00951246 0.0240278 0.0491647 0.0814982 0.109457 0.119129 0.105125 0.075348 0.0441683 0.0218011 0.0102299 0.00639436 0.00667658 0.00885068 0.0119104 0.0153867 0.018928 0.0221761 0.0247854 0.0264875 0.0271452 0.0267757 0.025531 0.0236481 0.0213855 0.0189695 0.016564 0.0142665 0.0121224 0.0101481 0.00834924
 1.02928e-16 2.76703e-05 0.000162388 0.000771889 0.00297176 0.00926712 0.0234081 0.0478969 0.0793975 0.106638 0.116067 0.102436 0.0734509 0.0431168 0.0213943 0.010226 0.00664053 0.00711904 0.00949155 0.0127655 0.0164593 0.0201965 0.0235894 0.0262678 0.0279496 0.0285002 0.0279561 0.0265007 0.0244071 0.0219659 0.0194244 0.0169532 0.0146429 0.0125228 0.0105886 0.00882719
 1.02406e-16 3.11257e-05 0.000182679 0.000868369 0.00334326 0.0104256 0.0263343 0.0538837 0.0893189 0.119955 0.13054 0.115158 0.0824617 0.0481812 0.0234886 0.0105286 0.00591695 0.00566466 0.00732428 0.00980994 0.0126543 0.0155475 0.0181901 0.0202985 0.0216552 0.0221536 0.021816 0.0207763 0.0192364 0.0174126 0.0154903 0.0135984 0.0118075 0.0101433 0.00860753 0.00719575
 1.02296e-16 2.87397e-05 0.000168666 0.000801734 0.00308668 0.00962547 0.0243133 0.0497489 0.0824673 0.11076 0.120552 0.10639 0.0762759 0.0447547 0.0221684 0.0105297 0.00674622 0.00715625 0.00949918 0.0127385 0.0163708 0.0200051 0.0232432 0.0257091 0.0271228 0.0273613 0.0264817 0.0246956 0.0223071 0.0196356 0.0169511 0.0144361 0.0121819 0.0102073 0.00848925 0.00699098
 1.02579e-16 2.84015e-05 0.000166682 0.000792304 0.00305037 0.00951226 0.0240273 0.0491637 0.0814969 0.109456 0.11913 0.105131 0.0753628 0.0441984 0.0218553 0.0103202 0.00653553 0.00688397 0.00913694 0.0122809 0.0158345 0.0194308 0.0226952 0.0252696 0.02688 0.0273942 0.0268444 0.0254054 0.02334 0.0209298 0.0184177 0.015974 0.0136931 0.0116097 0.00972479 0.00802789
 1.02331e-16 3.07581e-05 0.00018052 0.000858103 0.00330373 0.0103023 0.0260229 0.0532467 0.0882633 0.118538 0.129001 0.113808 0.0815092 0.0476544 0.0232873 0.0105323 0.00605041 0.00590315 0.00767192 0.0102784 0.0132493 0.016262 0.0190011 0.021168 0.0225348 0.0229918 0.0225662 0.0214038 0.0197222 0.0177543 0.0156993 0.0136953 0.0118174 0.0100915 0.00851656 0.00708403
 1.02103e-16 3.01934e-05 0.000177203 0.000842327 0.00324298 0.0101129 0.0255444 0.0522678 0.0866415 0.116363 0.12664 0.11174 0.0800624 0.0468767 0.0230341 0.0106313 0.00640157 0.00648503 0.00850502 0.0113877 0.0146389 0.0179002 0.0208151 0.0230478 0.0243476 0.0246023 0.0238599 0.022305 0.0202049 0.0178414 0.015453 0.0132022 0.0111713 0.00937981 0.00781045 0.00643409
 1.03667e-16 1.98487e-05 0.000116455 0.000553492 0.00213083 0.00664467 0.0167842 0.034345 0.0569391 0.0764935 0.0833081 0.0736456 0.0530712 0.0316862 0.016713 0.00964107 0.00843649 0.0106474 0.0147309 0.0198999 0.0256298 0.0313772 0.0365361 0.0405223 0.042894 0.043448 0.0422566 0.03963 0.036023 0.0319188 0.0277303 0.0237429 0.0201079 0.0168699 0.0140117 0.0114943
 1.05477e-16 2.33375e-05 0.000136953 0.000650971 0.00250621 0.00781531 0.019741 0.0403935 0.0669599 0.0899353 0.0978937 0.0864118 0.0619934 0.0364577 0.0182176 0.00892911 0.0061093 0.00681836 0.00925622 0.0126146 0.01651 0.0206361 0.0246599 0.0282418 0.0310923 0.0330234 0.0339722 0.0339893 0.0332018 0.0317666 0.0298326 0.0275219 0.0249318 0.0221473 0.0192558 0.0163531
 1.05139e-16 2.60242e-05 0.000152726 0.000725961 0.00279494 0.0087157 0.0220153 0.0450468 0.0746728 0.100292 0.109159 0.0963369 0.0690728 0.0405374 0.0200982 0.00958277 0.0061988 0.00664303 0.00888576 0.0120107 0.0155882 0.0192907 0.0227795 0.0257257 0.0278702 0.0290749 0.0293425 0.0287958 0.0276292 0.0260492 0.0242268 0.022274 0.0202476 0.0181692 0.0160517 0.0139177
pSPR Fmed_Fpbrs
0.437408   0.6 0.325
Fs Fmed_Fpbrs
0.66   0.347085 1.06379
SSBpbr Bo_Bmed_Bpbrs
2.67104e+06  1.03478e+06  1.46907e+06 734535
Ro
63576.6
SPR SPRFo_SPRFmed_SPRFpbrs
1.31707e+06 576095 428047
log_Ro
10.88
likeval ReclasPelacesDesembMPH_pf_preclas_ppelaces_ptallas_desvR_qrecl_qpela
 63.9386 24.1603 0.0328602 0.000646468 354.696 220.562 59.1256 0 17.5161 8.29378e-05 2.51575e-06 8.71804e-16 0 0 0
q_reclas_q_pelaces
0.275132 1.25314
M
0.7
N
 67393.2 16901.6 6280.93 739.704 0.417545
 84298.1 31174.5 5741.69 2133.72 251.43
 53634.4 39739.8 11720 2158.57 896.689
 78124 24817.5 13521.9 3987.84 1039.59
 128972 38290.4 11489.7 6260.2 2327.54
 98134.7 63867 18732.1 5620.9 4201.23
 146083 47340.7 27160.5 7966.15 4177.02
 129731 71240.7 21337.2 12241.7 5473.12
 145178 62098.6 29062.6 8704.51 7226.75
 132533 69073.9 24527 11478.8 6292.33
 66597 63455.8 28217 10019.4 7259.6
 40698.4 30507.5 20461.4 9098.61 5571.62
 42698.5 18723.5 10065 6750.62 4840.01
 23732.4 18772.8 4846.29 2605.18 3000.06
 18690.2 9497.37 2937.11 758.231 876.972
 23121.1 7585.03 1601.56 495.29 275.747
 18808.3 10624.6 2486.94 525.11 252.804
 22902.7 8846.72 3946.55 923.783 288.959
 26005.2 10968 3618.02 1614.01 495.972
 43768.9 12538.5 4651.28 1534.33 894.799
 53785.3 21087.1 5295.52 1964.43 1025.92
 69234.4 26327 9694.56 2434.56 1374.78
 113255 33722.2 11788.2 4340.84 1705.67
 160964 54950.1 14789.5 5169.91 2651.81
 87766.2 78201.1 24269.8 6532.07 3454.62
 100872 42799 35236.9 10935.8 4499.93
 127183 49227.3 19362.9 15941.7 6983.36
pred_Ctot
 3332.91 3924.29 1458.34 171.748 0.0969476
 3081.48 5534.4 1019.32 378.798 44.6362
 2641.58 9193.98 2711.47 499.395 207.453
 731.692 1213.14 660.985 194.936 50.8176
 258.95 409.213 122.791 66.9033 24.8746
 2018.7 6655.76 1952.13 585.769 437.822
 1887.5 3162.43 1814.36 532.152 279.032
 3372.7 9248.91 2770.13 1589.29 710.555
 4383.46 9260.01 4333.75 1298 1077.64
 3422.07 8910.71 3164.04 1480.79 811.727
 3730.09 16403.2 7294.04 2589.99 1876.59
 2162.65 7538.06 5055.78 2248.17 1376.69
 3544.94 6689.96 3596.26 2412.02 1729.35
 3354.66 9859.88 2545.38 1368.3 1575.7
 2485.26 4790.78 1481.57 382.476 442.373
 1246.67 1897.85 400.726 123.927 68.9946
 716.53 1957.78 458.264 96.7612 46.5837
 587.988 1135.19 506.41 118.537 37.0784
 544.475 1162.24 383.389 171.031 52.5564
 939.91 1360.81 504.807 166.521 97.1131
 553.721 1130.26 283.838 105.293 54.989
 954.764 1872.7 689.599 173.176 97.7915
 1871.68 2853.81 997.598 367.353 144.346
 2510.69 4399.85 1184.19 413.955 212.33
 1137.18 5238.08 1625.64 437.532 231.398
 1253.12 2752.52 2266.17 703.309 289.402
 1535.07 3078.85 1211.03 997.05 436.764
F
 0.0709437 0.379652 0.379652 0.379652 0.379652
 0.0520059 0.278307 0.278307 0.278307 0.278307
 0.0706431 0.378044 0.378044 0.378044 0.378044
 0.0130987 0.070097 0.070097 0.070097 0.070097
 0.0027953 0.0149589 0.0149589 0.0149589 0.0149589
 0.0289714 0.155039 0.155039 0.155039 0.155039
 0.0181106 0.0969178 0.0969178 0.0969178 0.0969178
 0.0367398 0.196611 0.196611 0.196611 0.196611
 0.0427831 0.228952 0.228952 0.228952 0.228952
 0.0364855 0.195251 0.195251 0.195251 0.195251
 0.0806892 0.431805 0.431805 0.431805 0.431805
 0.0764099 0.408904 0.408904 0.408904 0.408904
 0.121755 0.651566 0.651566 0.651566 0.651566
 0.215826 1.15498 1.15498 1.15498 1.15498
 0.201821 1.08004 1.08004 1.08004 1.08004
 0.0775721 0.415123 0.415123 0.415123 0.415123
 0.0542528 0.290331 0.290331 0.290331 0.290331
 0.0362741 0.194119 0.194119 0.194119 0.194119
 0.0294943 0.157837 0.157837 0.157837 0.157837
 0.0302613 0.161942 0.161942 0.161942 0.161942
 0.0144066 0.0770963 0.0770963 0.0770963 0.0770963
 0.0193399 0.103496 0.103496 0.103496 0.103496
 0.0232164 0.124241 0.124241 0.124241 0.124241
 0.0218994 0.117193 0.117193 0.117193 0.117193
 0.0181617 0.0971913 0.0971913 0.0971913 0.0971913
 0.0174073 0.0931542 0.0931542 0.0931542 0.0931542
 0.0169088 0.0904869 0.0904869 0.0904869 0.0904869
Np
 51099.2 23781.6 21793.9 7837.16 4164.53
YTP_r0W_actual
 12434 74816.1 39721.7 40081.4 19960.1
YTP_p0W_proyectada
 19921.6 307278 155658 76532.8 105163
 19921.6 117678 151917 68287.2 41662.4
CTP_r0_actual
 1535.07 3078.85 1211.03 997.05 436.764
CTP_p0_proyectada
 2316.47 13359.9 4804.27 1889.7 2261.56
 2316.47 5116.42 4688.79 1686.1 895.967
Wmedp
 8.6 23 32.4 40.5 46.5
nmprior
 10.8 10.6 4.6 0
nm_flota  nm_reclas  nm_pelaces    nm_pelaL
inf 12.4256 19.923 88.9269
cv_recla  cv_pelaces  cv_mph
0.692488 0.521348 0.679531
 ------------------------------------------------
Talla a la edad & desviaci?n 
 7.2 14.2025 17.0495 18.207 18.6776
 1.08 2.13037 2.55742 2.73105 2.80164
