years
 1997 1998 1999 2000 2001 2002 2003 2004 2005 2006 2007 2008 2009 2010 2011 2012 2013 2014 2015 2016 2017 2018 2019 2020 2021 2022 2023
reclasobs
 0 0 0 370054 412103 1.49427e+06 250295 1.28982e+06 931140 785840 897777 1.04006e+06 184774 17550 25797 100020 73551 82996 120727 218422 84188 347160 605670 569463 516374 1.08416e+06 1.01767e+06
reclaspred
 442027 130523 442126 318226 427113 505592 1.0851e+06 693228 726179 608620 464805 308636 188701 88945.3 65051.1 68513.7 86897.7 123373 133665 189718 266599 240481 415675 567623 732967 730860 719853
pelacesobs
 0 0 0 0 0 0 0 0 0 2.06254e+06 1.5e+06 0 1.87456e+06 323000 250000 174000 83755 137374 0 501740 490994 745055 786931 1.00524e+06 1.33801e+06 1.41789e+06 1.42762e+06
pelacespred
 1.70704e+06 441406 906930 996428 1.13392e+06 1.1335e+06 2.67568e+06 2.20802e+06 2.00888e+06 1.71476e+06 1.17735e+06 802548 486464 192559 138790 155722 205894 295052 329282 455219 708342 627392 883695 1.35149e+06 1.7419e+06 1.90112e+06 1.85582e+06
mphobs
 0 0 0 0 0 112323 0 153150 637223 0 255016 313432 73983 77613 109348 50772 17779 17303 59886 28197 0 207744 136588 643089 65757 70829 0
mphpred
 114664 78406.6 104039 140873 137039 197718 298436 341465 280195 264255 228236 157292 96427.4 50911.3 25377.3 22763.5 28241.5 39619.4 51078.4 59703.9 87329.1 100609 125578 179431 269292 307687 295154
desembarqueobs
 350755 77701 442110 56441 14545 235359 269955 359681 431902 328805 639364 411747 362871 311530 167758 66681 60226 58785 57116 73181 50977 67692 138656 160484 209506 203330 187013
desembarquepred
 350766 77705.2 442160 56443 14545.1 235397 269984 359716 431981 328869 639757 412098 363354 312125 167851 66698.1 60247.4 58789.5 57115 73184.1 50978.4 67689.6 138662 160492 209507 203328 187013
Reclutas
 72158.7 90622.2 58209.2 84551.4 139072 105858 156433 137136 151175 135149 67331.3 40747.2 42667.9 24065.1 19370.1 24597.9 20278.1 24716.8 28043.1 47347.3 58179.8 74726.5 122315 174006 95115.9 109544 138070
log_desv_Rt
 0.0666229 0.294455 -0.148201 0.225114 0.722744 0.44985 0.840385 0.708727 0.806192 0.694136 -0.0026199 -0.504858 -0.458799 -1.03148 -1.24851 -1.00958 -1.20271 -1.00476 -0.878503 -0.354734 -0.148706 0.101591 0.594353 0.946845 0.342851 0.484082 0.715519
SSB
 854234 584121 775083 1.04949e+06 1.02092e+06 1.47298e+06 2.22332e+06 2.54388e+06 2.08742e+06 1.96867e+06 1.70034e+06 1.17181e+06 718374 379284 189059 169586 210397 295160 380529 444788 650593 749525 935540 1.33674e+06 2.0062e+06 2.29223e+06 2.19887e+06
BT
 2.96823e+06 821702 1.66011e+06 1.61921e+06 1.78549e+06 1.96084e+06 4.36997e+06 3.86771e+06 3.54112e+06 3.00492e+06 2.43013e+06 1.63973e+06 1.11998e+06 602963 360616 298976 371754 508801 564407 772190 1.1504e+06 1.04579e+06 1.47967e+06 2.24611e+06 2.88737e+06 3.1508e+06 3.06771e+06
Ftot
 0.351209 0.254479 0.341786 0.0628906 0.0135728 0.14166 0.0884047 0.180002 0.210269 0.181312 0.405057 0.382767 0.605833 1.05977 0.961723 0.370152 0.261466 0.174781 0.142755 0.146682 0.0701465 0.0944292 0.113417 0.106974 0.0888271 0.0848851 0.082269
BD_Bspro_t
 0.958345 0.808038 0.787298 0.698718 0.791432 0.87859 0.855481 0.857883 0.809915 0.768498 0.722181 0.572579 0.458287 0.345074 0.228055 0.248168 0.36923 0.537404 0.652342 0.732408 0.813505 0.867843 0.871966 0.876258 0.887606 0.870735 0.861225
BD_Bspro
 0.610817 0.417674 0.554221 0.750432 0.730009 1.05325 1.58978 1.81899 1.4926 1.40769 1.21582 0.8379 0.513671 0.271206 0.135186 0.121262 0.150443 0.211054 0.272096 0.318044 0.465204 0.535945 0.668955 0.955835 1.43452 1.63905 1.57229
BD_Bo
 0.29299 0.200345 0.265842 0.359959 0.350163 0.50521 0.762567 0.872513 0.715956 0.675225 0.583192 0.401914 0.246392 0.130089 0.0648444 0.0581655 0.072163 0.101236 0.130516 0.152556 0.223144 0.257076 0.320877 0.458484 0.688097 0.786203 0.754181
BD_Brms
 0.532709 0.364264 0.48335 0.654471 0.636659 0.918564 1.38649 1.58639 1.30174 1.22768 1.06035 0.730754 0.447985 0.236525 0.117899 0.105755 0.131205 0.184065 0.237302 0.277374 0.405716 0.467411 0.583412 0.833607 1.25108 1.42946 1.37124
S_f
 0.191062 1 1 1 1
 0.191062 1 1 1 1
 0.191062 1 1 1 1
 0.191062 1 1 1 1
 0.191062 1 1 1 1
 0.191062 1 1 1 1
 0.191062 1 1 1 1
 0.191062 1 1 1 1
 0.191062 1 1 1 1
 0.191062 1 1 1 1
 0.191062 1 1 1 1
 0.191062 1 1 1 1
 0.191062 1 1 1 1
 0.191062 1 1 1 1
 0.191062 1 1 1 1
 0.191062 1 1 1 1
 0.191062 1 1 1 1
 0.191062 1 1 1 1
 0.191062 1 1 1 1
 0.191062 1 1 1 1
 0.191062 1 1 1 1
 0.191062 1 1 1 1
 0.191062 1 1 1 1
 0.191062 1 1 1 1
 0.191062 1 1 1 1
 0.191062 1 1 1 1
 0.191062 1 1 1 1
Scru_reclas
 1 1 1 1 1
 1 1 1 1 1
 1 1 1 1 1
 1 1 1 1 1
 1 1 1 1 1
 1 1 1 1 1
 1 1 1 1 1
 1 1 1 1 1
 1 1 1 1 1
 1 1 1 1 1
 1 1 1 1 1
 1 1 1 1 1
 1 1 1 1 1
 1 1 1 1 1
 1 1 1 1 1
 1 1 1 1 1
 1 1 1 1 1
 1 1 1 1 1
 1 1 1 1 1
 1 1 1 1 1
 1 1 1 1 1
 1 1 1 1 1
 1 1 1 1 1
 1 1 1 1 1
 1 1 1 1 1
 1 1 1 1 1
 1 1 1 1 1
Scru_pelaces
 1 1 1 1 1
 1 1 1 1 1
 1 1 1 1 1
 1 1 1 1 1
 1 1 1 1 1
 1 1 1 1 1
 1 1 1 1 1
 1 1 1 1 1
 1 1 1 1 1
 1 1 1 1 1
 1 1 1 1 1
 1 1 1 1 1
 1 1 1 1 1
 1 1 1 1 1
 1 1 1 1 1
 1 1 1 1 1
 1 1 1 1 1
 1 1 1 1 1
 1 1 1 1 1
 1 1 1 1 1
 1 1 1 1 1
 1 1 1 1 1
 1 1 1 1 1
 1 1 1 1 1
 1 1 1 1 1
 1 1 1 1 1
 1 1 1 1 1
pf_obs 
 0.256992 0.487395 0.22802 0.0275931 0
 0.321318 0.546541 0.124235 0.00734118 0.000564706
 0.182869 0.594174 0.210203 0.0122559 0.00049798
 0.330522 0.361315 0.267642 0.0388342 0.00168674
 0.649043 0.306663 0.0425973 0.00169635 0
 0.582887 0.30429 0.105238 0.00758474 0
 0.465427 0.430635 0.0974691 0.00646863 0
 0.296916 0.608066 0.0921331 0.00288517 0
 0.311714 0.524322 0.152257 0.0117073 0
 0.15457 0.633149 0.183074 0.0267441 0.00246327
 0.131901 0.49318 0.331252 0.0422183 0.00144891
 0.196976 0.569456 0.194076 0.0375587 0.00193317
 0.518974 0.381816 0.0799577 0.0180837 0.00116848
 0.0928022 0.601141 0.25162 0.0475244 0.00691264
 0.122501 0.610282 0.24278 0.0234846 0.000952079
 0.383417 0.481906 0.127806 0.00687128 0
 0.0376549 0.599619 0.316969 0.0457579 0
 0.0361596 0.667082 0.258105 0.0386534 0
 0.158088 0.579412 0.248529 0.0139706 0
 0.0477256 0.309471 0.559284 0.082774 0.000745712
 0.0406174 0.521527 0.379366 0.0568643 0.0016247
 0.151134 0.462217 0.34131 0.0453401 0
 0.294876 0.26143 0.354403 0.0886775 0.000613685
 0.281977 0.475581 0.204845 0.0348837 0.00271318
 0.0841818 0.532909 0.334909 0.0458182 0.00218182
 0.115287 0.27431 0.454777 0.147771 0.00785563
 0.0989387 0.350907 0.424855 0.114687 0.0106128
pf_pred 
 0.379188 0.438547 0.163044 0.0192102 1.08064e-05
 0.308458 0.546378 0.102545 0.0381246 0.00449446
 0.174476 0.597809 0.179914 0.0337667 0.0140338
 0.256183 0.419932 0.234544 0.0705874 0.018754
 0.294862 0.458139 0.139446 0.0778849 0.0296675
 0.17509 0.567293 0.167377 0.0509456 0.0392934
 0.246374 0.408746 0.237175 0.0699776 0.0377274
 0.189633 0.518998 0.15803 0.0916972 0.0416411
 0.212407 0.449585 0.216476 0.065915 0.055616
 0.188449 0.493884 0.181336 0.0873135 0.0490183
 0.114815 0.50375 0.232129 0.0852289 0.0640769
 0.114466 0.39904 0.276859 0.127577 0.082058
 0.191799 0.361357 0.201357 0.139704 0.105783
 0.17537 0.514137 0.138825 0.0773569 0.0943106
 0.251884 0.487783 0.162311 0.0438266 0.0541947
 0.32978 0.494641 0.11448 0.0380936 0.0230051
 0.219344 0.588364 0.141916 0.0328453 0.0175297
 0.246451 0.470172 0.213576 0.0515154 0.0182861
 0.235676 0.496558 0.16707 0.0758916 0.0248032
 0.307839 0.437934 0.165163 0.0555703 0.0334927
 0.262325 0.526257 0.133766 0.0504486 0.027204
 0.254068 0.490603 0.182151 0.0462998 0.0268776
 0.302725 0.453554 0.160297 0.0595151 0.0239096
 0.290621 0.500298 0.136 0.0480656 0.0250152
 0.132988 0.600347 0.188069 0.0511243 0.0274721
 0.174559 0.37583 0.311325 0.0975281 0.0407581
 0.21351 0.420745 0.166527 0.137945 0.0612734
pobs_RECLAS
 0 0 0 0 0
 0 0 0 0 0
 0 0 0 0 0
 0 0 0 0 0
 0.835266 0.146461 0.0176864 0.000547809 3.91292e-05
 0.385257 0.428462 0.181853 0.0044286 0
 0.867414 0.0963971 0.0333333 0.00285562 0
 0.441836 0.489002 0.0689373 0.000224442 0
 0.779404 0.147425 0.0564933 0.0165055 0.000172143
 0.814271 0.122319 0.05973 0.00367925 0
 0.40263 0.566651 0.0304383 0.000280538 0
 0.475488 0.404961 0.113038 0.00651328 0
 0.955842 0.0263864 0.0167828 0.000988607 0
 0.975058 0.0227948 0.00214734 0 0
 0.738997 0.206755 0.0527124 0.00153531 0
 0.850938 0.134255 0.0134407 0.00136685 0
 0.542534 0.407297 0.0501686 0 0
 0.764087 0.199537 0.0359546 0.000420521 0
 0.470689 0.182191 0.310203 0.0369168 0
 0.84361 0.089868 0.0606195 0.00523954 0.000663233
 0.607945 0.314616 0.071237 0.00620181 0
 0.523733 0.453247 0.0230204 0 0
 0.530135 0.295979 0.169645 0.0042399 0
 0.562478 0.366248 0.0663022 0.0049721 0
 0.250443 0.683176 0.0655157 0.000865301 0
 0.195077 0.31981 0.436473 0.0351445 0.0134964
 0.565238 0.351407 0.0832357 0.000118908 0
ppred_RECLAS
 0.765557 0.165613 0.0615719 0.00725455 4.08092e-06
 0.703131 0.234552 0.0440213 0.0163663 0.00192941
 0.530328 0.340117 0.10236 0.0192112 0.00798438
 0.643905 0.201038 0.112286 0.033793 0.00897831
 0.686523 0.203671 0.0619924 0.0346246 0.013189
 0.52812 0.324513 0.0957463 0.0291428 0.0224773
 0.632174 0.199499 0.115759 0.0341543 0.0184138
 0.552914 0.286336 0.0871865 0.0505901 0.0229737
 0.588132 0.235109 0.113205 0.03447 0.0290841
 0.551023 0.273233 0.100321 0.0483047 0.0271185
 0.410476 0.335492 0.154595 0.0567616 0.0426745
 0.409227 0.266214 0.184703 0.0851114 0.0547439
 0.564461 0.194735 0.108511 0.0752865 0.0570061
 0.549653 0.280781 0.0758154 0.0422462 0.051505
 0.656279 0.224112 0.0745737 0.0201361 0.0248997
 0.724844 0.203072 0.0469994 0.0156391 0.00944465
 0.598824 0.302359 0.0729303 0.0168791 0.00900846
 0.633415 0.228728 0.1039 0.0250611 0.00889576
 0.619188 0.247402 0.0832401 0.0378118 0.0123578
 0.701117 0.189105 0.0713195 0.0239959 0.0144625
 0.651289 0.24877 0.0632331 0.0238479 0.0128598
 0.641733 0.235634 0.0874863 0.0222375 0.0129092
 0.695638 0.197977 0.0699699 0.0259784 0.0104366
 0.683141 0.223469 0.0607472 0.0214695 0.0111736
 0.446413 0.383321 0.120082 0.0326428 0.0175409
 0.526414 0.215628 0.178618 0.0559554 0.0233844
 0.587921 0.220448 0.0872513 0.072276 0.032104
pobs_PELACES
 0 0 0 0 0
 0 0 0 0 0
 0 0 0 0 0
 0 0 0 0 0
 0 0 0 0 0
 0 0 0 0 0
 0 0 0 0 0
 0 0 0 0 0
 0 0 0 0 0
 0 0 0 0 0
 0.450072 0.473896 0.0757376 0.000293798 0
 0 0 0 0 0
 0.463077 0.371075 0.160297 0.00555027 0
 0.529543 0.364841 0.0842815 0.0213345 0
 0.631943 0.363953 0.00410389 0 0
 0.735681 0.248677 0.0153453 0.000297389 0
 0.695825 0.281241 0.0229344 0 0
 0.275771 0.60734 0.115278 0.00161068 0
 0 0 0 0 0
 0.896147 0.0623911 0.0374545 0.00400742 0
 0.803859 0.145111 0.0509908 3.86294e-05 0
 0.739449 0.233085 0.0266225 0.000797448 4.60066e-05
 0.878498 0.100942 0.0204185 0.000141795 0
 0.694673 0.275183 0.0284847 0.00165964 0
 0.469039 0.446079 0.0841089 0.000773354 0
 0.822795 0.102175 0.0682046 0.00682512 0
 0.69333 0.244118 0.0624202 0.000131731 0
ppred_PELACES
 0.781963 0.154023 0.057263 0.00674687 3.79533e-06
 0.717112 0.223505 0.041948 0.0155955 0.00183854
 0.552975 0.323716 0.0974242 0.0182848 0.00759937
 0.647745 0.19887 0.111075 0.0334286 0.00888149
 0.687302 0.203165 0.0618383 0.0345385 0.0131562
 0.537533 0.31804 0.0938364 0.0285615 0.022029
 0.637644 0.196532 0.114038 0.0336464 0.0181399
 0.56476 0.278749 0.0848764 0.0492497 0.022365
 0.601658 0.227387 0.109488 0.0333379 0.028129
 0.562966 0.265965 0.0976523 0.0470198 0.0263972
 0.436872 0.320471 0.147673 0.0542201 0.0407638
 0.43414 0.254988 0.176914 0.0815223 0.0524354
 0.603726 0.177179 0.0987285 0.0684992 0.0518669
 0.618261 0.238005 0.0642653 0.0358102 0.0436584
 0.711665 0.187999 0.062557 0.0168914 0.0208874
 0.744108 0.188855 0.0437089 0.0145442 0.00878342
 0.61547 0.289813 0.0699042 0.0161787 0.00863466
 0.64418 0.222011 0.100849 0.0243252 0.00863453
 0.628132 0.241592 0.081285 0.0369237 0.0120675
 0.709257 0.183955 0.069377 0.0233424 0.0140687
 0.65553 0.245745 0.0624641 0.0235578 0.0127034
 0.647508 0.231836 0.0860761 0.0218791 0.0127011
 0.70201 0.193832 0.068505 0.0254346 0.0102181
 0.68929 0.219132 0.0595684 0.0210529 0.0109567
 0.45228 0.379258 0.118809 0.0322968 0.017355
 0.53206 0.213057 0.176489 0.0552884 0.0231057
 0.593231 0.217607 0.086127 0.0713447 0.0316903
pobs_pel_tallas
 0 0 0 0 0 0 0 0 0 0 0 0 0 0 0 0 0 0 0 0 0 0 0 0 0 0 0 0 0 0 0 0 0 0 0 0
 0 0 0 0 0 0 0 0 0 0 0 0 0 0 0 0 0 0 0 0 0 0 0 0 0 0 0 0 0 0 0 0 0 0 0 0
 0 0 0 0 0 0 0 0 0 0 0 0 0 0 0 0 0 0 0 0 0 0 0 0 0 0 0 0 0 0 0 0 0 0 0 0
 0 0 0 0 0 0 0 0 0 0 0 0 0 0 0 0 0 0 0 0 0 0 0 0 0 0 0 0 0 0 0 0 0 0 0 0
 0 0 0 0 0 0 0 0 0 0 0 0 0 0 0 0 0 0 0 0 0 0 0 0 0 0 0 0 0 0 0 0 0 0 0 0
 0 0 0 0 0 0 0 0 0 0 0 0 0 0 0 0 0 0 0 0 0 0 0 0 0 0 0 0 0 0 0 0 0 0 0 0
 0 0 0 0 0 0 0 0 0 0 0 0 0 0 0 0 0 0 0 0 0 0 0 0 0 0 0 0 0 0 0 0 0 0 0 0
 0 0 0 0 0 0 0 0 0 0 0 0 0 0 0 0 0 0 0 0 0 0 0 0 0 0 0 0 0 0 0 0 0 0 0 0
 0 0 0 0 0 0 0 0 0 0 0 0 0 0 0 0 0 0 0 0 0 0 0 0 0 0 0 0 0 0 0 0 0 0 0 0
 0 0 0 0 0 0 0 0 0 0 0 0 0 0 0 0 0 0 0 0 0 0 0 0 0 0 0 0 0 0 0 0 0 0 0 0
 0 0 0 0 0 0 0 0 1.78061e-05 0.00172719 0.00360574 0.0105946 0.0120993 0.0124554 0.0147524 0.0171206 0.0266825 0.0428682 0.0675386 0.121331 0.153587 0.119568 0.100827 0.0573624 0.0630603 0.0341343 0.0324427 0.0444173 0.0211091 0.0280891 0.0125444 0.00206551 0 0 0 0
 0 0 0 0 0 0 0 0 0 0 0 0 0 0 0 0 0 0 0 0 0 0 0 0 0 0 0 0 0 0 0 0 0 0 0 0
 0 0 0 0 0 0 0.0133647 0.0140871 0.0187388 0.0205184 0.03894 0.0496705 0.03968 0.0493445 0.0407372 0.0367815 0.0215668 0.0243155 0.0234873 0.0199281 0.019796 0.0243948 0.0301388 0.0376714 0.0412746 0.0863199 0.0771752 0.113111 0.0741005 0.0525337 0.0229764 0.00759418 0.00175318 0 0 0
 0 0 0 0 0 0 0 0 0 0 0.00219441 0.00772107 0.0458388 0.0604681 0.0671733 0.0775358 0.0609151 0.0617685 0.073594 0.0568108 0.0755445 0.0548602 0.0670107 0.0636378 0.0643287 0.046367 0.0373049 0.0286899 0.0247887 0.0153202 0.00654259 0.00121912 0.000365735 0 0 0
 0 0 0 0 0 0 0 0 0 0 0 0 0.000112435 0.00938835 0.0111873 0.0202946 0.0414886 0.0713402 0.111592 0.104902 0.108894 0.110636 0.117776 0.105296 0.107544 0.0401394 0.0192827 0.0124803 0.00416011 0.0028671 0.000618394 0 0 0 0 0
 0 0 0 0 0 0 0 0 0 0 0.00291406 0.0102884 0.027416 0.0768956 0.0749926 0.110853 0.0956884 0.0897413 0.0766577 0.0534642 0.0500743 0.0551293 0.0594112 0.0620874 0.0668451 0.0424026 0.0208742 0.0120726 0.0048766 0.00582813 0.00118941 0.000297354 0 0 0 0
 0 0.00264628 0.0354308 0.0461629 0.0458689 0.0383711 0.0214643 0.0164657 0.0346957 0.0420465 0.0363128 0.0245516 0.0311673 0.0291091 0.0169068 0.0133784 0.00837989 0.0085269 0.0148486 0.0160247 0.0276389 0.0546898 0.0760071 0.122758 0.109233 0.0665981 0.0333725 0.0166128 0.00676272 0.00308733 0.000882094 0 0 0 0 0
 0 0 0 0 0 0 0 0.000805153 0.000690131 0.00759144 0.0133425 0.0154129 0.00931677 0.000345066 0.00356568 0.00563607 0.00851162 0.0253048 0.0502646 0.0516448 0.0657925 0.0565908 0.0611916 0.0827007 0.0866115 0.110766 0.145733 0.0935128 0.0569358 0.0249597 0.0138026 0.00621118 0.00161031 0.00115022 0 0
 0 0 0 0 0 0 0 0 0 0 0 0 0 0 0 0 0 0 0 0 0 0 0 0 0 0 0 0 0 0 0 0 0 0 0 0
 0.00147267 0.00158595 0.00478618 0.00569244 0.00954404 0.0108468 0.00647125 0.017049 0.0510054 0.094081 0.124002 0.0959785 0.0687766 0.0820023 0.061753 0.0591476 0.0492212 0.0479892 0.0443925 0.0268479 0.0217502 0.0140895 0.0121071 0.0120363 0.00920419 0.00665534 0.0049561 0.00860946 0.00930331 0.0156896 0.0114698 0.00855282 0.00243557 0.00046729 0 2.83206e-05
 0 0 0 0 0.000772559 0.00158375 0.000888443 0.00281984 0.00712685 0.0440552 0.0773331 0.111326 0.0921469 0.0852325 0.0710754 0.0886704 0.0786465 0.0553345 0.0373146 0.0185414 0.00753245 0.00457741 0.012979 0.0271748 0.0457355 0.0583668 0.034881 0.0177882 0.00938659 0.00492506 0.0015258 0.00185414 0.000309023 5.79419e-05 3.86279e-05 0
 0 0.00173294 0.00326652 0 0.00397197 0.00683976 0.00946217 0.0152591 0.00757587 0.0136028 0.0228656 0.0392903 0.0559909 0.0764795 0.0681675 0.0726916 0.0566044 0.0477403 0.0527397 0.0444891 0.0609904 0.0582453 0.0661739 0.0445044 0.0529084 0.0360697 0.0280645 0.0235558 0.0158879 0.00826598 0.00280645 0.00217768 0.000904811 0.00058276 9.20147e-05 0
 0 0 0 0 0 0 0 0 0 0 0 0 0 0 0 0 0 0 0 0 0 0 0 0 0 0 0 0 0 0 0 0 0 0 0 0
 0 0 0 0 0 0 0 0 0 0 0 0 0 0 0 0 0 0 0 0 0 0 0 0 0 0 0 0 0 0 0 0 0 0 0 0
 0 0 0 0 0 0 0 0 0 0 0 0 0 0 0 0 0 0 0 0 0 0 0 0 0 0 0 0 0 0 0 0 0 0 0 0
 0 0 0 0 0 0 0 0 0 0 0 0 0 0 0 0 0 0 0 0 0 0 0 0 0 0 0 0 0 0 0 0 0 0 0 0
 0 0 0 0 0 0 0 0 0 0 0 0 0 0 0 0 0 0 0 0 0 0 0 0 0 0 0 0 0 0 0 0 0 0 0 0
ppred_pel_tallas
 1.01096e-16 3.41163e-05 0.000200239 0.000951857 0.00366472 0.0114281 0.0288664 0.0590643 0.0979049 0.131481 0.143072 0.126185 0.0902948 0.0526316 0.0254216 0.010992 0.00560838 0.00487828 0.00611097 0.00812708 0.0104481 0.0127894 0.0148913 0.0165115 0.0174665 0.0176695 0.0171462 0.0160205 0.0144774 0.0127165 0.0109121 0.00918892 0.00761841 0.00622832 0.00501917 0.00397935
 1.01291e-16 3.12912e-05 0.000183648 0.000872964 0.00336093 0.0104807 0.0264736 0.0541689 0.0897928 0.120594 0.131244 0.115799 0.0829635 0.0485603 0.0238326 0.0109498 0.00652091 0.00654 0.00853754 0.0113946 0.0145942 0.0177625 0.0205306 0.0225556 0.023587 0.0235226 0.0224299 0.0205212 0.0180951 0.0154637 0.0128899 0.0105515 0.00853453 0.00685154 0.00546969 0.00433842
 1.02472e-16 2.41383e-05 0.000141644 0.000673253 0.00259196 0.0080827 0.0204165 0.0417764 0.0692551 0.0930261 0.101279 0.0894506 0.0642829 0.0380231 0.0194022 0.0101657 0.00777278 0.00918987 0.0125269 0.0168709 0.0216973 0.026521 0.0308187 0.0340895 0.0359572 0.0362522 0.0350435 0.0326063 0.0293417 0.0256764 0.0219759 0.0184952 0.0153701 0.0126408 0.010289 0.00827322
 1.03206e-16 2.82656e-05 0.000165887 0.00078853 0.00303585 0.00946698 0.0239129 0.0489294 0.0811077 0.108931 0.118552 0.104605 0.0749535 0.0438926 0.0215827 0.00999132 0.00606699 0.00620718 0.00820181 0.0110643 0.0143527 0.0177508 0.0209376 0.0235999 0.0254868 0.0264588 0.0265083 0.0257442 0.0243504 0.0225325 0.020474 0.0183114 0.0161331 0.013992 0.0119235 0.00995922
 1.02746e-16 2.99906e-05 0.000176013 0.000836674 0.00322122 0.010045 0.025373 0.051917 0.0860596 0.11558 0.125786 0.110979 0.0795025 0.0465192 0.0228035 0.0104336 0.00616081 0.00615 0.00804401 0.0107863 0.0139035 0.0170625 0.0199343 0.0222076 0.0236461 0.0241382 0.0237161 0.0225353 0.0208251 0.018828 0.0167483 0.0147244 0.0128264 0.0110736 0.00945864 0.00796863
 1.03447e-16 2.34646e-05 0.00013769 0.000654455 0.00251959 0.00785701 0.0198464 0.04061 0.0673216 0.0904293 0.0984531 0.0869573 0.0624969 0.0369786 0.0188914 0.0099349 0.00764239 0.00906867 0.0123798 0.0166913 0.0214949 0.02632 0.0306574 0.0340189 0.0360366 0.0365422 0.0355975 0.0334627 0.0305168 0.0271611 0.0237356 0.0204725 0.017491 0.0148221 0.0124467 0.0103302
 1.03687e-16 2.78251e-05 0.000163301 0.000776236 0.00298852 0.00931938 0.0235401 0.0481665 0.0798432 0.107233 0.116705 0.102976 0.0737885 0.0432151 0.0212589 0.00985765 0.00600939 0.00616986 0.00816587 0.0110287 0.0143259 0.0177478 0.0209797 0.0237127 0.0256982 0.0267949 0.0269896 0.0263819 0.0251437 0.023468 0.0215261 0.0194456 0.017309 0.0151672 0.0130581 0.0110189
 1.04033e-16 2.46502e-05 0.000144654 0.000687572 0.00264711 0.00825469 0.0208509 0.0426649 0.0707264 0.0949978 0.103414 0.0913074 0.065555 0.0386506 0.0194924 0.00984196 0.00708388 0.00810809 0.0109885 0.0148209 0.0191247 0.0234841 0.0274561 0.0306154 0.0326385 0.0333714 0.0328567 0.0313047 0.0290262 0.0263493 0.0235492 0.0208111 0.0182281 0.0158245 0.01359 0.0115088
 1.04089e-16 2.62571e-05 0.000154093 0.000732454 0.00281993 0.00879365 0.0222122 0.0454498 0.0753411 0.10119 0.110138 0.0972064 0.0697067 0.0409306 0.0203325 0.00975984 0.00639885 0.00691857 0.00926999 0.0125229 0.0162323 0.0200511 0.0236175 0.0265787 0.028656 0.0297004 0.0297147 0.0288345 0.0272776 0.0252822 0.0230543 0.0207402 0.0184259 0.0161542 0.0139478 0.0118287
 1.04322e-16 2.45715e-05 0.000144193 0.000685382 0.00263868 0.00822842 0.0207845 0.042529 0.0705008 0.0946939 0.103081 0.0910074 0.0653271 0.0384914 0.0193666 0.00970489 0.0068963 0.00783993 0.0106191 0.0143414 0.0185424 0.0228264 0.026772 0.0299715 0.0321102 0.0330309 0.0327597 0.0314803 0.0294719 0.0270322 0.0244132 0.021787 0.0192447 0.0168182 0.0145111 0.0123242
 1.05969e-16 1.90755e-05 0.000111921 0.000531948 0.0020479 0.00638608 0.016131 0.033008 0.0547214 0.0735109 0.0800511 0.0707456 0.0509365 0.0303223 0.0158324 0.00888514 0.00751631 0.00936893 0.0129756 0.0176168 0.0228482 0.0282243 0.0332444 0.0374145 0.0403446 0.041827 0.0418683 0.0406608 0.0385113 0.0357533 0.0326732 0.0294719 0.0262646 0.0231057 0.0200232 0.0170457
 1.07846e-16 1.89537e-05 0.000111212 0.000528591 0.002035 0.00634586 0.0160293 0.0327995 0.0543741 0.0730391 0.0795238 0.0702475 0.050508 0.0299277 0.0153725 0.00822988 0.00652882 0.00791966 0.0109579 0.0149718 0.0195951 0.0244865 0.0292589 0.0335173 0.0369298 0.0392868 0.0405272 0.040721 0.0400214 0.038607 0.0366357 0.0342243 0.0314554 0.028397 0.0251262 0.0217412
 1.06237e-16 2.63452e-05 0.000154614 0.000734945 0.00282954 0.00882363 0.0222878 0.0456042 0.0755956 0.101527 0.110494 0.097493 0.0698524 0.0408961 0.0200931 0.00927729 0.00560697 0.00573008 0.00759755 0.0103069 0.01347 0.0168199 0.0200868 0.0230029 0.0253475 0.0269869 0.0278896 0.0281127 0.0277656 0.0269681 0.0258179 0.0243776 0.0226814 0.0207536 0.0186279 0.0163596
 1.04261e-16 2.69814e-05 0.000158344 0.000752664 0.00289775 0.0090363 0.0228251 0.0467039 0.07742 0.103982 0.113177 0.099888 0.0716286 0.0420565 0.0208857 0.0100125 0.00654133 0.00704321 0.00940388 0.0126566 0.0163324 0.0200645 0.0234761 0.0262081 0.0279891 0.0286925 0.028358 0.0271655 0.0253774 0.0232662 0.0210557 0.0188895 0.0168315 0.0148882 0.0130402 0.0112684
 1.02506e-16 3.10523e-05 0.000182248 0.000866317 0.00333536 0.010401 0.0262721 0.0537564 0.089108 0.119672 0.130233 0.11489 0.0822755 0.0480838 0.0234622 0.0105521 0.00597885 0.00576343 0.00746315 0.00999136 0.0128761 0.0158006 0.0184583 0.0205598 0.0218852 0.0223303 0.0219243 0.0208112 0.0192044 0.0173302 0.0153807 0.0134866 0.011716 0.0100884 0.00859774 0.00723147
 1.01593e-16 3.2467e-05 0.000190553 0.000905802 0.00348738 0.0108751 0.0274696 0.0562066 0.0931691 0.125125 0.136165 0.120117 0.0860043 0.0502345 0.0244577 0.0109065 0.00604475 0.00570421 0.00732378 0.00976263 0.0125264 0.0152877 0.0177343 0.0195762 0.0205988 0.0207104 0.019959 0.018513 0.0166121 0.0145081 0.0124129 0.0104698 0.00874935 0.00726423 0.00599311 0.00490275
 1.02047e-16 2.68619e-05 0.000157637 0.000749294 0.00288475 0.00899576 0.0227227 0.0464949 0.0770751 0.103523 0.11269 0.0994862 0.0714023 0.0420478 0.0211113 0.010501 0.00735334 0.00826474 0.0111232 0.0149344 0.0191713 0.0233849 0.0271042 0.0298833 0.0313922 0.0314895 0.0302502 0.0279357 0.0249189 0.0215924 0.0182893 0.0152372 0.0125508 0.0102541 0.00831634 0.00668499
 1.02744e-16 2.81111e-05 0.000164977 0.000784203 0.00301918 0.009415 0.0237816 0.048661 0.0806635 0.108336 0.117911 0.104052 0.0745842 0.0437315 0.0216057 0.0101724 0.00640497 0.00672445 0.008929 0.0120224 0.0155382 0.0191247 0.0224218 0.0250819 0.026834 0.0275388 0.0272112 0.0260017 0.0241454 0.0218994 0.0194888 0.0170768 0.0147606 0.0125866 0.0105726 0.00872696
 1.03066e-16 2.74121e-05 0.000160872 0.000764681 0.00294401 0.00918057 0.0231895 0.0474496 0.0786561 0.105642 0.114984 0.101483 0.0727724 0.0427283 0.02122 0.0101737 0.00664793 0.00715852 0.00955682 0.0128592 0.0165867 0.0203626 0.0237981 0.0265212 0.0282478 0.0288416 0.0283369 0.0269157 0.0248492 0.0224263 0.0198931 0.0174191 0.0150947 0.0129495 0.0109808 0.00917766
 1.02505e-16 3.09471e-05 0.000181631 0.000863385 0.00332407 0.0103658 0.0261832 0.0535744 0.0888063 0.119267 0.129791 0.114499 0.0819924 0.0479124 0.0233677 0.0104918 0.00592102 0.00569041 0.00736724 0.00987188 0.0127388 0.0156582 0.0183299 0.0204692 0.0218573 0.0223863 0.0220773 0.0210626 0.0195429 0.0177333 0.0158181 0.0139254 0.0121255 0.0104444 0.00888501 0.00744431
 1.0237e-16 2.86069e-05 0.000167886 0.000798027 0.0030724 0.00958095 0.0242008 0.0495189 0.082086 0.110248 0.119995 0.105899 0.0759269 0.044555 0.0220788 0.0105029 0.00675015 0.00717672 0.00953294 0.0127868 0.0164364 0.0200904 0.0233501 0.0258387 0.027275 0.0275353 0.0266757 0.024907 0.0225325 0.0198709 0.0171913 0.0146759 0.0124155 0.0104291 0.00869437 0.00717544
 1.02643e-16 2.82566e-05 0.00016583 0.000788257 0.00303479 0.00946366 0.0239046 0.0489126 0.0810807 0.108897 0.118523 0.104596 0.0749825 0.0439816 0.0217597 0.0102945 0.0065455 0.00691478 0.00918568 0.0123495 0.0159257 0.019547 0.0228371 0.0254364 0.0270696 0.0276032 0.0270687 0.0256408 0.0235818 0.0211736 0.0186589 0.0162082 0.0139159 0.0118171 0.00991323 0.00819481
 1.02388e-16 3.06315e-05 0.000179777 0.00085457 0.00329012 0.0102599 0.0259158 0.0530274 0.0878999 0.11805 0.128471 0.113341 0.0811771 0.0474649 0.0232033 0.0105091 0.00605783 0.00592814 0.00771183 0.0103348 0.0133248 0.0163587 0.01912 0.021309 0.0226965 0.0231717 0.0227613 0.0216102 0.019936 0.0179713 0.015915 0.0139054 0.0120175 0.0102775 0.00868523 0.00723295
 1.02153e-16 3.00779e-05 0.000176525 0.0008391 0.00323055 0.0100742 0.0254466 0.0520676 0.0863097 0.115917 0.126156 0.111314 0.0797593 0.046704 0.0229581 0.0106113 0.00641019 0.00651059 0.00854527 0.0114442 0.0147139 0.0179954 0.0209309 0.0231836 0.0245012 0.0247709 0.0240399 0.0224928 0.0203969 0.0180341 0.0156429 0.0133859 0.0113455 0.00954148 0.007957 0.00656363
 1.03731e-16 1.97498e-05 0.000115875 0.00055073 0.0021202 0.00661151 0.0167005 0.0341736 0.0566551 0.0761121 0.0828933 0.0732801 0.0528105 0.0315358 0.0166435 0.00961637 0.00843201 0.0106517 0.0147408 0.0199161 0.0256544 0.031413 0.0365865 0.0405905 0.0429831 0.04356 0.0423926 0.0397892 0.0362029 0.0321153 0.0279375 0.0239543 0.0203165 0.0170691 0.014196 0.0116594
 1.05555e-16 2.32219e-05 0.000136274 0.000647744 0.00249378 0.00777657 0.0196431 0.0401932 0.066628 0.0894896 0.0974089 0.0859847 0.0616888 0.0362821 0.0181366 0.00890065 0.00610468 0.00682427 0.00926901 0.0126349 0.0165404 0.0206797 0.0247203 0.0283226 0.0311968 0.0331539 0.0341298 0.0341732 0.0334094 0.0319934 0.0300722 0.027767 0.0251746 0.0223802 0.0194722 0.0165481
 1.05226e-16 2.58892e-05 0.000151933 0.000722192 0.00278043 0.00867045 0.021901 0.044813 0.0742852 0.0997712 0.108593 0.0958384 0.0687177 0.0403337 0.020006 0.00955361 0.00619977 0.00665931 0.00891366 0.0120513 0.0156441 0.0193646 0.022874 0.0258427 0.028011 0.0292398 0.029531 0.0290064 0.027859 0.0262944 0.024482 0.0225332 0.020504 0.018416 0.0162826 0.0141276
pSPR Fmed_Fpbrs
0.436293   0.6 0.325
Fs Fmed_Fpbrs
0.66   0.345929 1.05748
SSBpbr Bo_Bmed_Bpbrs
2.91557e+06  1.12626e+06  1.60357e+06 801783
Ro
67507.9
SPR SPRFo_SPRFmed_SPRFpbrs
1.39851e+06 610160 454516
log_Ro
10.94
likeval ReclasPelacesDesembMPH_pf_preclas_ppelaces_ptallas_desvR_qrecl_qpela
 64.5737 24.6159 0.035794 0.000647316 355.824 221.98 59.3259 0 17.8276 9.42662e-05 8.93531e-07 5.26595e-16 0 0 0
q_reclas_q_pelaces
0.252633 1.14395
M
0.7
N
 72158.7 17992.8 6689.39 788.161 0.443366
 90622.2 33507.4 6288.74 2338.04 275.629
 58209.2 42866 12900.8 2421.24 1006.3
 84551.4 27078.5 15124.2 4551.7 1209.32
 139072 41485.5 12627.2 7052.64 2686.46
 105858 68882 20323.3 6185.93 4771.09
 156433 51163.6 29687.8 8759.25 4722.42
 137136 76381.4 23257.4 13495.2 6128.35
 151175 65797.4 31681.6 9646.76 8139.48
 135149 72115 26477.9 12749.2 7157.46
 67331.3 64828.1 29872.9 10968.2 8246.11
 40747.2 30945.7 21470.6 9893.65 6363.63
 42667.9 18807.5 10480 7271.16 5505.64
 24065.1 18872.3 5095.82 2839.51 3461.83
 19370.1 9759.86 3247.62 876.909 1084.36
 24597.9 8004.34 1852.54 616.435 372.272
 20278.1 11380.9 2745.14 635.339 339.083
 24716.8 9579.09 4351.3 1049.55 372.553
 28043.1 11870.9 3994.03 1814.29 592.952
 47347.3 13551.1 5110.68 1719.52 1036.37
 58179.8 22862.2 5811.19 2191.64 1181.83
 74726.5 28506.6 10583.9 2690.26 1561.73
 122315 36444.6 12880.4 4782.24 1921.22
 174006 59437.7 16157.4 5710.41 2971.92
 95115.9 84660.7 26521.5 7209.53 3874.11
 109544 46438.3 38467.9 12050.8 5036.15
 138070 53522.8 21183.9 17548 7794.57
pred_Ctot
 3381.05 3910.32 1453.79 171.289 0.0963556
 3101.66 5494.04 1031.13 383.357 45.1935
 2656.34 9101.45 2739.13 514.087 213.66
 726.781 1191.33 665.393 200.254 53.2045
 259.068 402.524 122.518 68.4302 26.0661
 2036.05 6596.8 1946.36 592.424 456.925
 1886.12 3129.15 1815.7 535.713 288.822
 3340.78 9143.22 2784.03 1615.44 733.594
 4291.12 9082.66 4373.32 1331.64 1123.57
 3315.98 8690.46 3190.81 1536.38 862.535
 3622.26 15892.6 7323.34 2688.86 2021.54
 2075.33 7234.8 5019.61 2313.04 1487.75
 3376.49 6361.43 3544.75 2459.39 1862.23
 3209.54 9409.51 2540.72 1415.75 1726.03
 2363.17 4576.37 1522.8 411.18 508.453
 1212.8 1819.09 421.013 140.093 84.6037
 712.68 1911.68 461.105 106.719 56.9564
 584.92 1115.89 506.895 122.265 43.3997
 543.496 1145.12 385.282 175.014 57.1988
 942.555 1340.89 505.704 170.147 102.549
 557.456 1118.33 284.26 107.206 57.8102
 961.889 1857.4 689.615 175.289 101.757
 1888.02 2828.7 999.731 371.18 149.118
 2534.69 4363.42 1186.14 419.21 218.173
 1152.25 5201.61 1629.5 442.958 238.028
 1268.56 2731.26 2262.48 708.763 296.2
 1549.98 3054.4 1208.9 1001.41 444.814
F
 0.0671028 0.351209 0.351209 0.351209 0.351209
 0.0486212 0.254479 0.254479 0.254479 0.254479
 0.0653022 0.341786 0.341786 0.341786 0.341786
 0.012016 0.0628906 0.0628906 0.0628906 0.0628906
 0.00259326 0.0135728 0.0135728 0.0135728 0.0135728
 0.0270659 0.14166 0.14166 0.14166 0.14166
 0.0168908 0.0884047 0.0884047 0.0884047 0.0884047
 0.0343916 0.180002 0.180002 0.180002 0.180002
 0.0401744 0.210269 0.210269 0.210269 0.210269
 0.0346418 0.181312 0.181312 0.181312 0.181312
 0.0773909 0.405057 0.405057 0.405057 0.405057
 0.0731323 0.382767 0.382767 0.382767 0.382767
 0.115752 0.605833 0.605833 0.605833 0.605833
 0.202482 1.05977 1.05977 1.05977 1.05977
 0.183749 0.961723 0.961723 0.961723 0.961723
 0.070722 0.370152 0.370152 0.370152 0.370152
 0.0499562 0.261466 0.261466 0.261466 0.261466
 0.0333941 0.174781 0.174781 0.174781 0.174781
 0.0272751 0.142755 0.142755 0.142755 0.142755
 0.0280253 0.146682 0.146682 0.146682 0.146682
 0.0134023 0.0701465 0.0701465 0.0701465 0.0701465
 0.0180418 0.0944292 0.0944292 0.0944292 0.0944292
 0.0216696 0.113417 0.113417 0.113417 0.113417
 0.0204386 0.106974 0.106974 0.106974 0.106974
 0.0169715 0.0888271 0.0888271 0.0888271 0.0888271
 0.0162183 0.0848851 0.0848851 0.0848851 0.0848851
 0.0157185 0.082269 0.082269 0.082269 0.082269
Np
 55006.7 25568.5 23715.2 8601.28 4600.46
YTP_r0W_actual
 12554.8 74221.8 39652 40256.8 20328
YTP_p0W_proyectada
 21841.8 333028 170151 84180.2 116681
 21841.8 126159 164838 74731.3 45892.2
CTP_r0_actual
 1549.98 3054.4 1208.9 1001.41 444.814
CTP_p0_proyectada
 2539.75 14479.5 5251.57 2078.52 2509.26
 2539.75 5485.17 5087.58 1845.22 986.93
Wmedp
 8.6 23 32.4 40.5 46.5
nmprior
 10.8 10.6 4.6 0
nm_flota  nm_reclas  nm_pelaces    nm_pelaL
inf 12.0023 20.2557 91.1634
cv_recla  cv_pelaces  cv_mph
0.695919 0.526241 0.679977
 ------------------------------------------------
Talla a la edad & desviaci?n 
 7.2 14.2025 17.0495 18.207 18.6776
 1.08 2.13037 2.55742 2.73105 2.80164
