years
 1997 1998 1999 2000 2001 2002 2003 2004 2005 2006 2007 2008 2009 2010 2011 2012 2013 2014 2015 2016 2017 2018 2019 2020 2021 2022
reclasobs
 0 0 0 370054 412103 1.49427e+06 250295 1.28982e+06 931140 785840 897777 1.04006e+06 184774 17550 25797 100020 73551 82996 120727 218422 84188 347160 605670 569463 516374 1.08416e+06
reclaspred
 425286 118758 361655 260070 387613 476287 1.03152e+06 683353 745871 697371 561380 378172 229704 97916.8 62960.3 64162.7 80828 110733 120761 170761 251664 233241 405066 552806 700916 661667
pelacesobs
 0 0 0 0 0 0 0 0 0 2.06254e+06 1.5e+06 0 1.87456e+06 323000 250000 174000 83755 137374 0 501740 490994 745055 786931 1.00524e+06 1.33801e+06 1.41789e+06
pelacespred
 1.83639e+06 391600 795438 846770 1.10562e+06 1.06158e+06 2.77783e+06 2.20796e+06 2.1753e+06 2.02865e+06 1.40718e+06 979992 598340 201485 136448 148180 195789 276470 300264 425817 710979 621612 889099 1.37848e+06 1.69164e+06 1.75731e+06
mphobs
 0 0 0 0 0 112323 0 153150 637223 0 255016 313432 73983 77613 109348 50772 17779 17303 59886 28197 0 207744 136588 643089 65757 0
mphpred
 132902 80785.4 100711 118629 129757 205595 304016 361750 302716 304187 290308 199718 122466 63139.1 27532.9 23566.6 28773 39705.1 49990.5 58548.1 88648.7 106479 133428 192683 290324 308753
desembarqueobs
 350755 77701 442110 56441 14545 235359 269955 359681 431902 328805 639364 411747 362871 311530 167758 66681 60226 58785 57116 73181 50977 67692 138656 160484 209506 203330
desembarquepred
 350770 77706.1 442169 56444.5 14545.2 235428 270009 359726 432000 328863 639615 411984 363180 311895 167724 66691.7 60255.2 58788 57111.1 73184.6 50979.8 67688.1 138666 160499 209506 203327
Reclutas
 44933.3 54720.5 33507.2 49380.9 83506.8 61459.3 100646 92647.7 113969 120337 64328.3 42699.5 43955.1 23740 15974.5 16566.5 12864.5 14627 16855 28044.2 35558.5 45367.2 75373.5 106131 48141.5 59131.7
log_desv_Rt
 0.0129355 0.209994 -0.280484 0.10732 0.632684 0.326131 0.819361 0.736559 0.94368 0.998052 0.371756 -0.0380585 -0.00907598 -0.625082 -1.02125 -0.98486 -1.23777 -1.10937 -0.967597 -0.458461 -0.221066 0.0225451 0.530211 0.872433 0.0818999 0.287522
SSB
 513001 311831 388743 457906 500864 793596 1.1735e+06 1.39635e+06 1.16848e+06 1.17416e+06 1.12059e+06 770913 472720 243717 106277 90966.9 111064 153262 192963 225995 342184 411009 515032 743755 1.12065e+06 1.19178e+06
BT
 1.84765e+06 463355 915904 777184 947589 1.08701e+06 2.53707e+06 2.28292e+06 2.23857e+06 2.03627e+06 1.77024e+06 1.20671e+06 858807 461726 253331 179762 214861 281327 303531 420659 644289 591051 851083 1.30086e+06 1.59602e+06 1.66742e+06
Ftot
 0.786087 0.63097 0.932616 0.173376 0.032879 0.324821 0.19907 0.402294 0.45985 0.368342 0.748679 0.679959 1.10225 2.15241 2.36216 0.939944 0.649372 0.425773 0.348727 0.355321 0.165502 0.208595 0.250505 0.237674 0.195031 0.187877
BD_Bspro_t
 0.925234 0.691824 0.646982 0.507004 0.652761 0.794968 0.757359 0.767098 0.704406 0.6648 0.628279 0.465416 0.35247 0.244478 0.137377 0.144041 0.225398 0.36183 0.474734 0.572831 0.692519 0.780492 0.788485 0.797591 0.816007 0.779506
BD_Bspro
 0.559958 0.340375 0.424327 0.49982 0.54671 0.866237 1.28092 1.52417 1.27544 1.28164 1.22316 0.841478 0.51599 0.266025 0.116005 0.0992935 0.12123 0.16729 0.210626 0.246682 0.373505 0.448631 0.562175 0.811834 1.22323 1.30087
BD_Bo
 0.370909 0.22546 0.281069 0.331075 0.362134 0.573784 0.848463 1.00959 0.844834 0.848941 0.810207 0.557384 0.341785 0.176212 0.0768402 0.0657708 0.0803012 0.110811 0.139516 0.163399 0.247405 0.297167 0.372378 0.537748 0.81025 0.861682
BD_Brms
 0.67438 0.409927 0.511034 0.601954 0.658425 1.04324 1.54266 1.83562 1.53606 1.54353 1.4731 1.01343 0.621428 0.320385 0.139709 0.119583 0.146002 0.201474 0.253665 0.297089 0.449827 0.540304 0.67705 0.977724 1.47318 1.56669
S_f
 0.128293 0.736587 0.981526 0.99901 0.999948
 0.128293 0.736587 0.981526 0.99901 0.999948
 0.128293 0.736587 0.981526 0.99901 0.999948
 0.128293 0.736587 0.981526 0.99901 0.999948
 0.128293 0.736587 0.981526 0.99901 0.999948
 0.128293 0.736587 0.981526 0.99901 0.999948
 0.128293 0.736587 0.981526 0.99901 0.999948
 0.128293 0.736587 0.981526 0.99901 0.999948
 0.128293 0.736587 0.981526 0.99901 0.999948
 0.128293 0.736587 0.981526 0.99901 0.999948
 0.128293 0.736587 0.981526 0.99901 0.999948
 0.128293 0.736587 0.981526 0.99901 0.999948
 0.128293 0.736587 0.981526 0.99901 0.999948
 0.128293 0.736587 0.981526 0.99901 0.999948
 0.128293 0.736587 0.981526 0.99901 0.999948
 0.128293 0.736587 0.981526 0.99901 0.999948
 0.128293 0.736587 0.981526 0.99901 0.999948
 0.128293 0.736587 0.981526 0.99901 0.999948
 0.128293 0.736587 0.981526 0.99901 0.999948
 0.128293 0.736587 0.981526 0.99901 0.999948
 0.128293 0.736587 0.981526 0.99901 0.999948
 0.128293 0.736587 0.981526 0.99901 0.999948
 0.128293 0.736587 0.981526 0.99901 0.999948
 0.128293 0.736587 0.981526 0.99901 0.999948
 0.128293 0.736587 0.981526 0.99901 0.999948
 0.128293 0.736587 0.981526 0.99901 0.999948
Scru_reclas
 0.829706 1 1 1 1
 0.829706 1 1 1 1
 0.829706 1 1 1 1
 0.829706 1 1 1 1
 0.829706 1 1 1 1
 0.829706 1 1 1 1
 0.829706 1 1 1 1
 0.829706 1 1 1 1
 0.829706 1 1 1 1
 0.829706 1 1 1 1
 0.829706 1 1 1 1
 0.829706 1 1 1 1
 0.829706 1 1 1 1
 0.829706 1 1 1 1
 0.829706 1 1 1 1
 0.829706 1 1 1 1
 0.829706 1 1 1 1
 0.829706 1 1 1 1
 0.829706 1 1 1 1
 0.829706 1 1 1 1
 0.829706 1 1 1 1
 0.829706 1 1 1 1
 0.829706 1 1 1 1
 0.829706 1 1 1 1
 0.829706 1 1 1 1
 0.829706 1 1 1 1
Scru_pelaces
 1 1 1 1 1
 1 1 1 1 1
 1 1 1 1 1
 1 1 1 1 1
 1 1 1 1 1
 1 1 1 1 1
 1 1 1 1 1
 1 1 1 1 1
 1 1 1 1 1
 1 1 1 1 1
 1 1 1 1 1
 1 1 1 1 1
 1 1 1 1 1
 1 1 1 1 1
 1 1 1 1 1
 1 1 1 1 1
 1 1 1 1 1
 1 1 1 1 1
 1 1 1 1 1
 1 1 1 1 1
 1 1 1 1 1
 1 1 1 1 1
 1 1 1 1 1
 1 1 1 1 1
 1 1 1 1 1
 1 1 1 1 1
pf_obs 
 0.256992 0.487395 0.22802 0.0275931 0
 0.321318 0.546541 0.124235 0.00734118 0.000564706
 0.182869 0.594174 0.210203 0.0122559 0.00049798
 0.330522 0.361315 0.267642 0.0388342 0.00168674
 0.649043 0.306663 0.0425973 0.00169635 0
 0.582887 0.30429 0.105238 0.00758474 0
 0.465427 0.430635 0.0974691 0.00646863 0
 0.296916 0.608066 0.0921331 0.00288517 0
 0.311714 0.524322 0.152257 0.0117073 0
 0.15457 0.633149 0.183074 0.0267441 0.00246327
 0.131901 0.49318 0.331252 0.0422183 0.00144891
 0.196976 0.569456 0.194076 0.0375587 0.00193317
 0.518974 0.381816 0.0799577 0.0180837 0.00116848
 0.0928022 0.601141 0.25162 0.0475244 0.00691264
 0.122501 0.610282 0.24278 0.0234846 0.000952079
 0.383417 0.481906 0.127806 0.00687128 0
 0.0376549 0.599619 0.316969 0.0457579 0
 0.0361596 0.667082 0.258105 0.0386534 0
 0.158088 0.579412 0.248529 0.0139706 0
 0.0477256 0.309471 0.559284 0.082774 0.000745712
 0.0406174 0.521527 0.379366 0.0568643 0.0016247
 0.151134 0.462217 0.34131 0.0453401 0
 0.294876 0.26143 0.354403 0.0886775 0.000613685
 0.281977 0.475581 0.204845 0.0348837 0.00271318
 0.0841818 0.532909 0.334909 0.0458182 0.00218182
 0.115287 0.27431 0.454777 0.147771 0.00785563
pf_pred 
 0.357831 0.442146 0.17893 0.0210793 1.36818e-05
 0.304836 0.549102 0.111921 0.0306222 0.00351913
 0.177355 0.603535 0.185211 0.0261193 0.00777965
 0.265487 0.435213 0.241501 0.0490616 0.00873699
 0.284375 0.464785 0.166035 0.0686731 0.0161323
 0.157448 0.557811 0.202371 0.0548404 0.027529
 0.241219 0.382152 0.274997 0.0726582 0.0289737
 0.189898 0.516305 0.170195 0.0907134 0.0328888
 0.227683 0.444851 0.233021 0.0552016 0.0392426
 0.216425 0.500396 0.186126 0.0695008 0.0275522
 0.128072 0.53904 0.236911 0.063538 0.0324395
 0.132604 0.435163 0.305058 0.0911698 0.036005
 0.213008 0.412295 0.223508 0.107477 0.0437115
 0.201721 0.569082 0.145793 0.050354 0.03305
 0.288886 0.550346 0.133116 0.0178758 0.00977652
 0.344153 0.552846 0.089843 0.0109831 0.00217519
 0.220739 0.608664 0.151997 0.0162808 0.00231964
 0.234364 0.484062 0.235934 0.0407684 0.00487089
 0.230119 0.492108 0.196246 0.0685472 0.0129793
 0.295499 0.441253 0.187134 0.0540977 0.0220155
 0.253721 0.52167 0.157063 0.0483033 0.0192429
 0.233921 0.484284 0.213631 0.0479329 0.0202311
 0.282665 0.442087 0.192634 0.0629193 0.0196936
 0.269376 0.49608 0.161133 0.0516783 0.0217326
 0.10206 0.59091 0.227997 0.0546262 0.0244064
 0.146492 0.315533 0.388775 0.111336 0.0378641
pobs_RECLAS
 0 0 0 0 0
 0 0 0 0 0
 0 0 0 0 0
 0 0 0 0 0
 0.835266 0.146461 0.0176864 0.000547809 3.91292e-05
 0.385257 0.428462 0.181853 0.0044286 0
 0.867414 0.0963971 0.0333333 0.00285562 0
 0.441836 0.489002 0.0689373 0.000224442 0
 0.779404 0.147425 0.0564933 0.0165055 0.000172143
 0.814271 0.122319 0.05973 0.00367925 0
 0.40263 0.566651 0.0304383 0.000280538 0
 0.475488 0.404961 0.113038 0.00651328 0
 0.955842 0.0263864 0.0167828 0.000988607 0
 0.975058 0.0227948 0.00214734 0 0
 0.738997 0.206755 0.0527124 0.00153531 0
 0.850938 0.134255 0.0134407 0.00136685 0
 0.542534 0.407297 0.0501686 0 0
 0.764087 0.199537 0.0359546 0.000420521 0
 0.470689 0.182191 0.310203 0.0369168 0
 0.84361 0.089868 0.0606195 0.00523954 0.000663233
 0.607945 0.314616 0.071237 0.00620181 0
 0.523733 0.453247 0.0230204 0 0
 0.530135 0.295979 0.169645 0.0042399 0
 0.562478 0.366248 0.0663022 0.0049721 0
 0.250443 0.683176 0.0655157 0.000865301 0
 0.195077 0.31981 0.436473 0.0351445 0.0134964
ppred_RECLAS
 0.750955 0.187022 0.0555953 0.00642442 4.16558e-06
 0.695175 0.254941 0.0383926 0.0103083 0.00118346
 0.53817 0.365305 0.0818422 0.0113158 0.00336687
 0.659158 0.225307 0.0935461 0.0186675 0.00332119
 0.675407 0.231457 0.0620196 0.0252019 0.00591474
 0.497173 0.364732 0.0986694 0.0262579 0.0131683
 0.636142 0.209905 0.112959 0.0293155 0.0116789
 0.556663 0.312171 0.0765761 0.0400751 0.0145154
 0.617174 0.247953 0.0964932 0.0224417 0.0159381
 0.596008 0.284729 0.0788835 0.0289239 0.0114552
 0.447495 0.380574 0.123046 0.0323735 0.0165115
 0.46484 0.309616 0.160081 0.0469427 0.0185201
 0.613561 0.233808 0.0918042 0.0432543 0.0175727
 0.611573 0.305718 0.0531093 0.0178803 0.0117198
 0.717971 0.236205 0.0381186 0.00498352 0.00272166
 0.733304 0.234844 0.0278532 0.00333823 0.000660438
 0.596465 0.334461 0.0616693 0.00648196 0.000922601
 0.621505 0.264442 0.0958506 0.0162616 0.001941
 0.614497 0.271788 0.0807705 0.0277043 0.00524069
 0.691922 0.213623 0.0675026 0.0191622 0.00779068
 0.638452 0.273804 0.0616905 0.0186365 0.00741729
 0.618154 0.266436 0.0878766 0.0193668 0.00816637
 0.677814 0.220289 0.0717027 0.0230022 0.00719278
 0.659017 0.252342 0.0612442 0.0192922 0.00810531
 0.374162 0.451284 0.130227 0.0306474 0.0136799
 0.495443 0.222372 0.204946 0.0576505 0.0195877
pobs_PELACES
 0 0 0 0 0
 0 0 0 0 0
 0 0 0 0 0
 0 0 0 0 0
 0 0 0 0 0
 0 0 0 0 0
 0 0 0 0 0
 0 0 0 0 0
 0 0 0 0 0
 0 0 0 0 0
 0.450072 0.473896 0.0757376 0.000293798 0
 0 0 0 0 0
 0.463077 0.371075 0.160297 0.00555027 0
 0.529543 0.364841 0.0842815 0.0213345 0
 0.631943 0.363953 0.00410389 0 0
 0.735681 0.248677 0.0153453 0.000297389 0
 0.695825 0.281241 0.0229344 0 0
 0.275771 0.60734 0.115278 0.00161068 0
 0 0 0 0 0
 0.896147 0.0623911 0.0374545 0.00400742 0
 0.803859 0.145111 0.0509908 3.86294e-05 0
 0.739449 0.233085 0.0266225 0.000797448 4.60066e-05
 0.878498 0.100942 0.0204185 0.000141795 0
 0.694673 0.275183 0.0284847 0.00165964 0
 0.469039 0.446079 0.0841089 0.000773354 0
 0.822795 0.102175 0.0682046 0.00682512 0
ppred_PELACES
 0.812106 0.143313 0.0399794 0.00459899 2.98125e-06
 0.758792 0.203416 0.0291102 0.00778761 0.000893889
 0.632353 0.295336 0.061362 0.0084386 0.00251007
 0.708028 0.19393 0.079398 0.0158283 0.00281591
 0.716427 0.202364 0.0540803 0.0219716 0.00515655
 0.561651 0.320287 0.0844007 0.0224187 0.0112418
 0.688305 0.181059 0.0958802 0.0248546 0.00990118
 0.623601 0.267645 0.0635534 0.0331827 0.0120175
 0.68347 0.207738 0.0778935 0.0180679 0.01283
 0.658899 0.242556 0.0652282 0.0238661 0.00945102
 0.536183 0.325552 0.0990759 0.0259545 0.0132345
 0.551212 0.265757 0.130057 0.0379889 0.0149844
 0.712069 0.18045 0.0648136 0.0303439 0.0123234
 0.751777 0.202414 0.0295483 0.00982525 0.00643577
 0.83538 0.141925 0.0189228 0.00244043 0.00133182
 0.801496 0.176351 0.0193855 0.0023108 0.000457038
 0.671869 0.274384 0.048005 0.00502685 0.000715347
 0.685347 0.222128 0.0777894 0.013165 0.00157118
 0.6751 0.230994 0.0667394 0.0228456 0.00432113
 0.745741 0.17788 0.0546168 0.0154725 0.00628989
 0.68823 0.236887 0.0526635 0.0158943 0.00632558
 0.6716 0.230328 0.0746971 0.0164424 0.0069328
 0.728536 0.186818 0.0595892 0.0190886 0.00596853
 0.710616 0.215244 0.0512465 0.0161208 0.00677239
 0.429445 0.413256 0.117388 0.0275948 0.0123166
 0.553495 0.198493 0.180181 0.0506293 0.0172012
pobs_pel_tallas
 0 0 0 0 0 0 0 0 0 0 0 0 0 0 0 0 0 0 0 0 0 0 0 0 0 0 0 0 0 0 0 0 0 0 0 0
 0 0 0 0 0 0 0 0 0 0 0 0 0 0 0 0 0 0 0 0 0 0 0 0 0 0 0 0 0 0 0 0 0 0 0 0
 0 0 0 0 0 0 0 0 0 0 0 0 0 0 0 0 0 0 0 0 0 0 0 0 0 0 0 0 0 0 0 0 0 0 0 0
 0 0 0 0 0 0 0 0 0 0 0 0 0 0 0 0 0 0 0 0 0 0 0 0 0 0 0 0 0 0 0 0 0 0 0 0
 0 0 0 0 0 0 0 0 0 0 0 0 0 0 0 0 0 0 0 0 0 0 0 0 0 0 0 0 0 0 0 0 0 0 0 0
 0 0 0 0 0 0 0 0 0 0 0 0 0 0 0 0 0 0 0 0 0 0 0 0 0 0 0 0 0 0 0 0 0 0 0 0
 0 0 0 0 0 0 0 0 0 0 0 0 0 0 0 0 0 0 0 0 0 0 0 0 0 0 0 0 0 0 0 0 0 0 0 0
 0 0 0 0 0 0 0 0 0 0 0 0 0 0 0 0 0 0 0 0 0 0 0 0 0 0 0 0 0 0 0 0 0 0 0 0
 0 0 0 0 0 0 0 0 0 0 0 0 0 0 0 0 0 0 0 0 0 0 0 0 0 0 0 0 0 0 0 0 0 0 0 0
 0 0 0 0 0 0 0 0 0 0 0 0 0 0 0 0 0 0 0 0 0 0 0 0 0 0 0 0 0 0 0 0 0 0 0 0
 0 0 0 0 0 0 0 0 1.78061e-05 0.00172719 0.00360574 0.0105946 0.0120993 0.0124554 0.0147524 0.0171206 0.0266825 0.0428682 0.0675386 0.121331 0.153587 0.119568 0.100827 0.0573624 0.0630603 0.0341343 0.0324427 0.0444173 0.0211091 0.0280891 0.0125444 0.00206551 0 0 0 0
 0 0 0 0 0 0 0 0 0 0 0 0 0 0 0 0 0 0 0 0 0 0 0 0 0 0 0 0 0 0 0 0 0 0 0 0
 0 0 0 0 0 0 0.0133647 0.0140871 0.0187388 0.0205184 0.03894 0.0496705 0.03968 0.0493445 0.0407372 0.0367815 0.0215668 0.0243155 0.0234873 0.0199281 0.019796 0.0243948 0.0301388 0.0376714 0.0412746 0.0863199 0.0771752 0.113111 0.0741005 0.0525337 0.0229764 0.00759418 0.00175318 0 0 0
 0 0 0 0 0 0 0 0 0 0 0.00219441 0.00772107 0.0458388 0.0604681 0.0671733 0.0775358 0.0609151 0.0617685 0.073594 0.0568108 0.0755445 0.0548602 0.0670107 0.0636378 0.0643287 0.046367 0.0373049 0.0286899 0.0247887 0.0153202 0.00654259 0.00121912 0.000365735 0 0 0
 0 0 0 0 0 0 0 0 0 0 0 0 0.000112435 0.00938835 0.0111873 0.0202946 0.0414886 0.0713402 0.111592 0.104902 0.108894 0.110636 0.117776 0.105296 0.107544 0.0401394 0.0192827 0.0124803 0.00416011 0.0028671 0.000618394 0 0 0 0 0
 0 0 0 0 0 0 0 0 0 0 0.00291406 0.0102884 0.027416 0.0768956 0.0749926 0.110853 0.0956884 0.0897413 0.0766577 0.0534642 0.0500743 0.0551293 0.0594112 0.0620874 0.0668451 0.0424026 0.0208742 0.0120726 0.0048766 0.00582813 0.00118941 0.000297354 0 0 0 0
 0 0.00264628 0.0354308 0.0461629 0.0458689 0.0383711 0.0214643 0.0164657 0.0346957 0.0420465 0.0363128 0.0245516 0.0311673 0.0291091 0.0169068 0.0133784 0.00837989 0.0085269 0.0148486 0.0160247 0.0276389 0.0546898 0.0760071 0.122758 0.109233 0.0665981 0.0333725 0.0166128 0.00676272 0.00308733 0.000882094 0 0 0 0 0
 0 0 0 0 0 0 0 0.000805153 0.000690131 0.00759144 0.0133425 0.0154129 0.00931677 0.000345066 0.00356568 0.00563607 0.00851162 0.0253048 0.0502646 0.0516448 0.0657925 0.0565908 0.0611916 0.0827007 0.0866115 0.110766 0.145733 0.0935128 0.0569358 0.0249597 0.0138026 0.00621118 0.00161031 0.00115022 0 0
 0 0 0 0 0 0 0 0 0 0 0 0 0 0 0 0 0 0 0 0 0 0 0 0 0 0 0 0 0 0 0 0 0 0 0 0
 0.00147267 0.00158595 0.00478618 0.00569244 0.00954404 0.0108468 0.00647125 0.017049 0.0510054 0.094081 0.124002 0.0959785 0.0687766 0.0820023 0.061753 0.0591476 0.0492212 0.0479892 0.0443925 0.0268479 0.0217502 0.0140895 0.0121071 0.0120363 0.00920419 0.00665534 0.0049561 0.00860946 0.00930331 0.0156896 0.0114698 0.00855282 0.00243557 0.00046729 0 2.83206e-05
 0 0 0 0 0.000772559 0.00158375 0.000888443 0.00281984 0.00712685 0.0440552 0.0773331 0.111326 0.0921469 0.0852325 0.0710754 0.0886704 0.0786465 0.0553345 0.0373146 0.0185414 0.00753245 0.00457741 0.012979 0.0271748 0.0457355 0.0583668 0.034881 0.0177882 0.00938659 0.00492506 0.0015258 0.00185414 0.000309023 5.79419e-05 3.86279e-05 0
 0 0.00173294 0.00326652 0 0.00397197 0.00683976 0.00946217 0.0152591 0.00757587 0.0136028 0.0228656 0.0392903 0.0559909 0.0764795 0.0681675 0.0726916 0.0566044 0.0477403 0.0527397 0.0444891 0.0609904 0.0582453 0.0661739 0.0445044 0.0529084 0.0360697 0.0280645 0.0235558 0.0158879 0.00826598 0.00280645 0.00217768 0.000904811 0.00058276 9.20147e-05 0
 0 0 0 0 0 0 0 0 0 0 0 0 0 0 0 0 0 0 0 0 0 0 0 0 0 0 0 0 0 0 0 0 0 0 0 0
 0 0 0 0 0 0 0 0 0 0 0 0 0 0 0 0 0 0 0 0 0 0 0 0 0 0 0 0 0 0 0 0 0 0 0 0
 0 0 0 0 0 0 0 0 0 0 0 0 0 0 0 0 0 0 0 0 0 0 0 0 0 0 0 0 0 0 0 0 0 0 0 0
 0 0 0 0 0 0 0 0 0 0 0 0 0 0 0 0 0 0 0 0 0 0 0 0 0 0 0 0 0 0 0 0 0 0 0 0
ppred_pel_tallas
 1.00773e-16 3.54302e-05 0.000207954 0.000988536 0.00380594 0.0118685 0.0299789 0.0613404 0.101677 0.136545 0.148578 0.13103 0.0937383 0.0545909 0.0262777 0.0112064 0.00548871 0.00455417 0.00560385 0.00741519 0.00950209 0.0115885 0.0134303 0.0148038 0.0155432 0.0155762 0.014938 0.0137565 0.0122166 0.0105147 0.00881925 0.00724821 0.00586426 0.00468493 0.00369925 0.00288373
 1.00789e-16 3.31078e-05 0.000194315 0.00092368 0.00355621 0.0110897 0.0280118 0.057316 0.0950084 0.127596 0.138856 0.122495 0.0877168 0.0512542 0.0249898 0.0112024 0.00628728 0.00599241 0.00770028 0.0102362 0.013079 0.0158744 0.0182829 0.0199928 0.0207794 0.0205565 0.0193954 0.0175012 0.0151587 0.0126639 0.0102655 0.00813024 0.00633686 0.00489201 0.00375714 0.00287492
 1.01375e-16 2.75983e-05 0.00016196 0.000769844 0.00296387 0.0092425 0.023346 0.0477702 0.0791889 0.106362 0.115779 0.102211 0.073352 0.0431843 0.0216598 0.0107362 0.00746768 0.00835298 0.0112177 0.0150362 0.0192638 0.0234378 0.0270749 0.0297205 0.0310415 0.0309017 0.02939 0.0267886 0.0234956 0.0199292 0.0164441 0.0132827 0.010566 0.00831588 0.00649166 0.0050261
 1.01866e-16 3.0894e-05 0.000181318 0.000861894 0.00331832 0.0103479 0.0261379 0.0534819 0.0886533 0.119062 0.129571 0.114311 0.0818704 0.047867 0.0233939 0.0105853 0.00608782 0.00594603 0.00773087 0.0103591 0.0133545 0.0163913 0.0191498 0.0213259 0.022686 0.0231147 0.0226354 0.0213922 0.0196046 0.0175112 0.0153201 0.0131813 0.0111823 0.00936053 0.00772385 0.00626823
 1.0183e-16 3.12605e-05 0.000183469 0.00087212 0.00335769 0.0104706 0.026448 0.0541165 0.0897053 0.120475 0.13111 0.11567 0.0828481 0.0484466 0.0236914 0.0107424 0.0062059 0.00607725 0.00789381 0.0105519 0.0135597 0.0165766 0.0192701 0.0213285 0.0225189 0.0227374 0.0220285 0.0205643 0.0185933 0.0163783 0.0141418 0.0120363 0.0101395 0.00847061 0.00701449 0.00574419
 1.02599e-16 2.45164e-05 0.000143864 0.000683809 0.00263261 0.00820946 0.0207367 0.0424315 0.0703408 0.0944835 0.102864 0.0908445 0.0652724 0.038584 0.019643 0.0102177 0.0077223 0.00907134 0.012343 0.0166118 0.021351 0.026079 0.0302791 0.0334587 0.0352502 0.035492 0.0342596 0.0318319 0.0286107 0.02502 0.0214202 0.018058 0.0150598 0.0124555 0.0102174 0.0082966
 1.02737e-16 3.00335e-05 0.000176267 0.000837885 0.00322588 0.0100596 0.0254098 0.051992 0.0861834 0.115745 0.12596 0.111123 0.079582 0.0465193 0.0227178 0.010252 0.00586275 0.00570811 0.00743348 0.00999668 0.0129497 0.0159926 0.0188304 0.0211783 0.0228099 0.0236024 0.0235546 0.0227729 0.021432 0.0197261 0.0178271 0.015862 0.0139106 0.0120177 0.01021 0.00850926
 1.02692e-16 2.72155e-05 0.000159715 0.000759179 0.00292282 0.00911448 0.0230226 0.0471083 0.078091 0.104886 0.114167 0.100776 0.0722963 0.0425112 0.0212274 0.0103675 0.00701977 0.0077295 0.0103586 0.0139133 0.017887 0.0218639 0.0254121 0.0281226 0.029691 0.0299836 0.0290631 0.0271592 0.0246018 0.0217364 0.0188535 0.016148 0.0137152 0.0115726 0.00969389 0.00803917
 1.02394e-16 2.98237e-05 0.000175033 0.000832013 0.00320327 0.00998907 0.0252316 0.0516277 0.0855803 0.114937 0.125087 0.110367 0.079072 0.0462839 0.0227192 0.0104479 0.00624247 0.00629206 0.00825363 0.0110748 0.0142794 0.0175275 0.0204801 0.0228145 0.0242839 0.0247684 0.024296 0.0230225 0.0211827 0.019029 0.0167784 0.0145836 0.0125292 0.0106468 0.00893782 0.00739408
 1.02267e-16 2.87537e-05 0.000168748 0.000802125 0.00308818 0.00963017 0.0243251 0.0497732 0.0825074 0.110814 0.12061 0.106439 0.0763088 0.0447685 0.0221649 0.0105112 0.0067125 0.00710533 0.0094286 0.0126471 0.0162603 0.0198811 0.023115 0.0255891 0.0270245 0.0272966 0.0264588 0.0247166 0.0223679 0.0197266 0.0170587 0.0145461 0.012281 0.0102858 0.00854181 0.00701658
 1.03023e-16 2.34061e-05 0.000137346 0.000652817 0.00251328 0.00783733 0.0197967 0.0405083 0.0671533 0.090204 0.0982099 0.0867471 0.0623561 0.0369158 0.0188972 0.00999907 0.00776437 0.00925745 0.0126485 0.0170508 0.0219486 0.0268592 0.0312592 0.0346467 0.0366431 0.0370755 0.0360084 0.0337108 0.0305764 0.0270231 0.0234079 0.0199778 0.0168629 0.0141011 0.0116757 0.00955086
 1.03939e-16 2.40591e-05 0.000141184 0.000671079 0.00258361 0.00805668 0.0203507 0.0416414 0.0690297 0.0927187 0.100933 0.0891157 0.0639798 0.0377189 0.0190183 0.00959827 0.00690913 0.0079206 0.010761 0.014559 0.0188588 0.0232668 0.0273591 0.0307204 0.0330232 0.0340931 0.0339362 0.0327172 0.0307004 0.0281764 0.0254005 0.0225579 0.0197616 0.0170699 0.0145132 0.012115
 1.02598e-16 3.10696e-05 0.00018235 0.000866805 0.00333724 0.0104069 0.0262869 0.0537867 0.089158 0.119739 0.130304 0.114949 0.0823089 0.0480862 0.0234317 0.0104853 0.00586802 0.00559766 0.00723171 0.009688 0.0125032 0.0153725 0.0180022 0.0201139 0.021494 0.0220375 0.021765 0.0208058 0.0193549 0.0176206 0.0157803 0.0139561 0.0122135 0.0105756 0.00904401 0.00761621
 1.01124e-16 3.28019e-05 0.000192518 0.000915141 0.00352333 0.0109872 0.0277528 0.0567861 0.0941301 0.126417 0.137573 0.121364 0.0869085 0.0507855 0.0247679 0.0111146 0.00625521 0.00597805 0.00769112 0.0102317 0.0130844 0.0158987 0.0183384 0.0200945 0.0209434 0.0207985 0.0197279 0.0179321 0.0156887 0.0132864 0.0109662 0.00888848 0.00712734 0.00568731 0.00453027 0.00360179
 1.00462e-16 3.64449e-05 0.000213912 0.00101686 0.003915 0.0122086 0.0308379 0.063098 0.10459 0.140457 0.152832 0.134777 0.0964086 0.0561249 0.0269761 0.011434 0.00549317 0.00444648 0.00540964 0.00712191 0.00908323 0.0110135 0.0126697 0.0138334 0.0143483 0.0141558 0.0133074 0.0119492 0.0102826 0.00851701 0.00682832 0.00533437 0.00409047 0.00310047 0.00233569 0.00175359
 1.00434e-16 3.49688e-05 0.000205243 0.000975639 0.00375628 0.0117136 0.0295876 0.0605402 0.100352 0.134768 0.146651 0.129349 0.0925757 0.0539934 0.0261384 0.0113998 0.00595157 0.00528881 0.00664375 0.0087889 0.0112064 0.013572 0.0155878 0.0169832 0.0175659 0.0172654 0.0161499 0.0144052 0.0122865 0.0100583 0.0079424 0.00608668 0.00455957 0.00336383 0.00246032 0.00179193
 1.00978e-16 2.93205e-05 0.000172073 0.000817926 0.00314901 0.00981984 0.0248043 0.0507538 0.0841336 0.113 0.122994 0.108557 0.077855 0.0457318 0.0227452 0.0109563 0.00721552 0.00778813 0.0103597 0.0138528 0.0177212 0.0215236 0.0248083 0.0271536 0.0282533 0.027987 0.0264458 0.0239021 0.0207367 0.0173477 0.0140718 0.0111375 0.00865664 0.00664469 0.00505599 0.00381833
 1.01703e-16 2.99061e-05 0.000175516 0.000834304 0.00321208 0.0100166 0.0253011 0.0517699 0.0858165 0.115255 0.125437 0.110682 0.0793138 0.046457 0.0228628 0.0106118 0.0064723 0.00662488 0.00871752 0.0116858 0.0150357 0.0184036 0.0214242 0.0237507 0.0251203 0.0254103 0.0246598 0.0230491 0.0208457 0.0183371 0.0157723 0.013328 0.0111032 0.00913367 0.00741674 0.0059333
 1.0201e-16 2.94596e-05 0.000172894 0.000821837 0.00316408 0.00986685 0.024923 0.0509963 0.0845344 0.113534 0.123567 0.109039 0.0781506 0.0458047 0.0225956 0.0105778 0.00657275 0.00682104 0.00900533 0.0120716 0.0155222 0.0189831 0.0220771 0.0244473 0.025826 0.0260921 0.0252936 0.0236242 0.0213662 0.0188188 0.0162371 0.0137976 0.0115927 0.00964836 0.00795128 0.00647382
 1.01659e-16 3.25377e-05 0.00019097 0.000907784 0.00349502 0.0108989 0.0275297 0.0563295 0.0933726 0.125398 0.136459 0.120371 0.0861736 0.0503086 0.0244477 0.0108247 0.00589233 0.0054719 0.00699914 0.00933819 0.0120065 0.0146931 0.0171035 0.018962 0.0200614 0.0203066 0.0197323 0.0184847 0.016778 0.0148401 0.0128655 0.0109889 0.00928168 0.00776504 0.00643067 0.00525976
 1.01667e-16 3.00324e-05 0.000176256 0.000837819 0.00322561 0.0100587 0.0254077 0.0519881 0.0861784 0.115742 0.12597 0.111159 0.0796687 0.0466919 0.023028 0.0107701 0.00667558 0.00690884 0.00910306 0.0121783 0.0156211 0.0190447 0.0220608 0.0243055 0.0255103 0.0255619 0.0245247 0.0226147 0.0201392 0.0174207 0.0147316 0.012257 0.0100883 0.0082425 0.00669097 0.00538807
 1.02025e-16 2.9307e-05 0.000171998 0.000817578 0.00314768 0.00981572 0.0247938 0.050732 0.0840964 0.112946 0.122927 0.108475 0.0777479 0.045572 0.0224871 0.010538 0.00656351 0.00682513 0.00901871 0.0120967 0.0155646 0.0190501 0.0221766 0.0245869 0.0260111 0.0263246 0.0255705 0.0239373 0.0217024 0.0191617 0.0165692 0.0141027 0.0118583 0.00986672 0.00812011 0.00659572
 1.01842e-16 3.17879e-05 0.000186567 0.000886849 0.00341441 0.0106475 0.0268948 0.0550305 0.0912197 0.122507 0.133317 0.117607 0.0842126 0.0491987 0.0239738 0.0107267 0.00599856 0.00571246 0.00736505 0.00984307 0.0126649 0.0155107 0.0180724 0.0200607 0.021257 0.0215596 0.0210021 0.0197349 0.0179794 0.0159714 0.0139127 0.0119432 0.010138 0.00852044 0.00708433 0.00581315
 1.01669e-16 3.10076e-05 0.000181983 0.000865053 0.00333048 0.0103858 0.0262337 0.053678 0.0889789 0.119501 0.130053 0.114746 0.0822029 0.0481036 0.0235875 0.0108028 0.00638847 0.00637555 0.00831992 0.0111189 0.0142695 0.0174125 0.0201941 0.022283 0.0234342 0.0235424 0.0226623 0.0209858 0.0187876 0.0163561 0.0139353 0.0116914 0.00970725 0.00799977 0.00654605 0.00530863
 1.03325e-16 1.87554e-05 0.000110034 0.000522955 0.00201325 0.00627798 0.015858 0.0324502 0.0537995 0.0722805 0.0787329 0.0696321 0.0502466 0.0301353 0.0161423 0.009699 0.00890717 0.0114662 0.015918 0.0214947 0.027649 0.033791 0.039259 0.0434165 0.045786 0.0461543 0.0446129 0.0415157 0.0373763 0.0327387 0.0280669 0.023682 0.0197514 0.0163203 0.0133602 0.0108143
 1.05166e-16 2.4156e-05 0.000141759 0.000673825 0.00259421 0.00808974 0.0204341 0.0418116 0.0693101 0.0930897 0.101322 0.0894251 0.0641271 0.0376559 0.0187113 0.00899713 0.0059329 0.00646785 0.008737 0.0119111 0.0156114 0.0195484 0.0234108 0.0268784 0.0296752 0.031616 0.0326296 0.0327499 0.0320832 0.0307669 0.028936 0.0267064 0.0241769 0.0214388 0.0185879 0.0157277
pSPR Fmed_Fpbrs
0.486351   0.6 0.325
Fs Fmed_Fpbrs
0.68   0.423351 1.39841
SSBpbr Bo_Bmed_Bpbrs
1.38309e+06  603512  760700 380350
Ro
44355.9
SPR SPRFo_SPRFmed_SPRFpbrs
916141 445566 297746
log_Ro
10.52
likeval ReclasPelacesDesembMPH_pf_preclas_ppelaces_ptallas_desvR_qrecl_qpela
 61.9861 19.7015 0.0158191 0.000512961 325.784 209.44 82.4603 0 15.7989 2.90949e-05 2.77402e-05 2.69478e-15 0 0 0
q_reclas_q_pelaces
0.465638 2.11556
M
0.7
N
 44933.3 11792.5 3859.77 449.099 0.291302
 54720.5 20172.7 3281.95 886.072 101.756
 33507.2 25060.4 6293.81 877.328 261.152
 49380.9 14762.8 6260.98 1251.3 222.64
 83506.8 23982.4 6452.1 2622.59 615.517
 61459.3 41293.7 11624.4 3102.27 1556.03
 100646 29274.1 16142.4 4196.63 1672.05
 92647.7 48718.9 12554.4 6593.33 2388.59
 113969 43693.2 17988.7 4200.52 2983.86
 120337 53352.9 15463.3 5688.16 2253.16
 64328.3 56999.4 20198.6 5349.13 2729.19
 42699.5 29019 16306.7 4810.32 1898.39
 43955.1 19432.6 8732.92 4154.43 1688.67
 23740 18949.1 4284.7 1469.93 964.454
 15974.5 8944.35 1927.68 257.278 140.663
 16566.5 5858.78 779.644 94.212 18.6472
 12864.5 7292.13 1455.85 153.893 21.9108
 14627 5877.69 2244.49 382.21 45.6299
 16855 6877.44 2133.03 733.865 138.844
 28044.2 8003.74 2641.59 752.21 305.873
 35558.5 13305.8 3059.29 925.54 368.392
 45367.2 17286.8 5849.12 1291.42 544.604
 75373.5 21933.8 7361.75 2366.83 740.192
 106131 36245.6 9056.74 2858.85 1201.23
 48141.5 51120.5 15108.4 3561.66 1589.95
 59131.7 23315.6 21988.7 6195.49 2105.21
pred_Ctot
 3118.07 3852.77 1559.16 183.681 0.119221
 3074.42 5537.96 1128.78 308.84 35.4922
 2736.22 9311.3 2857.43 402.967 120.024
 782.203 1282.26 711.532 144.55 25.7417
 252.85 413.26 147.629 61.0602 14.344
 1808.39 6406.83 2324.37 629.878 316.189
 1827.85 2895.77 2083.81 550.571 219.55
 3361.61 9139.71 3012.82 1605.82 582.204
 4711.59 9205.57 4822.05 1142.32 812.071
 4005.43 9260.95 3444.69 1286.27 509.915
 4260.39 17931.5 7880.99 2113.63 1079.12
 2578.23 8460.89 5931.24 1772.62 700.046
 4202.61 8134.52 4409.78 2120.51 862.421
 4185.55 11808 3025.1 1044.81 685.762
 3056.24 5822.31 1408.28 189.115 103.429
 1362.91 2189.37 355.795 43.4949 8.61414
 743.096 2049.01 511.682 54.8077 7.80883
 560.958 1158.62 564.716 97.5805 11.6586
 531.73 1137.1 453.46 158.39 29.9909
 901.115 1345.59 570.658 164.969 67.1353
 537.91 1105.99 332.986 102.407 40.7966
 862.883 1786.42 788.036 176.814 74.628
 1717.57 2686.27 1170.51 382.319 119.665
 2296.25 4228.74 1373.55 440.522 185.255
 856.765 4960.54 1913.98 458.573 204.886
 1014.16 2184.42 2691.48 770.772 262.132
F
 0.10085 0.579022 0.771565 0.785309 0.786046
 0.0809493 0.464764 0.619313 0.630345 0.630937
 0.119649 0.686953 0.915387 0.931693 0.932567
 0.0222431 0.127707 0.170173 0.173205 0.173367
 0.00421815 0.0242182 0.0322716 0.0328464 0.0328772
 0.0416724 0.239259 0.31882 0.3245 0.324804
 0.0255394 0.146633 0.195393 0.198873 0.19906
 0.0516117 0.296325 0.394862 0.401896 0.402273
 0.0589958 0.33872 0.451355 0.459395 0.459826
 0.0472559 0.271316 0.361538 0.367978 0.368323
 0.0960506 0.551468 0.734848 0.747938 0.74864
 0.0872343 0.500849 0.667398 0.679286 0.679924
 0.141411 0.811901 1.08188 1.10116 1.10219
 0.27614 1.58544 2.11265 2.15028 2.1523
 0.30305 1.73994 2.31852 2.35983 2.36204
 0.120589 0.692351 0.92258 0.939014 0.939895
 0.0833101 0.478319 0.637375 0.648729 0.649338
 0.0546239 0.313619 0.417908 0.425352 0.425751
 0.0447394 0.256868 0.342284 0.348382 0.348709
 0.0455853 0.261725 0.348757 0.354969 0.355302
 0.0212328 0.121907 0.162445 0.165338 0.165494
 0.0267613 0.153648 0.204741 0.208388 0.208584
 0.0321382 0.184519 0.245877 0.250257 0.250492
 0.030492 0.175068 0.233283 0.237439 0.237661
 0.0250212 0.143657 0.191428 0.194838 0.195021
 0.0241033 0.138388 0.184406 0.187691 0.187867
Np
 30589 14387 10421.1 3304.24 3914.75
YTP_r0W_actual
 9127.45 55484.3 95009.1 31910 11795.9
YTP_p0W_proyectada
 9566.1 121445 79273.3 92525.9 40734
 9566.1 60954.2 81940.5 33668.8 44300.9
CTP_r0_actual
 1014.16 2184.42 2691.48 770.772 262.132
CTP_p0_proyectada
 1166.6 5622.44 2524.63 2307.38 915.37
 1166.6 2821.95 2609.57 839.621 995.526
Wmedp
 8.2 21.6 31.4 40.1 44.5
nmprior
 10.6 11 7 0
nm_flota  nm_reclas  nm_pelaces    nm_pelaL
inf 15.583 18.1883 58.0373
cv_recla  cv_pelaces  cv_mph
0.696497 0.486228 0.616418
 ------------------------------------------------
Talla a la edad & desviaci?n 
 7.2 14.2025 17.0495 18.207 18.6776
 1.08 2.13037 2.55742 2.73105 2.80164
