years
 1997 1998 1999 2000 2001 2002 2003 2004 2005 2006 2007 2008 2009 2010 2011 2012 2013 2014 2015 2016 2017 2018 2019 2020 2021 2022
reclasobs
 0 0 0 370054 412103 1.49427e+06 250295 1.28982e+06 931140 785840 897777 1.04006e+06 184774 17550 25797 100020 73551 82996 120727 218422 84188 347160 605670 569463 516374 1.08416e+06
reclaspred
 433488 118846 348457 247956 377493 467041 1.01238e+06 677840 747254 716756 584774 395585 240513 101579 63984.2 64680.2 80599.2 109415 119337 167774 249318 232191 402359 547184 696100 648982
pelacesobs
 0 0 0 0 0 0 0 0 0 2.06254e+06 1.5e+06 0 1.87456e+06 323000 250000 174000 83755 137374 0 501740 490994 745055 786931 1.00524e+06 1.33801e+06 1.41789e+06
pelacespred
 1.87888e+06 387230 762941 803654 1.07944e+06 1.02141e+06 2.7461e+06 2.16565e+06 2.18062e+06 2.07883e+06 1.44906e+06 1.01594e+06 625701 208295 139677 148801 194051 272090 293075 416099 703573 612021 875550 1.35754e+06 1.65654e+06 1.69913e+06
mphobs
 0 0 0 0 0 112323 0 153150 637223 0 255016 313432 73983 77613 109348 50772 17779 17303 59886 28197 0 207744 136588 643089 65757 0
mphpred
 137754 81537.7 99017.7 111648 124338 200739 294590 354452 298827 305519 298500 205652 126466 65380 28267.7 23936.9 28771.3 39158 49029.7 57283.3 87017.9 105229 131701 189929 286037 301212
desembarqueobs
 350755 77701 442110 56441 14545 235359 269955 359681 431902 328805 639364 411747 362871 311530 167758 66681 60226 58785 57116 73181 50977 67692 138656 160484 209506 203330
desembarquepred
 350768 77705.1 442157 56444.6 14545.3 235432 270013 359719 431993 328853 639550 411942 363124 311830 167691 66688.1 60254.8 58786.2 57109.2 73183.4 50979.8 67687 138665 160499 209503 203325
Reclutas
 42156.2 51111.4 30247.7 44633.8 76535.9 55704.7 93942.9 87522.2 109914 119458 64256.8 43307.3 44664.4 24021.8 15611.7 15688.7 11993.5 13599.4 15625.6 25792.2 32902.4 41862.4 69420.6 97508.9 43764.2 52954.6
log_desv_Rt
 0.0091359 0.201763 -0.322825 0.0662466 0.605516 0.28782 0.810442 0.739647 0.967454 1.05072 0.430643 0.0360756 0.0669312 -0.553284 -0.984223 -0.979302 -1.24788 -1.12222 -0.983335 -0.482171 -0.238699 0.00214215 0.507939 0.847699 0.0465724 0.23719
SSB
 486956 288233 350025 394673 439532 709606 1.04137e+06 1.25298e+06 1.05634e+06 1.08e+06 1.05519e+06 726972 447053 231116 99925.3 84616.1 101706 138422 173318 202495 307606 371983 465559 671395 1.01113e+06 1.06477e+06
BT
 1.74361e+06 431907 832241 682163 846844 978488 2.31016e+06 2.08813e+06 2.08358e+06 1.92631e+06 1.69776e+06 1.16195e+06 835175 450719 245064 169370 199090 257800 275984 381957 586698 538342 775705 1.18414e+06 1.44556e+06 1.4945e+06
Ftot
 0.849947 0.703523 1.07756 0.205799 0.0381064 0.371345 0.228894 0.458971 0.522501 0.409868 0.814214 0.736297 1.19631 2.34646 2.61532 1.04888 0.730345 0.484625 0.397119 0.405693 0.187828 0.234653 0.282162 0.26851 0.219906 0.213104
BD_Bspro_t
 0.920069 0.674677 0.62188 0.471046 0.62345 0.776058 0.73476 0.746752 0.682479 0.6454 0.612815 0.449565 0.338321 0.233031 0.129185 0.134191 0.20869 0.336665 0.446385 0.544559 0.668823 0.762397 0.770861 0.780462 0.800075 0.759562
BD_Bspro
 0.564398 0.334071 0.40569 0.457438 0.509432 0.822456 1.20698 1.45224 1.22434 1.25176 1.223 0.842584 0.518148 0.267871 0.115817 0.0980727 0.11788 0.160436 0.200881 0.234698 0.356525 0.43114 0.539597 0.778167 1.17193 1.23411
BD_Bo
 0.391597 0.231789 0.28148 0.317385 0.35346 0.570645 0.837439 1.00761 0.849482 0.868507 0.848553 0.584611 0.359507 0.185857 0.0803571 0.0680458 0.0817888 0.111315 0.139378 0.16284 0.247368 0.299138 0.374389 0.539917 0.813123 0.856261
BD_Brms
 0.711994 0.421435 0.511782 0.577063 0.642654 1.03754 1.52262 1.83201 1.54451 1.5791 1.54282 1.06293 0.653649 0.337922 0.146104 0.12372 0.148707 0.202391 0.253414 0.296074 0.44976 0.543888 0.680707 0.981666 1.47841 1.55684
S_f
 0.120934 0.723287 0.980262 0.998941 0.999944
 0.120934 0.723287 0.980262 0.998941 0.999944
 0.120934 0.723287 0.980262 0.998941 0.999944
 0.120934 0.723287 0.980262 0.998941 0.999944
 0.120934 0.723287 0.980262 0.998941 0.999944
 0.120934 0.723287 0.980262 0.998941 0.999944
 0.120934 0.723287 0.980262 0.998941 0.999944
 0.120934 0.723287 0.980262 0.998941 0.999944
 0.120934 0.723287 0.980262 0.998941 0.999944
 0.120934 0.723287 0.980262 0.998941 0.999944
 0.120934 0.723287 0.980262 0.998941 0.999944
 0.120934 0.723287 0.980262 0.998941 0.999944
 0.120934 0.723287 0.980262 0.998941 0.999944
 0.120934 0.723287 0.980262 0.998941 0.999944
 0.120934 0.723287 0.980262 0.998941 0.999944
 0.120934 0.723287 0.980262 0.998941 0.999944
 0.120934 0.723287 0.980262 0.998941 0.999944
 0.120934 0.723287 0.980262 0.998941 0.999944
 0.120934 0.723287 0.980262 0.998941 0.999944
 0.120934 0.723287 0.980262 0.998941 0.999944
 0.120934 0.723287 0.980262 0.998941 0.999944
 0.120934 0.723287 0.980262 0.998941 0.999944
 0.120934 0.723287 0.980262 0.998941 0.999944
 0.120934 0.723287 0.980262 0.998941 0.999944
 0.120934 0.723287 0.980262 0.998941 0.999944
 0.120934 0.723287 0.980262 0.998941 0.999944
Scru_reclas
 0.79206 1 1 1 1
 0.79206 1 1 1 1
 0.79206 1 1 1 1
 0.79206 1 1 1 1
 0.79206 1 1 1 1
 0.79206 1 1 1 1
 0.79206 1 1 1 1
 0.79206 1 1 1 1
 0.79206 1 1 1 1
 0.79206 1 1 1 1
 0.79206 1 1 1 1
 0.79206 1 1 1 1
 0.79206 1 1 1 1
 0.79206 1 1 1 1
 0.79206 1 1 1 1
 0.79206 1 1 1 1
 0.79206 1 1 1 1
 0.79206 1 1 1 1
 0.79206 1 1 1 1
 0.79206 1 1 1 1
 0.79206 1 1 1 1
 0.79206 1 1 1 1
 0.79206 1 1 1 1
 0.79206 1 1 1 1
 0.79206 1 1 1 1
 0.79206 1 1 1 1
Scru_pelaces
 1 1 1 1 1
 1 1 1 1 1
 1 1 1 1 1
 1 1 1 1 1
 1 1 1 1 1
 1 1 1 1 1
 1 1 1 1 1
 1 1 1 1 1
 1 1 1 1 1
 1 1 1 1 1
 1 1 1 1 1
 1 1 1 1 1
 1 1 1 1 1
 1 1 1 1 1
 1 1 1 1 1
 1 1 1 1 1
 1 1 1 1 1
 1 1 1 1 1
 1 1 1 1 1
 1 1 1 1 1
 1 1 1 1 1
 1 1 1 1 1
 1 1 1 1 1
 1 1 1 1 1
 1 1 1 1 1
 1 1 1 1 1
pf_obs 
 0.256992 0.487395 0.22802 0.0275931 0
 0.321318 0.546541 0.124235 0.00734118 0.000564706
 0.182869 0.594174 0.210203 0.0122559 0.00049798
 0.330522 0.361315 0.267642 0.0388342 0.00168674
 0.649043 0.306663 0.0425973 0.00169635 0
 0.582887 0.30429 0.105238 0.00758474 0
 0.465427 0.430635 0.0974691 0.00646863 0
 0.296916 0.608066 0.0921331 0.00288517 0
 0.311714 0.524322 0.152257 0.0117073 0
 0.15457 0.633149 0.183074 0.0267441 0.00246327
 0.131901 0.49318 0.331252 0.0422183 0.00144891
 0.196976 0.569456 0.194076 0.0375587 0.00193317
 0.518974 0.381816 0.0799577 0.0180837 0.00116848
 0.0928022 0.601141 0.25162 0.0475244 0.00691264
 0.122501 0.610282 0.24278 0.0234846 0.000952079
 0.383417 0.481906 0.127806 0.00687128 0
 0.0376549 0.599619 0.316969 0.0457579 0
 0.0361596 0.667082 0.258105 0.0386534 0
 0.158088 0.579412 0.248529 0.0139706 0
 0.0477256 0.309471 0.559284 0.082774 0.000745712
 0.0406174 0.521527 0.379366 0.0568643 0.0016247
 0.151134 0.462217 0.34131 0.0453401 0
 0.294876 0.26143 0.354403 0.0886775 0.000613685
 0.281977 0.475581 0.204845 0.0348837 0.00271318
 0.0841818 0.532909 0.334909 0.0458182 0.00218182
 0.115287 0.27431 0.454777 0.147771 0.00785563
pf_pred 
 0.345384 0.449924 0.183059 0.0216191 1.37389e-05
 0.299406 0.554282 0.112833 0.030028 0.00345039
 0.173211 0.613429 0.181495 0.0247209 0.00714332
 0.265798 0.444955 0.237411 0.0442981 0.0075381
 0.282514 0.472489 0.166397 0.0647472 0.0138533
 0.153221 0.565362 0.203283 0.053382 0.0247511
 0.24249 0.384563 0.276013 0.070455 0.0264791
 0.190891 0.526085 0.166603 0.0866257 0.0297952
 0.231851 0.453855 0.229028 0.0506763 0.0345897
 0.221478 0.51118 0.181104 0.0632562 0.0229818
 0.129229 0.554069 0.232036 0.0577796 0.0268869
 0.13506 0.448242 0.303426 0.0836092 0.029663
 0.216252 0.42638 0.221455 0.0996929 0.0362201
 0.204634 0.58262 0.141316 0.0448257 0.0266045
 0.289343 0.566048 0.123115 0.0145203 0.0069736
 0.340452 0.567101 0.0827613 0.00831298 0.00137352
 0.21715 0.618465 0.149084 0.0137415 0.0015594
 0.232501 0.492364 0.23371 0.0376609 0.00376377
 0.227899 0.501421 0.195041 0.064477 0.0111624
 0.291421 0.450101 0.187464 0.051491 0.0195227
 0.250456 0.528483 0.157551 0.046348 0.017162
 0.228871 0.491177 0.214746 0.0467423 0.0184639
 0.276916 0.447909 0.19501 0.06179 0.0183751
 0.263728 0.502486 0.162424 0.050885 0.0204768
 0.098538 0.595908 0.229144 0.0534285 0.0229816
 0.140671 0.317968 0.394946 0.110366 0.0360498
pobs_RECLAS
 0 0 0 0 0
 0 0 0 0 0
 0 0 0 0 0
 0 0 0 0 0
 0.835266 0.146461 0.0176864 0.000547809 3.91292e-05
 0.385257 0.428462 0.181853 0.0044286 0
 0.867414 0.0963971 0.0333333 0.00285562 0
 0.441836 0.489002 0.0689373 0.000224442 0
 0.779404 0.147425 0.0564933 0.0165055 0.000172143
 0.814271 0.122319 0.05973 0.00367925 0
 0.40263 0.566651 0.0304383 0.000280538 0
 0.475488 0.404961 0.113038 0.00651328 0
 0.955842 0.0263864 0.0167828 0.000988607 0
 0.975058 0.0227948 0.00214734 0 0
 0.738997 0.206755 0.0527124 0.00153531 0
 0.850938 0.134255 0.0134407 0.00136685 0
 0.542534 0.407297 0.0501686 0 0
 0.764087 0.199537 0.0359546 0.000420521 0
 0.470689 0.182191 0.310203 0.0369168 0
 0.84361 0.089868 0.0606195 0.00523954 0.000663233
 0.607945 0.314616 0.071237 0.00620181 0
 0.523733 0.453247 0.0230204 0 0
 0.530135 0.295979 0.169645 0.0042399 0
 0.562478 0.366248 0.0663022 0.0049721 0
 0.250443 0.683176 0.0655157 0.000865301 0
 0.195077 0.31981 0.436473 0.0351445 0.0134964
ppred_RECLAS
 0.741286 0.195012 0.0570942 0.00660371 4.192e-06
 0.689986 0.260471 0.0383851 0.0100095 0.0011489
 0.532783 0.37473 0.0789305 0.0105201 0.00303637
 0.658988 0.231009 0.0905997 0.016584 0.00281919
 0.672695 0.23717 0.0615919 0.0235171 0.00502667
 0.489101 0.375003 0.0987026 0.0254191 0.0117736
 0.638186 0.211723 0.11164 0.0279552 0.0104957
 0.557983 0.318088 0.0735489 0.0374966 0.0128836
 0.622662 0.251249 0.0923846 0.02004 0.0136641
 0.602214 0.288253 0.074674 0.0255768 0.00928269
 0.449736 0.390357 0.117814 0.0287356 0.013357
 0.470208 0.317551 0.155415 0.0419572 0.0148695
 0.618839 0.24003 0.0882032 0.038835 0.0140927
 0.61914 0.308059 0.0488279 0.0150527 0.00892031
 0.722495 0.238728 0.033163 0.00379441 0.00181937
 0.72993 0.242007 0.0251793 0.00247515 0.00040849
 0.591364 0.342858 0.0597684 0.00539755 0.000611853
 0.619102 0.270818 0.093783 0.014817 0.00147923
 0.611285 0.279105 0.0794133 0.0257446 0.00445234
 0.687665 0.220312 0.0671026 0.0180742 0.00684569
 0.633928 0.280325 0.0614519 0.0177352 0.00656044
 0.611285 0.274363 0.0881138 0.0188142 0.00742428
 0.671658 0.226719 0.0724255 0.0225098 0.0066871
 0.652345 0.259547 0.0615779 0.0189232 0.00760715
 0.364945 0.461872 0.130505 0.0298511 0.012827
 0.484925 0.229458 0.20946 0.057421 0.0187368
pobs_PELACES
 0 0 0 0 0
 0 0 0 0 0
 0 0 0 0 0
 0 0 0 0 0
 0 0 0 0 0
 0 0 0 0 0
 0 0 0 0 0
 0 0 0 0 0
 0 0 0 0 0
 0 0 0 0 0
 0.450072 0.473896 0.0757376 0.000293798 0
 0 0 0 0 0
 0.463077 0.371075 0.160297 0.00555027 0
 0.529543 0.364841 0.0842815 0.0213345 0
 0.631943 0.363953 0.00410389 0 0
 0.735681 0.248677 0.0153453 0.000297389 0
 0.695825 0.281241 0.0229344 0 0
 0.275771 0.60734 0.115278 0.00161068 0
 0 0 0 0 0
 0.896147 0.0623911 0.0374545 0.00400742 0
 0.803859 0.145111 0.0509908 3.86294e-05 0
 0.739449 0.233085 0.0266225 0.000797448 4.60066e-05
 0.878498 0.100942 0.0204185 0.000141795 0
 0.694673 0.275183 0.0284847 0.00165964 0
 0.469039 0.446079 0.0841089 0.000773354 0
 0.822795 0.102175 0.0682046 0.00682512 0
ppred_PELACES
 0.81338 0.143138 0.0389926 0.00448645 2.84717e-06
 0.76539 0.198988 0.0276262 0.00717275 0.000823105
 0.644798 0.289952 0.0557401 0.00738005 0.00212931
 0.718793 0.191579 0.0738356 0.0134983 0.00229447
 0.723522 0.200522 0.0519066 0.0198144 0.00423518
 0.567529 0.320129 0.0816474 0.0209788 0.00971576
 0.701463 0.176126 0.0910845 0.0227759 0.00855047
 0.638396 0.263119 0.0585165 0.0297485 0.0102199
 0.701137 0.201979 0.0710491 0.0153624 0.0104729
 0.676768 0.236503 0.059175 0.0202171 0.00733647
 0.553093 0.323424 0.0911007 0.0221087 0.0102739
 0.570818 0.263765 0.121277 0.0325928 0.0115479
 0.729657 0.176722 0.0586746 0.0256441 0.00930222
 0.772296 0.190908 0.0247993 0.00753535 0.00446203
 0.850473 0.132347 0.014728 0.00165818 0.00079439
 0.809201 0.17251 0.016421 0.0016038 0.000264593
 0.68085 0.270408 0.0443077 0.00398335 0.000451434
 0.695724 0.218915 0.0727566 0.0114607 0.00114398
 0.684459 0.228743 0.0629285 0.0203506 0.00351902
 0.752725 0.176211 0.0518553 0.0139324 0.00527626
 0.694945 0.234486 0.0505909 0.0145838 0.00539436
 0.676643 0.229585 0.0722802 0.0154111 0.0060809
 0.733489 0.18541 0.0578289 0.0179419 0.00532961
 0.715388 0.213727 0.0495655 0.0152065 0.0061125
 0.432418 0.414928 0.115074 0.0262859 0.0112942
 0.556097 0.199774 0.179097 0.049033 0.0159986
pobs_pel_tallas
 0 0 0 0 0 0 0 0 0 0 0 0 0 0 0 0 0 0 0 0 0 0 0 0 0 0 0 0 0 0 0 0 0 0 0 0
 0 0 0 0 0 0 0 0 0 0 0 0 0 0 0 0 0 0 0 0 0 0 0 0 0 0 0 0 0 0 0 0 0 0 0 0
 0 0 0 0 0 0 0 0 0 0 0 0 0 0 0 0 0 0 0 0 0 0 0 0 0 0 0 0 0 0 0 0 0 0 0 0
 0 0 0 0 0 0 0 0 0 0 0 0 0 0 0 0 0 0 0 0 0 0 0 0 0 0 0 0 0 0 0 0 0 0 0 0
 0 0 0 0 0 0 0 0 0 0 0 0 0 0 0 0 0 0 0 0 0 0 0 0 0 0 0 0 0 0 0 0 0 0 0 0
 0 0 0 0 0 0 0 0 0 0 0 0 0 0 0 0 0 0 0 0 0 0 0 0 0 0 0 0 0 0 0 0 0 0 0 0
 0 0 0 0 0 0 0 0 0 0 0 0 0 0 0 0 0 0 0 0 0 0 0 0 0 0 0 0 0 0 0 0 0 0 0 0
 0 0 0 0 0 0 0 0 0 0 0 0 0 0 0 0 0 0 0 0 0 0 0 0 0 0 0 0 0 0 0 0 0 0 0 0
 0 0 0 0 0 0 0 0 0 0 0 0 0 0 0 0 0 0 0 0 0 0 0 0 0 0 0 0 0 0 0 0 0 0 0 0
 0 0 0 0 0 0 0 0 0 0 0 0 0 0 0 0 0 0 0 0 0 0 0 0 0 0 0 0 0 0 0 0 0 0 0 0
 0 0 0 0 0 0 0 0 1.78061e-05 0.00172719 0.00360574 0.0105946 0.0120993 0.0124554 0.0147524 0.0171206 0.0266825 0.0428682 0.0675386 0.121331 0.153587 0.119568 0.100827 0.0573624 0.0630603 0.0341343 0.0324427 0.0444173 0.0211091 0.0280891 0.0125444 0.00206551 0 0 0 0
 0 0 0 0 0 0 0 0 0 0 0 0 0 0 0 0 0 0 0 0 0 0 0 0 0 0 0 0 0 0 0 0 0 0 0 0
 0 0 0 0 0 0 0.0133647 0.0140871 0.0187388 0.0205184 0.03894 0.0496705 0.03968 0.0493445 0.0407372 0.0367815 0.0215668 0.0243155 0.0234873 0.0199281 0.019796 0.0243948 0.0301388 0.0376714 0.0412746 0.0863199 0.0771752 0.113111 0.0741005 0.0525337 0.0229764 0.00759418 0.00175318 0 0 0
 0 0 0 0 0 0 0 0 0 0 0.00219441 0.00772107 0.0458388 0.0604681 0.0671733 0.0775358 0.0609151 0.0617685 0.073594 0.0568108 0.0755445 0.0548602 0.0670107 0.0636378 0.0643287 0.046367 0.0373049 0.0286899 0.0247887 0.0153202 0.00654259 0.00121912 0.000365735 0 0 0
 0 0 0 0 0 0 0 0 0 0 0 0 0.000112435 0.00938835 0.0111873 0.0202946 0.0414886 0.0713402 0.111592 0.104902 0.108894 0.110636 0.117776 0.105296 0.107544 0.0401394 0.0192827 0.0124803 0.00416011 0.0028671 0.000618394 0 0 0 0 0
 0 0 0 0 0 0 0 0 0 0 0.00291406 0.0102884 0.027416 0.0768956 0.0749926 0.110853 0.0956884 0.0897413 0.0766577 0.0534642 0.0500743 0.0551293 0.0594112 0.0620874 0.0668451 0.0424026 0.0208742 0.0120726 0.0048766 0.00582813 0.00118941 0.000297354 0 0 0 0
 0 0.00264628 0.0354308 0.0461629 0.0458689 0.0383711 0.0214643 0.0164657 0.0346957 0.0420465 0.0363128 0.0245516 0.0311673 0.0291091 0.0169068 0.0133784 0.00837989 0.0085269 0.0148486 0.0160247 0.0276389 0.0546898 0.0760071 0.122758 0.109233 0.0665981 0.0333725 0.0166128 0.00676272 0.00308733 0.000882094 0 0 0 0 0
 0 0 0 0 0 0 0 0.000805153 0.000690131 0.00759144 0.0133425 0.0154129 0.00931677 0.000345066 0.00356568 0.00563607 0.00851162 0.0253048 0.0502646 0.0516448 0.0657925 0.0565908 0.0611916 0.0827007 0.0866115 0.110766 0.145733 0.0935128 0.0569358 0.0249597 0.0138026 0.00621118 0.00161031 0.00115022 0 0
 0 0 0 0 0 0 0 0 0 0 0 0 0 0 0 0 0 0 0 0 0 0 0 0 0 0 0 0 0 0 0 0 0 0 0 0
 0.00147267 0.00158595 0.00478618 0.00569244 0.00954404 0.0108468 0.00647125 0.017049 0.0510054 0.094081 0.124002 0.0959785 0.0687766 0.0820023 0.061753 0.0591476 0.0492212 0.0479892 0.0443925 0.0268479 0.0217502 0.0140895 0.0121071 0.0120363 0.00920419 0.00665534 0.0049561 0.00860946 0.00930331 0.0156896 0.0114698 0.00855282 0.00243557 0.00046729 0 2.83206e-05
 0 0 0 0 0.000772559 0.00158375 0.000888443 0.00281984 0.00712685 0.0440552 0.0773331 0.111326 0.0921469 0.0852325 0.0710754 0.0886704 0.0786465 0.0553345 0.0373146 0.0185414 0.00753245 0.00457741 0.012979 0.0271748 0.0457355 0.0583668 0.034881 0.0177882 0.00938659 0.00492506 0.0015258 0.00185414 0.000309023 5.79419e-05 3.86279e-05 0
 0 0.00173294 0.00326652 0 0.00397197 0.00683976 0.00946217 0.0152591 0.00757587 0.0136028 0.0228656 0.0392903 0.0559909 0.0764795 0.0681675 0.0726916 0.0566044 0.0477403 0.0527397 0.0444891 0.0609904 0.0582453 0.0661739 0.0445044 0.0529084 0.0360697 0.0280645 0.0235558 0.0158879 0.00826598 0.00280645 0.00217768 0.000904811 0.00058276 9.20147e-05 0
 0 0 0 0 0 0 0 0 0 0 0 0 0 0 0 0 0 0 0 0 0 0 0 0 0 0 0 0 0 0 0 0 0 0 0 0
 0 0 0 0 0 0 0 0 0 0 0 0 0 0 0 0 0 0 0 0 0 0 0 0 0 0 0 0 0 0 0 0 0 0 0 0
 0 0 0 0 0 0 0 0 0 0 0 0 0 0 0 0 0 0 0 0 0 0 0 0 0 0 0 0 0 0 0 0 0 0 0 0
 0 0 0 0 0 0 0 0 0 0 0 0 0 0 0 0 0 0 0 0 0 0 0 0 0 0 0 0 0 0 0 0 0 0 0 0
ppred_pel_tallas
 1.00755e-16 3.54857e-05 0.00020828 0.000990087 0.00381192 0.0118871 0.0300259 0.0614366 0.101837 0.13676 0.14881 0.131235 0.0938844 0.0546746 0.0263155 0.011218 0.00548764 0.00454635 0.00559058 0.00739575 0.0094751 0.0115525 0.0133841 0.0147465 0.0154746 0.0154967 0.0148487 0.0136593 0.0121141 0.0104099 0.00871545 0.00714866 0.00577187 0.004602 0.0036273 0.00282341
 1.00743e-16 3.33954e-05 0.000196003 0.000931708 0.00358712 0.0111861 0.0282552 0.0578142 0.095834 0.128704 0.14006 0.123554 0.0884671 0.0516766 0.0251658 0.0112305 0.00623162 0.00587807 0.00752916 0.0100022 0.0127769 0.0155038 0.0178504 0.0195118 0.0202685 0.0200368 0.0188872 0.0170215 0.0147192 0.012271 0.00992089 0.0078323 0.00608223 0.00467671 0.00357724 0.00272676
 1.01239e-16 2.81407e-05 0.000165145 0.000784987 0.00302218 0.00942433 0.0238053 0.0487099 0.0807463 0.108453 0.118052 0.10421 0.0747722 0.0439904 0.0220083 0.0108164 0.00740532 0.00820017 0.0109822 0.0147085 0.0188328 0.0228968 0.0264255 0.0289731 0.0302141 0.0300177 0.0284754 0.0258686 0.0225932 0.0190637 0.015631 0.0125342 0.00989137 0.00772115 0.00597976 0.00459665
 1.01682e-16 3.13633e-05 0.000184074 0.000874995 0.00336876 0.0105052 0.0265352 0.0542949 0.0900006 0.120871 0.131538 0.116043 0.083103 0.0485718 0.0237086 0.0106769 0.00606876 0.00586556 0.00759938 0.0101706 0.0130988 0.0160585 0.0187331 0.0208225 0.0220976 0.0224478 0.0219005 0.0206037 0.0187801 0.0166706 0.0144848 0.0123727 0.0104205 0.00866263 0.00710275 0.00573162
 1.01681e-16 3.15698e-05 0.000185285 0.000880754 0.00339094 0.0105743 0.0267099 0.0546523 0.0905932 0.121667 0.132406 0.116811 0.0836601 0.0489105 0.0238977 0.010801 0.00619076 0.00602064 0.00780261 0.0104225 0.0133859 0.0163531 0.0189937 0.0209987 0.0221379 0.0223099 0.021561 0.0200645 0.0180704 0.0158422 0.0136034 0.0115071 0.00963126 0.00799429 0.00657955 0.00535775
 1.02439e-16 2.47727e-05 0.000145369 0.000690963 0.00266015 0.00829535 0.0209536 0.0428754 0.0710765 0.0954714 0.103938 0.0917911 0.0659475 0.0389727 0.0198217 0.0102792 0.00773 0.00905439 0.0123092 0.0165592 0.0212742 0.0259711 0.0301324 0.0332659 0.0350052 0.0351908 0.033901 0.0314186 0.0281494 0.0245214 0.0208981 0.0175285 0.0145395 0.01196 0.00976007 0.0078873
 1.02533e-16 3.0607e-05 0.000179635 0.000853896 0.00328753 0.0102519 0.0258954 0.0529855 0.08783 0.117955 0.128364 0.113238 0.0810851 0.0473743 0.0230912 0.0103452 0.00581021 0.00556666 0.00721304 0.00968864 0.0125425 0.0154786 0.0182089 0.0204561 0.022001 0.0227255 0.0226311 0.0218246 0.0204793 0.0187876 0.0169196 0.0150005 0.0131088 0.0112871 0.00955937 0.00794407
 1.02417e-16 2.78604e-05 0.000163502 0.000777182 0.00299214 0.00933065 0.0235686 0.0482254 0.0799426 0.107371 0.11687 0.103155 0.0739882 0.0434762 0.0216535 0.0104827 0.00697698 0.00759472 0.0101449 0.0136121 0.0174855 0.0213518 0.024785 0.0273832 0.0288483 0.029052 0.0280605 0.0261056 0.0235178 0.0206432 0.0177724 0.0151003 0.0127216 0.0106519 0.00886162 0.00730635
 1.02092e-16 3.05938e-05 0.000179555 0.000853511 0.00328604 0.0102472 0.0258837 0.0529617 0.0877913 0.117905 0.128315 0.113207 0.0810916 0.0474348 0.0232256 0.0105814 0.00618494 0.00612145 0.00798461 0.0106966 0.0137764 0.0168878 0.0196997 0.0218984 0.0232455 0.0236278 0.0230775 0.0217524 0.0198878 0.0177353 0.0155112 0.0133672 0.0113862 0.00959683 0.00799657 0.00657174
 1.01955e-16 2.95326e-05 0.000173322 0.00082387 0.0031719 0.00989126 0.0249846 0.0511225 0.0847437 0.113816 0.123874 0.109312 0.0783513 0.0459319 0.022676 0.0106445 0.00665177 0.00692911 0.00915161 0.0122585 0.0157446 0.0192269 0.0223192 0.0246577 0.0259721 0.0261443 0.0252313 0.0234403 0.0210685 0.018429 0.0157871 0.0133233 0.011129 0.00922409 0.00758634 0.00617833
 1.02639e-16 2.41434e-05 0.000141674 0.000673395 0.00259251 0.00808441 0.0204208 0.0417853 0.0692698 0.0930457 0.1013 0.0894689 0.0642951 0.0380284 0.0194013 0.0101592 0.00776018 0.00916949 0.0124961 0.0168269 0.0216373 0.0264429 0.0307221 0.0339764 0.0358322 0.0361231 0.034921 0.032503 0.0292708 0.0256499 0.022003 0.0185803 0.0155123 0.0128332 0.0105202 0.00852867
 1.03468e-16 2.49139e-05 0.000146203 0.000694938 0.00267548 0.00834316 0.0210743 0.0431219 0.0714837 0.0960135 0.104516 0.0922719 0.0662288 0.0390106 0.0196058 0.00978896 0.00691217 0.00783042 0.010601 0.0143216 0.0185257 0.022817 0.0267726 0.0299804 0.032118 0.0330181 0.0326959 0.0313259 0.0291828 0.0265673 0.0237422 0.0208979 0.0181479 0.0155473 0.0131191 0.0108765
 1.02207e-16 3.18364e-05 0.000186852 0.000888209 0.00341965 0.0106638 0.026936 0.0551148 0.0913592 0.122694 0.133518 0.117779 0.0843232 0.0492389 0.023948 0.0106385 0.00584279 0.00547552 0.00703094 0.00940034 0.0121131 0.0148651 0.0173666 0.0193447 0.0205919 0.0210091 0.0206226 0.0195666 0.018041 0.0162584 0.0143997 0.0125897 0.0108943 0.00933479 0.00790821 0.0066053
 1.00882e-16 3.36961e-05 0.00019777 0.000940108 0.00361947 0.011287 0.02851 0.0583354 0.0966976 0.129863 0.141319 0.124659 0.089246 0.0521067 0.0253288 0.0112244 0.00611749 0.00567507 0.00723272 0.00960144 0.0122657 0.014887 0.0171465 0.0187523 0.0194948 0.0192945 0.0182191 0.0164621 0.0142902 0.0119803 0.00976375 0.00779414 0.00614217 0.004811 0.00376196 0.00293984
 1.00347e-16 3.71026e-05 0.000217774 0.00103522 0.00398571 0.0124291 0.0313948 0.0642375 0.106479 0.142992 0.155587 0.137199 0.0981258 0.0570928 0.0273817 0.0115031 0.00537352 0.00419622 0.00503383 0.00660694 0.00841663 0.0101935 0.0117094 0.0127606 0.0132025 0.0129823 0.0121508 0.0108471 0.00926254 0.00759513 0.00601088 0.00462054 0.00347527 0.00257707 0.00189665 0.00139139
 1.00357e-16 3.53046e-05 0.000207215 0.000985014 0.00379237 0.0118262 0.029872 0.0611219 0.101316 0.136063 0.148058 0.130587 0.0934541 0.0544908 0.0263513 0.0114448 0.00590571 0.00518352 0.00648312 0.00856677 0.010916 0.0132104 0.0151576 0.0164936 0.0170308 0.0167021 0.0155766 0.0138386 0.0117406 0.00954384 0.00746677 0.00565484 0.00417454 0.00302707 0.00217193 0.00155063
 1.00876e-16 2.97119e-05 0.000174371 0.000828854 0.00319108 0.00995105 0.0251357 0.0514319 0.0852574 0.114508 0.124635 0.11 0.0788798 0.0463132 0.0229963 0.0110135 0.00716953 0.00767647 0.0101879 0.0136141 0.0174076 0.0211307 0.0243375 0.0266129 0.027656 0.0273503 0.0257884 0.0232422 0.0200902 0.0167278 0.0134891 0.0106001 0.00817078 0.00621456 0.0046838 0.00350417
 1.01552e-16 3.03585e-05 0.000178172 0.000846932 0.00326071 0.0101682 0.0256841 0.0525536 0.0871152 0.116999 0.127333 0.112351 0.0805003 0.0471334 0.0231608 0.010691 0.00643966 0.00652617 0.00856124 0.0114653 0.0147414 0.0180277 0.0209634 0.0232072 0.0245015 0.0247279 0.0239289 0.0222866 0.0200694 0.0175647 0.0150211 0.0126142 0.0104411 0.00853514 0.00688992 0.00548238
 1.01832e-16 2.98677e-05 0.000175289 0.000833227 0.00320793 0.0100036 0.0252684 0.0517031 0.0857058 0.115107 0.125277 0.110545 0.0792219 0.046417 0.0228684 0.0106562 0.0065543 0.00674846 0.00888766 0.0119039 0.0152959 0.0186905 0.0217131 0.0240105 0.0253186 0.02552 0.0246657 0.0229521 0.0206634 0.0181004 0.0155196 0.0130977 0.0109269 0.00903126 0.00739474 0.00598588
 1.01519e-16 3.28422e-05 0.000192758 0.000916283 0.00352774 0.0110009 0.0277875 0.0568569 0.0942467 0.126571 0.137735 0.121494 0.0869731 0.0507656 0.0246515 0.0108834 0.00587895 0.00541836 0.00691225 0.00921434 0.0118394 0.0144771 0.0168347 0.0186393 0.0196864 0.0198836 0.0192675 0.0179863 0.0162558 0.014305 0.0123293 0.010464 0.00878026 0.00729815 0.0060074 0.00488652
 1.01548e-16 3.03251e-05 0.000177975 0.000845991 0.00325708 0.0101569 0.0256555 0.0524952 0.0870189 0.116871 0.127196 0.112239 0.0804361 0.0471288 0.0232194 0.0108191 0.00665108 0.00684016 0.00899559 0.0120279 0.0154221 0.0187931 0.0217559 0.0239502 0.0251108 0.0251267 0.0240635 0.0221374 0.0196553 0.016939 0.0142605 0.0118042 0.00966142 0.0078483 0.0063352 0.00507481
 1.01915e-16 2.95269e-05 0.000173289 0.000823715 0.00317131 0.0098894 0.0249799 0.0511129 0.0847275 0.113794 0.123848 0.109287 0.078326 0.0459034 0.0226368 0.0105846 0.00656053 0.00679632 0.00896965 0.0120251 0.0154657 0.018919 0.0220088 0.0243793 0.0257621 0.0260347 0.0252424 0.0235757 0.0213144 0.0187561 0.0161566 0.0136944 0.0114652 0.00949915 0.00778622 0.00630123
 1.01747e-16 3.20038e-05 0.000187835 0.000892877 0.00343762 0.0107199 0.0270776 0.0554045 0.0918397 0.12334 0.134222 0.118404 0.0847793 0.0495221 0.0241171 0.0107662 0.00598582 0.00566969 0.00729675 0.00974651 0.0125358 0.0153453 0.0178689 0.0198194 0.0209803 0.0212517 0.0206686 0.0193821 0.0176142 0.0156011 0.0135447 0.0115853 0.00979761 0.00820438 0.00679825 0.00556104
 1.01582e-16 3.12157e-05 0.000183205 0.000870861 0.00335284 0.0104555 0.0264098 0.0540384 0.0895762 0.120303 0.130925 0.115513 0.0827485 0.0484147 0.0237246 0.0108393 0.00637374 0.00633068 0.00824901 0.0110191 0.0141367 0.0172435 0.0199876 0.0220403 0.0231585 0.0232387 0.0223368 0.0206453 0.0184387 0.0160057 0.0135902 0.011358 0.00939209 0.00770845 0.00628325 0.00507761
 1.032e-16 1.88851e-05 0.000110795 0.000526574 0.00202718 0.00632142 0.0159678 0.0326747 0.0541717 0.0727805 0.0792771 0.0701125 0.0505911 0.0303376 0.0162427 0.00974671 0.00893714 0.0114962 0.0159546 0.0215387 0.0276969 0.033836 0.0392911 0.0434231 0.0457537 0.0460707 0.044469 0.0413078 0.0371067 0.0324157 0.0277041 0.0232958 0.0193594 0.0159391 0.0130038 0.0104932
 1.0504e-16 2.42695e-05 0.000142426 0.000676992 0.0026064 0.00812776 0.0205301 0.0420081 0.0696358 0.0935273 0.101798 0.0898453 0.0644283 0.0378326 0.0187985 0.00903781 0.00595753 0.0064919 0.00876629 0.0119463 0.0156501 0.0195853 0.0234378 0.0268855 0.0296512 0.0315503 0.0325141 0.0325802 0.0318598 0.0304953 0.0286259 0.0263707 0.02383 0.0210951 0.0182602 0.0154265
pSPR Fmed_Fpbrs
0.49084   0.6 0.325
Fs Fmed_Fpbrs
0.68   0.430182 1.43454
SSBpbr Bo_Bmed_Bpbrs
1.24352e+06  548191  683934 341967
Ro
41772.8
SPR SPRFo_SPRFmed_SPRFpbrs
862789 423492 280407
log_Ro
10.46
likeval ReclasPelacesDesembMPH_pf_preclas_ppelaces_ptallas_desvR_qrecl_qpela
 62.4783 18.4289 0.0120087 0.000504171 324.889 208.213 82.7053 0 15.7998 2.1501e-05 3.48122e-05 4.28802e-15 0 0 0
q_reclas_q_pelaces
0.518368 2.31502
M
0.7
N
 42156.2 11346.7 3705.32 431.986 0.274339
 51111.4 18889.3 3047.03 799.795 91.8339
 30247.7 23311.1 5639.21 759.215 219.247
 44633.8 13185.3 5309.74 973.802 165.558
 76535.9 21619.7 5642.09 2155.03 460.637
 55704.7 37831.9 10444.1 2699.05 1250.38
 93942.9 26447.3 14361.7 3603.93 1353.24
 87522.2 45377 11129.5 5698.41 1958.39
 109914 41115.6 16168.1 3524.32 2403.65
 119458 51239.5 13991.8 4810.73 1746.34
 64256.8 56452.2 18917 4649.18 2161.93
 43307.3 28916.8 15556.6 4228.79 1499.22
 44664.4 19673.6 8430.6 3753.62 1362.96
 24021.8 19192.1 4112.37 1295.85 768.835
 15611.7 8981.74 1746.02 204.714 98.2864
 15688.7 5650.48 672.714 66.7794 11.0268
 11993.5 6862.67 1314.03 119.479 13.5488
 13599.4 5452.34 2009.42 318.915 31.8461
 15625.6 6368.85 1906.98 620.511 107.334
 25792.2 7395.59 2373.08 641.62 243.066
 32902.4 12194.8 2738.61 791.759 292.908
 41862.4 15971.9 5286.51 1131.26 446.459
 69420.6 20206.6 6693.32 2085.77 619.718
 97508.9 33316.8 8181.9 2520.65 1013.44
 43764.2 46874.4 13624.2 3122.75 1341.99
 52954.6 21162.3 19854.2 5453.65 1779.75
pred_Ctot
 2979.06 3880.75 1578.95 186.473 0.118503
 3012.76 5577.43 1135.38 302.155 34.7193
 2677.85 9483.64 2805.93 382.186 110.436
 790.162 1322.76 705.772 131.689 22.4092
 253.137 423.357 149.094 58.0144 12.4128
 1763.84 6508.27 2340.14 614.517 284.927
 1847.45 2929.87 2102.86 536.775 201.736
 3409.39 9396.07 2975.59 1547.17 532.153
 4857.97 9509.62 4798.83 1061.82 724.757
 4166.39 9616.21 3406.89 1189.96 432.328
 4358.11 18685.5 7825.2 1948.56 906.737
 2667.06 8851.53 5991.82 1651.05 585.762
 4362.85 8602.15 4467.83 2011.29 730.735
 4338.29 12351.6 2995.92 950.313 564.021
 3100.08 6064.75 1319.08 155.574 74.7166
 1354 2255.4 329.147 33.0613 5.46259
 732.875 2087.3 503.154 46.3771 5.26293
 558.611 1182.96 561.517 90.4849 9.0429
 528.388 1162.55 452.208 149.491 25.8803
 890.605 1375.54 572.903 157.361 59.663
 532.123 1122.83 334.736 98.4718 36.4628
 843.706 1810.66 791.636 172.31 68.0649
 1678.16 2714.41 1181.79 374.458 111.356
 2244.73 4276.94 1382.48 433.11 174.29
 827.255 5002.82 1923.73 448.548 192.937
 970.364 2193.38 2724.39 761.318 248.676
F
 0.102788 0.614755 0.83317 0.849047 0.849899
 0.08508 0.508849 0.689637 0.702779 0.703484
 0.130314 0.779385 1.05629 1.07642 1.0775
 0.0248881 0.148852 0.201737 0.205581 0.205788
 0.00460837 0.0275619 0.0373543 0.0380661 0.0381043
 0.0449083 0.268589 0.364015 0.370952 0.371324
 0.0276811 0.165556 0.224376 0.228652 0.228881
 0.0555053 0.331968 0.449912 0.458485 0.458946
 0.0631883 0.377919 0.512188 0.521948 0.522472
 0.049567 0.296452 0.401778 0.409434 0.409845
 0.0984663 0.588911 0.798143 0.813352 0.814169
 0.0890434 0.532554 0.721764 0.735517 0.736256
 0.144675 0.865276 1.1727 1.19504 1.19624
 0.283767 1.69716 2.30014 2.34397 2.34633
 0.316282 1.89163 2.5637 2.61255 2.61517
 0.126846 0.758643 1.02818 1.04777 1.04882
 0.0883236 0.528249 0.715929 0.729571 0.730304
 0.0586077 0.350523 0.475059 0.484112 0.484598
 0.0480253 0.287231 0.389281 0.396699 0.397097
 0.0490622 0.293433 0.397686 0.405264 0.405671
 0.0227148 0.135853 0.18412 0.187629 0.187817
 0.0283775 0.169721 0.230021 0.234404 0.23464
 0.0341231 0.204084 0.276593 0.281864 0.282147
 0.032472 0.19421 0.26321 0.268226 0.268495
 0.0265942 0.159055 0.215566 0.219673 0.219894
 0.0257715 0.154135 0.208897 0.212878 0.213092
Np
 28545.8 13456.8 9323.32 2934.09 3420.14
YTP_r0W_actual
 8733.28 55711.9 96170.8 31518.6 11190.4
YTP_p0W_proyectada
 8559.39 108368 71697.3 82603.3 35172.5
 8559.39 56903.3 74208.9 30293.3 39218.6
CTP_r0_actual
 970.364 2193.38 2724.39 761.318 248.676
CTP_p0_proyectada
 1043.83 5017.03 2283.35 2059.93 790.394
 1043.83 2634.41 2363.34 755.445 881.318
Wmedp
 8.2 21.6 31.4 40.1 44.5
nmprior
 10.6 11 7 0
nm_flota  nm_reclas  nm_pelaces    nm_pelaL
inf 16.4421 17.9813 57.1147
cv_recla  cv_pelaces  cv_mph
0.699257 0.470263 0.611114
 ------------------------------------------------
Talla a la edad & desviaci?n 
 7.2 14.2025 17.0495 18.207 18.6776
 1.08 2.13037 2.55742 2.73105 2.80164
