years
 1997 1998 1999 2000 2001 2002 2003 2004 2005 2006 2007 2008 2009 2010 2011 2012 2013 2014 2015 2016 2017 2018 2019 2020 2021 2022
reclasobs
 0 0 0 370054 412103 1.49427e+06 250295 1.28982e+06 931140 785840 897777 1.04006e+06 184774 17550 25797 100020 73551 82996 120727 218422 84188 347160 605670 569463 516374 1.08416e+06
reclaspred
 8.91519e+06 1.56643e+06 1.83406e+06 278676 226441 341262 658256 646290 644723 817586 947336 708820 376269 137011 75129 75512.7 79148 108476 139406 136629 194707 224883 351567 463458 785708 439439
pelacesobs
 0 0 0 0 0 0 0 0 0 2.06254e+06 1.5e+06 0 1.87456e+06 323000 250000 174000 83755 137374 0 501740 490994 745055 786931 1.00524e+06 1.33801e+06 1.41789e+06
pelacespred
 1.94331e+07 9.7308e+06 2.01169e+06 679337 739113 649555 2.17282e+06 2.00456e+06 1.74519e+06 2.53368e+06 2.28096e+06 1.73988e+06 980643 298649 166164 165683 181006 265817 336185 294042 569514 606223 697804 1.13822e+06 1.82586e+06 782402
mphobs
 0 0 0 0 0 112323 0 153150 637223 0 255016 313432 73983 77613 109348 50772 17779 17303 59886 28197 0 207744 136588 643089 65757 0
mphpred
 1.41958e+06 585557 223439 65929 40036.5 144148 157592 308972 261239 277406 408460 272935 174694 99979.2 48456.8 34319.3 30159.8 36880.6 47888 44417.3 54301.1 76926.4 87739 126833 228284 135046
desembarqueobs
 350755 77701 442110 56441 14545 235359 269955 359681 431902 328805 639364 411747 362871 311530 167758 66681 60226 58785 57116 73181 50977 67692 138656 160484 209506 203330
desembarquepred
 350744 77677.5 441484 56400.5 14541.2 235124 269812 359007 431259 328433 638037 410896 362020 310930 167180 66584.6 60179.4 58678.5 57018.4 73068.1 50951.9 67600.3 138500 160332 209254 202950
Reclutas
 5703.58 8007.59 984.492 3264.27 39126.4 11985.2 64987.6 54875.9 58844.5 114578 63140.1 51657.2 56770.6 29534.1 11751.8 8919.22 7085.92 8425.71 7441.01 8088.81 14833.2 16286.3 27218.5 47511.3 8966.91 2105.04
log_desv_Rt
 -1.03115 -0.691855 -2.78787 -1.58921 0.894553 -0.288574 1.40195 1.23283 1.30265 1.96901 1.37311 1.17238 1.26677 0.6133 -0.308241 -0.584036 -0.814136 -0.640956 -0.765239 -0.681763 -0.0753771 0.0180809 0.531652 1.08872 -0.578704 -2.02791
SSB
 1.77564e+06 732427 279481 82465.4 50078.5 180303 197120 386468 326764 346986 510910 341393 218511 125056 60610.8 42927.3 37724.5 46131 59899.3 55558 67921 96221.1 109746 158645 285543 168919
BT
 2.18668e+06 867907 395641 127153 238168 286061 1.02539e+06 909827 914176 1.08685e+06 1.1081e+06 799665 669458 387688 193220 100310 99925.2 121609 112939 122586 190430 165025 237720 403602 413249 254513
Ftot
 0.140879 0.270344 1.2751 1.14901 0.336545 1.48874 1.67539 1.46033 1.89363 1.30996 1.65342 1.65909 2.69378 4.29696 4.13634 2.03137 1.95955 1.52481 1.06886 1.51705 0.819849 0.852843 1.1659 1.0568 0.685873 1.60637
BD_Bspro_t
 0.977944 0.836292 0.565657 0.17619 0.212788 0.53539 0.377425 0.474745 0.38074 0.357788 0.412199 0.263111 0.186011 0.126148 0.0738851 0.0652012 0.0800993 0.134497 0.20841 0.237052 0.304525 0.444804 0.433321 0.451717 0.521191 0.315783
BD_Bspro
 5.37492 2.21708 0.846001 0.249626 0.15159 0.545785 0.59669 1.16985 0.989126 1.05034 1.54654 1.03341 0.661441 0.37855 0.183471 0.129943 0.114194 0.13964 0.181317 0.168176 0.205599 0.291265 0.332205 0.480225 0.864349 0.511324
BD_Bo
 2.79085 1.15119 0.439274 0.129615 0.0787107 0.283391 0.309823 0.60743 0.51359 0.545374 0.803021 0.536583 0.343444 0.196556 0.0952649 0.0674708 0.0592934 0.0725062 0.0941465 0.0873232 0.106755 0.151235 0.172493 0.24935 0.448801 0.265498
BD_Brms
 5.07428 2.09307 0.79868 0.235663 0.14311 0.515257 0.563314 1.10442 0.933799 0.991589 1.46004 0.975605 0.624443 0.357375 0.173209 0.122674 0.107806 0.131829 0.171175 0.158769 0.194099 0.274973 0.313623 0.453364 0.816002 0.482723
S_f
 0.0883091 1 1 1 1
 0.0883091 1 1 1 1
 0.0883091 1 1 1 1
 0.0883091 1 1 1 1
 0.0883091 1 1 1 1
 0.0883091 1 1 1 1
 0.0883091 1 1 1 1
 0.0883091 1 1 1 1
 0.0883091 1 1 1 1
 0.0883091 1 1 1 1
 0.0883091 1 1 1 1
 0.0883091 1 1 1 1
 0.0883091 1 1 1 1
 0.0883091 1 1 1 1
 0.0883091 1 1 1 1
 0.0883091 1 1 1 1
 0.0883091 1 1 1 1
 0.0883091 1 1 1 1
 0.0883091 1 1 1 1
 0.0883091 1 1 1 1
 0.0883091 1 1 1 1
 0.0883091 1 1 1 1
 0.0883091 1 1 1 1
 0.0883091 1 1 1 1
 0.0883091 1 1 1 1
 0.0883091 1 1 1 1
Scru_reclas
 0.0813673 0.308323 0.691677 0.918633 0.982704
 0.0813673 0.308323 0.691677 0.918633 0.982704
 0.0813673 0.308323 0.691677 0.918633 0.982704
 0.0813673 0.308323 0.691677 0.918633 0.982704
 0.0813673 0.308323 0.691677 0.918633 0.982704
 0.0813673 0.308323 0.691677 0.918633 0.982704
 0.0813673 0.308323 0.691677 0.918633 0.982704
 0.0813673 0.308323 0.691677 0.918633 0.982704
 0.0813673 0.308323 0.691677 0.918633 0.982704
 0.0813673 0.308323 0.691677 0.918633 0.982704
 0.0813673 0.308323 0.691677 0.918633 0.982704
 0.0813673 0.308323 0.691677 0.918633 0.982704
 0.0813673 0.308323 0.691677 0.918633 0.982704
 0.0813673 0.308323 0.691677 0.918633 0.982704
 0.0813673 0.308323 0.691677 0.918633 0.982704
 0.0813673 0.308323 0.691677 0.918633 0.982704
 0.0813673 0.308323 0.691677 0.918633 0.982704
 0.0813673 0.308323 0.691677 0.918633 0.982704
 0.0813673 0.308323 0.691677 0.918633 0.982704
 0.0813673 0.308323 0.691677 0.918633 0.982704
 0.0813673 0.308323 0.691677 0.918633 0.982704
 0.0813673 0.308323 0.691677 0.918633 0.982704
 0.0813673 0.308323 0.691677 0.918633 0.982704
 0.0813673 0.308323 0.691677 0.918633 0.982704
 0.0813673 0.308323 0.691677 0.918633 0.982704
 0.0813673 0.308323 0.691677 0.918633 0.982704
Scru_pelaces
 0.139519 0.449337 0.804174 0.953847 0.990477
 0.139519 0.449337 0.804174 0.953847 0.990477
 0.139519 0.449337 0.804174 0.953847 0.990477
 0.139519 0.449337 0.804174 0.953847 0.990477
 0.139519 0.449337 0.804174 0.953847 0.990477
 0.139519 0.449337 0.804174 0.953847 0.990477
 0.139519 0.449337 0.804174 0.953847 0.990477
 0.139519 0.449337 0.804174 0.953847 0.990477
 0.139519 0.449337 0.804174 0.953847 0.990477
 0.139519 0.449337 0.804174 0.953847 0.990477
 0.139519 0.449337 0.804174 0.953847 0.990477
 0.139519 0.449337 0.804174 0.953847 0.990477
 0.139519 0.449337 0.804174 0.953847 0.990477
 0.139519 0.449337 0.804174 0.953847 0.990477
 0.139519 0.449337 0.804174 0.953847 0.990477
 0.139519 0.449337 0.804174 0.953847 0.990477
 0.139519 0.449337 0.804174 0.953847 0.990477
 0.139519 0.449337 0.804174 0.953847 0.990477
 0.139519 0.449337 0.804174 0.953847 0.990477
 0.139519 0.449337 0.804174 0.953847 0.990477
 0.139519 0.449337 0.804174 0.953847 0.990477
 0.139519 0.449337 0.804174 0.953847 0.990477
 0.139519 0.449337 0.804174 0.953847 0.990477
 0.139519 0.449337 0.804174 0.953847 0.990477
 0.139519 0.449337 0.804174 0.953847 0.990477
 0.139519 0.449337 0.804174 0.953847 0.990477
pf_obs 
 0.256992 0.487395 0.22802 0.0275931 0
 0.321318 0.546541 0.124235 0.00734118 0.000564706
 0.182869 0.594174 0.210203 0.0122559 0.00049798
 0.330522 0.361315 0.267642 0.0388342 0.00168674
 0.649043 0.306663 0.0425973 0.00169635 0
 0.582887 0.30429 0.105238 0.00758474 0
 0.465427 0.430635 0.0974691 0.00646863 0
 0.296916 0.608066 0.0921331 0.00288517 0
 0.311714 0.524322 0.152257 0.0117073 0
 0.15457 0.633149 0.183074 0.0267441 0.00246327
 0.131901 0.49318 0.331252 0.0422183 0.00144891
 0.196976 0.569456 0.194076 0.0375587 0.00193317
 0.518974 0.381816 0.0799577 0.0180837 0.00116848
 0.0928022 0.601141 0.25162 0.0475244 0.00691264
 0.122501 0.610282 0.24278 0.0234846 0.000952079
 0.383417 0.481906 0.127806 0.00687128 0
 0.0376549 0.599619 0.316969 0.0457579 0
 0.0361596 0.667082 0.258105 0.0386534 0
 0.158088 0.579412 0.248529 0.0139706 0
 0.0477256 0.309471 0.559284 0.082774 0.000745712
 0.0406174 0.521527 0.379366 0.0568643 0.0016247
 0.151134 0.462217 0.34131 0.0453401 0
 0.294876 0.26143 0.354403 0.0886775 0.000613685
 0.281977 0.475581 0.204845 0.0348837 0.00271318
 0.0841818 0.532909 0.334909 0.0458182 0.00218182
 0.115287 0.27431 0.454777 0.147771 0.00785563
pf_pred 
 0.0076186 0.627736 0.321416 0.043228 1.50936e-06
 0.0234619 0.0834716 0.564914 0.289249 0.0389032
 0.00831221 0.236449 0.0645556 0.436895 0.253788
 0.138964 0.1395 0.172037 0.0469696 0.50253
 0.675901 0.251288 0.0117963 0.0145477 0.0464666
 0.0831617 0.885388 0.024385 0.00114472 0.00592084
 0.577717 0.29751 0.120493 0.00331857 0.000961554
 0.21998 0.761185 0.0132693 0.00537409 0.000190898
 0.263378 0.647707 0.086768 0.00151257 0.000634357
 0.375012 0.577426 0.0418207 0.00560238 0.000138621
 0.152761 0.791263 0.0517161 0.00374559 0.000514182
 0.199103 0.672818 0.119616 0.007818 0.000643957
 0.311877 0.604905 0.0699101 0.0124289 0.000879251
 0.258092 0.714688 0.023928 0.00276541 0.000526426
 0.233961 0.754319 0.0112898 0.000377988 5.20006e-05
 0.270373 0.715342 0.0140662 0.000210527 8.01822e-06
 0.231112 0.716791 0.0510765 0.00100435 1.56045e-05
 0.279925 0.65827 0.0576174 0.00410565 8.1986e-05
 0.194401 0.735243 0.064317 0.00562956 0.000409157
 0.229575 0.640301 0.118759 0.0103887 0.000975397
 0.30987 0.61321 0.0639281 0.011857 0.0011346
 0.203466 0.707256 0.0793277 0.00827004 0.00168066
 0.285387 0.586842 0.113451 0.0127249 0.00159619
 0.311272 0.617183 0.0587528 0.0113583 0.00143379
 0.0412148 0.86433 0.0846434 0.00805763 0.00175437
 0.0307284 0.40009 0.513108 0.0502484 0.00582488
pobs_RECLAS
 0 0 0 0 0
 0 0 0 0 0
 0 0 0 0 0
 0 0 0 0 0
 0.835266 0.146461 0.0176864 0.000547809 3.91292e-05
 0.385257 0.428462 0.181853 0.0044286 0
 0.867414 0.0963971 0.0333333 0.00285562 0
 0.441836 0.489002 0.0689373 0.000224442 0
 0.779404 0.147425 0.0564933 0.0165055 0.000172143
 0.814271 0.122319 0.05973 0.00367925 0
 0.40263 0.566651 0.0304383 0.000280538 0
 0.475488 0.404961 0.113038 0.00651328 0
 0.955842 0.0263864 0.0167828 0.000988607 0
 0.975058 0.0227948 0.00214734 0 0
 0.738997 0.206755 0.0527124 0.00153531 0
 0.850938 0.134255 0.0134407 0.00136685 0
 0.542534 0.407297 0.0501686 0 0
 0.764087 0.199537 0.0359546 0.000420521 0
 0.470689 0.182191 0.310203 0.0369168 0
 0.84361 0.089868 0.0606195 0.00523954 0.000663233
 0.607945 0.314616 0.071237 0.00620181 0
 0.523733 0.453247 0.0230204 0 0
 0.530135 0.295979 0.169645 0.0042399 0
 0.562478 0.366248 0.0663022 0.0049721 0
 0.250443 0.683176 0.0655157 0.000865301 0
 0.195077 0.31981 0.436473 0.0351445 0.0134964
ppred_RECLAS
 0.0152982 0.41834 0.480526 0.0858328 3.20599e-06
 0.0296229 0.0346657 0.52631 0.357907 0.0514949
 0.0112272 0.0938231 0.057465 0.516518 0.320966
 0.170044 0.0510696 0.141289 0.0512322 0.586366
 0.814881 0.0991441 0.0104409 0.0171012 0.0584323
 0.233201 0.705458 0.0435872 0.00271752 0.0150362
 0.783237 0.111041 0.100888 0.00369035 0.00114386
 0.488298 0.482309 0.0188616 0.0101456 0.000385525
 0.539747 0.351176 0.105537 0.00244342 0.00109622
 0.650852 0.292872 0.047585 0.00846623 0.000224093
 0.375306 0.537234 0.0787709 0.00757703 0.00111269
 0.427315 0.398666 0.159001 0.013802 0.00121614
 0.635334 0.275194 0.0713493 0.0168469 0.00127492
 0.695454 0.279661 0.0210048 0.00322411 0.000656552
 0.662979 0.325533 0.0109301 0.00048602 7.15264e-05
 0.58401 0.398067 0.0175597 0.00034905 1.42212e-05
 0.5146 0.416975 0.0666554 0.00174075 2.89323e-05
 0.553323 0.367534 0.0721678 0.00682984 0.000145898
 0.417244 0.477345 0.0936751 0.0108896 0.000846658
 0.463182 0.365362 0.152021 0.0176619 0.00177393
 0.555164 0.342872 0.0801886 0.0197531 0.00202201
 0.416948 0.45057 0.113373 0.0156974 0.00341257
 0.51951 0.318845 0.138281 0.0205992 0.00276414
 0.566117 0.340089 0.072628 0.0186478 0.00251814
 0.107177 0.712017 0.156423 0.0197767 0.00460627
 0.0602776 0.218659 0.629095 0.0818217 0.0101464
pobs_PELACES
 0 0 0 0 0
 0 0 0 0 0
 0 0 0 0 0
 0 0 0 0 0
 0 0 0 0 0
 0 0 0 0 0
 0 0 0 0 0
 0 0 0 0 0
 0 0 0 0 0
 0 0 0 0 0
 0.450072 0.473896 0.0757376 0.000293798 0
 0 0 0 0 0
 0.463077 0.371075 0.160297 0.00555027 0
 0.529543 0.364841 0.0842815 0.0213345 0
 0.631943 0.363953 0.00410389 0 0
 0.735681 0.248677 0.0153453 0.000297389 0
 0.695825 0.281241 0.0229344 0 0
 0.275771 0.60734 0.115278 0.00161068 0
 0 0 0 0 0
 0.896147 0.0623911 0.0374545 0.00400742 0
 0.803859 0.145111 0.0509908 3.86294e-05 0
 0.739449 0.233085 0.0266225 0.000797448 4.60066e-05
 0.878498 0.100942 0.0204185 0.000141795 0
 0.694673 0.275183 0.0284847 0.00165964 0
 0.469039 0.446079 0.0841089 0.000773354 0
 0.822795 0.102175 0.0682046 0.00682512 0
ppred_PELACES
 0.0213 0.474509 0.434823 0.0693649 2.51497e-06
 0.0482866 0.044275 0.536267 0.325686 0.045486
 0.0258815 0.125258 0.0612038 0.491304 0.296353
 0.318161 0.057478 0.126861 0.0410821 0.456418
 0.868902 0.0811995 0.00682192 0.0099789 0.0330975
 0.363295 0.596849 0.0294194 0.00163808 0.00879807
 0.886689 0.0645413 0.0467815 0.00152824 0.000459814
 0.638443 0.345412 0.0107764 0.00517678 0.000190951
 0.719401 0.225043 0.0539542 0.0011156 0.00048584
 0.771156 0.198866 0.0257771 0.00409584 0.000105237
 0.545004 0.403203 0.0471636 0.00405164 0.000577554
 0.607017 0.292191 0.0929689 0.00720727 0.00061645
 0.829721 0.135825 0.0280939 0.00592424 0.00043519
 0.908789 0.0852637 0.00510896 0.000700347 0.000138439
 0.889997 0.107006 0.00286629 0.000113825 1.62605e-05
 0.754329 0.23717 0.00834644 0.000148171 5.85999e-06
 0.698425 0.266751 0.0340183 0.00079342 1.28007e-05
 0.705439 0.251726 0.0394327 0.00333283 6.91093e-05
 0.547149 0.385721 0.0603874 0.00626937 0.000473156
 0.632191 0.268524 0.0891344 0.00924843 0.000901682
 0.664356 0.272504 0.0508433 0.0111852 0.00111142
 0.533443 0.379069 0.0760931 0.00940927 0.00198561
 0.660719 0.242688 0.0839676 0.0111709 0.00145507
 0.689067 0.256005 0.0436155 0.0100013 0.00131096
 0.153605 0.705607 0.123667 0.0139636 0.00315702
 0.127648 0.242728 0.557121 0.064713 0.00778972
pobs_pel_tallas
 0 0 0 0 0 0 0 0 0 0 0 0 0 0 0 0 0 0 0 0 0 0 0 0 0 0 0 0 0 0 0 0 0 0 0 0
 0 0 0 0 0 0 0 0 0 0 0 0 0 0 0 0 0 0 0 0 0 0 0 0 0 0 0 0 0 0 0 0 0 0 0 0
 0 0 0 0 0 0 0 0 0 0 0 0 0 0 0 0 0 0 0 0 0 0 0 0 0 0 0 0 0 0 0 0 0 0 0 0
 0 0 0 0 0 0 0 0 0 0 0 0 0 0 0 0 0 0 0 0 0 0 0 0 0 0 0 0 0 0 0 0 0 0 0 0
 0 0 0 0 0 0 0 0 0 0 0 0 0 0 0 0 0 0 0 0 0 0 0 0 0 0 0 0 0 0 0 0 0 0 0 0
 0 0 0 0 0 0 0 0 0 0 0 0 0 0 0 0 0 0 0 0 0 0 0 0 0 0 0 0 0 0 0 0 0 0 0 0
 0 0 0 0 0 0 0 0 0 0 0 0 0 0 0 0 0 0 0 0 0 0 0 0 0 0 0 0 0 0 0 0 0 0 0 0
 0 0 0 0 0 0 0 0 0 0 0 0 0 0 0 0 0 0 0 0 0 0 0 0 0 0 0 0 0 0 0 0 0 0 0 0
 0 0 0 0 0 0 0 0 0 0 0 0 0 0 0 0 0 0 0 0 0 0 0 0 0 0 0 0 0 0 0 0 0 0 0 0
 0 0 0 0 0 0 0 0 0 0 0 0 0 0 0 0 0 0 0 0 0 0 0 0 0 0 0 0 0 0 0 0 0 0 0 0
 0 0 0 0 0 0 0 0 1.78061e-05 0.00172719 0.00360574 0.0105946 0.0120993 0.0124554 0.0147524 0.0171206 0.0266825 0.0428682 0.0675386 0.121331 0.153587 0.119568 0.100827 0.0573624 0.0630603 0.0341343 0.0324427 0.0444173 0.0211091 0.0280891 0.0125444 0.00206551 0 0 0 0
 0 0 0 0 0 0 0 0 0 0 0 0 0 0 0 0 0 0 0 0 0 0 0 0 0 0 0 0 0 0 0 0 0 0 0 0
 0 0 0 0 0 0 0.0133647 0.0140871 0.0187388 0.0205184 0.03894 0.0496705 0.03968 0.0493445 0.0407372 0.0367815 0.0215668 0.0243155 0.0234873 0.0199281 0.019796 0.0243948 0.0301388 0.0376714 0.0412746 0.0863199 0.0771752 0.113111 0.0741005 0.0525337 0.0229764 0.00759418 0.00175318 0 0 0
 0 0 0 0 0 0 0 0 0 0 0.00219441 0.00772107 0.0458388 0.0604681 0.0671733 0.0775358 0.0609151 0.0617685 0.073594 0.0568108 0.0755445 0.0548602 0.0670107 0.0636378 0.0643287 0.046367 0.0373049 0.0286899 0.0247887 0.0153202 0.00654259 0.00121912 0.000365735 0 0 0
 0 0 0 0 0 0 0 0 0 0 0 0 0.000112435 0.00938835 0.0111873 0.0202946 0.0414886 0.0713402 0.111592 0.104902 0.108894 0.110636 0.117776 0.105296 0.107544 0.0401394 0.0192827 0.0124803 0.00416011 0.0028671 0.000618394 0 0 0 0 0
 0 0 0 0 0 0 0 0 0 0 0.00291406 0.0102884 0.027416 0.0768956 0.0749926 0.110853 0.0956884 0.0897413 0.0766577 0.0534642 0.0500743 0.0551293 0.0594112 0.0620874 0.0668451 0.0424026 0.0208742 0.0120726 0.0048766 0.00582813 0.00118941 0.000297354 0 0 0 0
 0 0.00264628 0.0354308 0.0461629 0.0458689 0.0383711 0.0214643 0.0164657 0.0346957 0.0420465 0.0363128 0.0245516 0.0311673 0.0291091 0.0169068 0.0133784 0.00837989 0.0085269 0.0148486 0.0160247 0.0276389 0.0546898 0.0760071 0.122758 0.109233 0.0665981 0.0333725 0.0166128 0.00676272 0.00308733 0.000882094 0 0 0 0 0
 0 0 0 0 0 0 0 0.000805153 0.000690131 0.00759144 0.0133425 0.0154129 0.00931677 0.000345066 0.00356568 0.00563607 0.00851162 0.0253048 0.0502646 0.0516448 0.0657925 0.0565908 0.0611916 0.0827007 0.0866115 0.110766 0.145733 0.0935128 0.0569358 0.0249597 0.0138026 0.00621118 0.00161031 0.00115022 0 0
 0 0 0 0 0 0 0 0 0 0 0 0 0 0 0 0 0 0 0 0 0 0 0 0 0 0 0 0 0 0 0 0 0 0 0 0
 0.00147267 0.00158595 0.00478618 0.00569244 0.00954404 0.0108468 0.00647125 0.017049 0.0510054 0.094081 0.124002 0.0959785 0.0687766 0.0820023 0.061753 0.0591476 0.0492212 0.0479892 0.0443925 0.0268479 0.0217502 0.0140895 0.0121071 0.0120363 0.00920419 0.00665534 0.0049561 0.00860946 0.00930331 0.0156896 0.0114698 0.00855282 0.00243557 0.00046729 0 2.83206e-05
 0 0 0 0 0.000772559 0.00158375 0.000888443 0.00281984 0.00712685 0.0440552 0.0773331 0.111326 0.0921469 0.0852325 0.0710754 0.0886704 0.0786465 0.0553345 0.0373146 0.0185414 0.00753245 0.00457741 0.012979 0.0271748 0.0457355 0.0583668 0.034881 0.0177882 0.00938659 0.00492506 0.0015258 0.00185414 0.000309023 5.79419e-05 3.86279e-05 0
 0 0.00173294 0.00326652 0 0.00397197 0.00683976 0.00946217 0.0152591 0.00757587 0.0136028 0.0228656 0.0392903 0.0559909 0.0764795 0.0681675 0.0726916 0.0566044 0.0477403 0.0527397 0.0444891 0.0609904 0.0582453 0.0661739 0.0445044 0.0529084 0.0360697 0.0280645 0.0235558 0.0158879 0.00826598 0.00280645 0.00217768 0.000904811 0.00058276 9.20147e-05 0
 0 0 0 0 0 0 0 0 0 0 0 0 0 0 0 0 0 0 0 0 0 0 0 0 0 0 0 0 0 0 0 0 0 0 0 0
 0 0 0 0 0 0 0 0 0 0 0 0 0 0 0 0 0 0 0 0 0 0 0 0 0 0 0 0 0 0 0 0 0 0 0 0
 0 0 0 0 0 0 0 0 0 0 0 0 0 0 0 0 0 0 0 0 0 0 0 0 0 0 0 0 0 0 0 0 0 0 0 0
 0 0 0 0 0 0 0 0 0 0 0 0 0 0 0 0 0 0 0 0 0 0 0 0 0 0 0 0 0 0 0 0 0 0 0 0
ppred_pel_tallas
 1.08711e-16 9.61685e-07 5.56115e-06 2.62636e-05 0.00010083 0.000314157 0.000794054 0.00162881 0.00271552 0.00369415 0.00414475 0.00395307 0.0034791 0.00334475 0.00409072 0.00603299 0.00933493 0.0140974 0.0203483 0.0279628 0.0365946 0.0456682 0.0544461 0.062154 0.0681282 0.0719353 0.0734313 0.0727397 0.0701734 0.06613 0.0610042 0.0551389 0.0488192 0.0422897 0.0357773 0.0295009
 1.20944e-16 2.12083e-06 1.24063e-05 5.8895e-05 0.000226619 0.000706535 0.00178466 0.00365247 0.00605789 0.00814651 0.00889402 0.00791465 0.00581928 0.00371366 0.00241663 0.00216342 0.00284629 0.00434746 0.00667752 0.00994778 0.0142955 0.0198198 0.0265347 0.0343336 0.042965 0.0520262 0.0609791 0.0691933 0.076013 0.0808425 0.0832321 0.0829494 0.0800203 0.0747243 0.0675525 0.0591298
 1.31639e-16 1.14516e-06 6.67581e-06 3.16458e-05 0.000121693 0.000379329 0.000958241 0.00196195 0.00325724 0.00439001 0.0048185 0.00434872 0.00332887 0.00238276 0.00199181 0.00233444 0.00340943 0.00520485 0.00776039 0.0111424 0.0154003 0.0205392 0.0265123 0.0332239 0.0405344 0.0482585 0.0561544 0.0639091 0.0711309 0.0773617 0.0821166 0.0849487 0.0855257 0.0836965 0.0795321 0.0733258
 1.24558e-16 1.38876e-05 8.14901e-05 0.000387333 0.0014912 0.00465009 0.0117457 0.0240334 0.0398387 0.0535043 0.0582289 0.0513755 0.0368065 0.0215446 0.0105854 0.0049084 0.00304296 0.00327055 0.00458763 0.00662726 0.00932321 0.0126908 0.0167381 0.0214369 0.0267125 0.0324342 0.0384086 0.0443747 0.0500094 0.0549467 0.0588134 0.0612765 0.062094 0.0611566 0.0585092 0.0543513
 1.02013e-16 3.79041e-05 0.000222484 0.00105763 0.00407199 0.0126982 0.0320744 0.0656276 0.108781 0.146079 0.158934 0.140121 0.100151 0.0581404 0.02764 0.0111922 0.00460443 0.00296364 0.00327347 0.00425617 0.00545966 0.00669106 0.00781203 0.00870335 0.00927934 0.00950532 0.00940342 0.00904221 0.00851485 0.00791313 0.00730661 0.00673238 0.00619673 0.00568524 0.00517617 0.00465212
 1.0108e-16 1.58782e-05 9.31256e-05 0.000442536 0.00170355 0.00531216 0.0134187 0.0274604 0.0455339 0.0611969 0.0667159 0.0591373 0.0429627 0.0263443 0.0151583 0.010714 0.0114969 0.0156134 0.0218069 0.0292954 0.0373604 0.0451445 0.0516839 0.0560761 0.0576846 0.0562942 0.0521648 0.045958 0.0385689 0.0309172 0.0237669 0.0176187 0.0126901 0.00896512 0.00627916 0.00440501
 1.0076e-16 3.86792e-05 0.000227036 0.00107927 0.00415531 0.012958 0.0327308 0.0669704 0.111007 0.149066 0.16218 0.142974 0.102171 0.0592745 0.0281073 0.011258 0.00444315 0.00264707 0.00281548 0.00365502 0.00472216 0.00584257 0.00689719 0.00777935 0.00840335 0.00871915 0.00871983 0.00843753 0.00793087 0.00726852 0.00651496 0.00572217 0.00492793 0.00415844 0.00343271 0.00276575
 1.00453e-16 2.78658e-05 0.000163526 0.000777279 0.00299248 0.00933171 0.0235714 0.0482317 0.0799552 0.107395 0.116913 0.103235 0.0741362 0.0437449 0.0221225 0.0112603 0.00819597 0.00939758 0.0126566 0.0169027 0.0215287 0.0259924 0.0297274 0.0322108 0.0330761 0.032202 0.0297435 0.0260887 0.0217607 0.0172965 0.0131411 0.00958563 0.00675512 0.00463774 0.00313427 0.00210868
 1.00901e-16 3.13911e-05 0.000184234 0.000875751 0.00337166 0.0105142 0.0265581 0.0543419 0.0900794 0.12098 0.131664 0.11617 0.0832307 0.0487199 0.023917 0.0109989 0.00656458 0.00659588 0.00861559 0.0115007 0.0147311 0.0179289 0.0207202 0.0227561 0.0237799 0.0236844 0.0225341 0.0205411 0.0180075 0.0152521 0.0125477 0.0100832 0.00795673 0.00619059 0.00475902 0.00361442
 1.00577e-16 3.36468e-05 0.000197479 0.000938725 0.00361414 0.0112704 0.0284681 0.0582496 0.0965557 0.129673 0.141114 0.124482 0.0891294 0.0520582 0.0253416 0.0112916 0.0062405 0.00586351 0.00749904 0.00995499 0.0127074 0.0154053 0.0177155 0.019333 0.0200392 0.0197521 0.018545 0.0166233 0.0142705 0.0117813 0.00940341 0.00730277 0.00555748 0.0041731 0.00310912 0.00230526
 1.00968e-16 2.37938e-05 0.000139615 0.000663589 0.00255473 0.00796657 0.0201232 0.041177 0.0682637 0.0917013 0.0998551 0.0882359 0.0635038 0.03775 0.0196069 0.0108251 0.00892671 0.0109338 0.014968 0.0200762 0.0256459 0.0310703 0.0356926 0.0388978 0.0402447 0.0395714 0.0370317 0.0330488 0.0282051 0.0231048 0.0182548 0.0139946 0.0104824 0.00772656 0.0056399 0.00409368
 1.01692e-16 2.64935e-05 0.000155474 0.000739008 0.00284515 0.00887226 0.0224108 0.0458567 0.0760172 0.102103 0.111146 0.098128 0.0704377 0.0415007 0.0208756 0.010449 0.00740133 0.00838028 0.0113057 0.0151968 0.0195299 0.0238534 0.0276898 0.0305841 0.0321944 0.0323666 0.0311638 0.028838 0.0257573 0.0223154 0.0188527 0.01561 0.0127195 0.0102244 0.00811132 0.00634181
 1.00668e-16 3.61979e-05 0.000212462 0.00100997 0.00388848 0.0121259 0.030629 0.0626704 0.103881 0.139505 0.151795 0.13386 0.0957483 0.0557313 0.02677 0.0113183 0.0053975 0.00433287 0.0052623 0.00693868 0.00887288 0.0107959 0.0124752 0.0137006 0.0143185 0.0142661 0.0135837 0.0124004 0.0108983 0.00926879 0.00767388 0.0062243 0.00497528 0.00393678 0.00309045 0.00240608
 1.00131e-16 3.96435e-05 0.000232696 0.00110617 0.0042589 0.013281 0.0335467 0.06864 0.113775 0.152784 0.166228 0.146551 0.104743 0.0608003 0.028892 0.0116757 0.00476285 0.00300992 0.00327637 0.00421737 0.00535029 0.00646297 0.00740111 0.00803314 0.00826742 0.00807261 0.00748519 0.00659908 0.0055417 0.00444427 0.00341607 0.00252916 0.00181542 0.00127354 0.000880955 0.000606028
 1.00081e-16 3.8825e-05 0.000227889 0.00108331 0.00417088 0.0130066 0.0328534 0.0672216 0.111424 0.14963 0.162802 0.143543 0.102622 0.0596265 0.028442 0.011681 0.00505498 0.00353296 0.00403833 0.00524285 0.00665096 0.00802186 0.00916643 0.0099207 0.0101711 0.00988053 0.00909802 0.00794504 0.0065852 0.00518639 0.00388789 0.00278089 0.00190465 0.00125542 0.000801792 0.000500484
 1.00202e-16 3.29146e-05 0.000193177 0.000918264 0.00353535 0.0110246 0.0278474 0.05698 0.0944525 0.126852 0.138054 0.121805 0.0872621 0.0510668 0.0250436 0.0114706 0.00677503 0.00673473 0.00874112 0.0116041 0.0147659 0.0178209 0.0203731 0.0220624 0.0226364 0.0220121 0.0202963 0.0177567 0.0147543 0.0116599 0.00878157 0.00632134 0.00436703 0.0029116 0.00188711 0.00119935
 1.00598e-16 3.04781e-05 0.00017887 0.000850241 0.00327343 0.0102079 0.0257844 0.052759 0.0874571 0.117462 0.127846 0.112827 0.0808922 0.0474642 0.0235107 0.0111639 0.00713967 0.00754674 0.00997516 0.0133083 0.0169914 0.0205874 0.0236552 0.0257859 0.0266869 0.0262493 0.0245737 0.0219387 0.0187288 0.0153434 0.0121188 0.0092809 0.00693629 0.00509278 0.00369468 0.0026584
 1.0076e-16 3.07834e-05 0.000180663 0.000858771 0.00330628 0.0103103 0.0260431 0.0532883 0.0883339 0.118638 0.129122 0.113944 0.0816721 0.0478802 0.0236397 0.0110972 0.00692921 0.00720163 0.00948217 0.0126527 0.0161713 0.0196224 0.0225897 0.0246863 0.0256331 0.0253227 0.0238429 0.0214488 0.0184949 0.0153511 0.0123296 0.00964147 0.00738877 0.00558312 0.0041786 0.00310412
 1.01221e-16 2.38867e-05 0.000140161 0.000666191 0.00256475 0.00799783 0.0202022 0.0413384 0.0685308 0.0920585 0.10024 0.0885664 0.0637204 0.0378366 0.0195749 0.0106862 0.00867685 0.0105546 0.0144374 0.0193803 0.02479 0.0300862 0.0346411 0.0378639 0.039327 0.0388655 0.0366137 0.0329616 0.0284513 0.0236485 0.0190303 0.0149192 0.0114708 0.00870251 0.00654417 0.00488742
 1.01713e-16 2.75902e-05 0.000161915 0.000769635 0.00296307 0.00924002 0.0233397 0.0477571 0.0791665 0.10633 0.115738 0.102162 0.0732885 0.04309 0.0215079 0.0104908 0.00708623 0.00779175 0.0104401 0.0140243 0.0180317 0.0220406 0.0256116 0.0283259 0.029868 0.0300935 0.0290564 0.0269833 0.0242072 0.0210852 0.017926 0.014949 0.0122755 0.00994706 0.00795501 0.00626856
 1.01247e-16 2.89928e-05 0.000170149 0.000808781 0.0031138 0.00971004 0.0245269 0.0501863 0.083193 0.111737 0.12162 0.107345 0.0769884 0.0452279 0.0225044 0.010857 0.00717307 0.00776135 0.010335 0.0138303 0.0177081 0.0215324 0.024856 0.0272603 0.0284399 0.0282722 0.0268427 0.0244156 0.0213615 0.0180683 0.0148638 0.0119706 0.00949786 0.00746198 0.00582138 0.00451022
 1.0162e-16 2.32888e-05 0.000136652 0.000649507 0.00250052 0.00779752 0.0196962 0.0403031 0.0668146 0.0897536 0.0977315 0.0863531 0.0621348 0.0369088 0.0191207 0.0104807 0.00856197 0.0104518 0.0143197 0.0192483 0.0246611 0.0299919 0.0346254 0.0379789 0.0396258 0.0393933 0.0373985 0.0340073 0.0297347 0.0251213 0.0206256 0.0165606 0.0130824 0.0102178 0.00791237 0.00607637
 1.01723e-16 2.88331e-05 0.000169214 0.000804341 0.00309671 0.00965677 0.0243923 0.0499107 0.0827353 0.11112 0.120943 0.106734 0.0765206 0.0448941 0.0222299 0.0105471 0.00674331 0.00714569 0.0094881 0.0127334 0.01638 0.0200389 0.0233118 0.0258201 0.0272771 0.0275496 0.0266828 0.0248765 0.0224262 0.0196494 0.0168214 0.0141378 0.0117077 0.0095702 0.00772092 0.00613647
 1.01108e-16 3.00697e-05 0.000176473 0.000838848 0.00322957 0.0100711 0.0254388 0.052052 0.0862849 0.115887 0.126131 0.111311 0.0797984 0.0468098 0.0231634 0.0109617 0.0069638 0.00733164 0.00969161 0.0129497 0.0165698 0.0201347 0.0232229 0.0254416 0.0265055 0.0263019 0.0249147 0.0225959 0.0196974 0.0165867 0.0135737 0.0108678 0.00857004 0.0066933 0.00519487 0.00400899
 1.02613e-16 6.73943e-06 3.94622e-05 0.00018739 0.000721134 0.0022485 0.00568029 0.011628 0.019295 0.0259741 0.0284271 0.0254601 0.0190661 0.012824 0.00939516 0.00954166 0.0128297 0.0186073 0.026363 0.035592 0.0455885 0.0553829 0.0638444 0.0698932 0.0727423 0.0720816 0.0681449 0.0616313 0.0535182 0.0448274 0.0364227 0.0288902 0.0225162 0.01734 0.0132444 0.0100447
 1.10576e-16 5.58988e-06 3.27533e-05 0.000155584 0.000598822 0.00186718 0.00471658 0.00965289 0.0160091 0.0215254 0.0234914 0.0208821 0.015301 0.0096474 0.00603898 0.00501058 0.00612873 0.0088483 0.0128611 0.0180236 0.0241903 0.0311155 0.0384368 0.0457103 0.0524695 0.0582834 0.0627995 0.0657633 0.067021 0.0665158 0.0642865 0.0604706 0.0553078 0.0491305 0.0423398 0.0353626
pSPR Fmed_Fpbrs
0.457653   0.6 0.325
Fs Fmed_Fpbrs
0.68   0.377329 1.25163
SSBpbr Bo_Bmed_Bpbrs
636235  259363  349929 174965
Ro
15994.5
SPR SPRFo_SPRFmed_SPRFpbrs
330356 151189 107366
log_Ro
9.5
likeval ReclasPelacesDesembMPH_pf_preclas_ppelaces_ptallas_desvR_qrecl_qpela
 71.1594 14.8494 0.305985 0.00048425 412.913 209.521 97.4038 0 49.3121 0.000197561 0.000567787 2.10222e-15 0 0 0
q_reclas_q_pelaces
7.32831 29.6673
M
0.7
N
 5703.58 43890.6 22473 3022.45 0.105533
 8007.59 2797.3 18931.4 9693.3 1303.72
 984.492 3882.64 1060.04 7174.1 4167.35
 3264.27 436.82 538.705 147.078 1573.59
 39126.4 1464.58 68.7523 84.7882 270.821
 11985.2 18860.7 519.454 24.3849 126.127
 64987.6 5218.46 2113.49 58.2091 16.8661
 54875.9 27833.6 485.205 196.51 6.98039
 58844.5 23953.5 3208.85 55.9378 23.4598
 114578 24721.5 1790.48 239.856 5.93484
 63140.1 50682.2 3312.54 239.914 32.9345
 51657.2 27094.8 4817.03 314.836 25.9326
 56770.6 22156.2 2560.63 455.24 32.2048
 29534.1 22223.1 744.038 85.9899 16.3691
 11751.8 10035.1 150.194 5.02854 0.691789
 8919.22 4050.04 79.6383 1.19194 0.0453966
 7085.92 3701.81 263.78 5.18686 0.080588
 8425.71 2959.63 259.051 18.4593 0.368615
 7441.01 3656.97 319.901 28.0004 2.03507
 8088.81 3362.27 623.614 54.552 5.12188
 14833.2 3513.15 366.251 67.9301 6.50026
 16286.3 6851.5 768.483 80.1155 16.2813
 27218.5 7500.82 1450.09 162.646 20.4019
 47511.3 12193.9 1160.8 224.411 28.3278
 8966.91 21491.2 2104.62 200.349 43.6216
 2105.04 4191.14 5375.06 526.377 61.0184
pred_Ctot
 50.7507 4181.61 2141.08 287.96 0.0100545
 136.043 484.01 3275.65 1677.21 225.58
 75.8914 2158.81 589.4 3988.9 2317.11
 227.846 228.725 282.073 77.0118 823.952
 825.383 306.863 14.4052 17.7651 56.7432
 1069.93 11391.1 313.73 14.7275 76.1756
 6482.68 3338.42 1352.07 37.2383 10.7898
 4810.57 16645.7 290.174 117.522 4.17459
 6579.85 16181.4 2167.68 37.7879 15.8478
 9061.83 13953 1010.56 135.376 3.34966
 6220.98 32223 2106.06 152.534 20.9393
 5105.97 17254.3 3067.54 200.491 16.5142
 8762.63 16995.7 1964.23 349.208 24.7038
 6854.46 18980.8 635.485 73.4443 13.9809
 2640.88 8514.49 127.436 4.26659 0.586965
 1064.31 2815.91 55.3709 0.828731 0.0315633
 817.87 2536.61 180.752 3.55422 0.0552218
 769.34 1809.18 158.354 11.2839 0.225329
 484.638 1832.95 160.341 14.0344 1.02002
 735.038 2050.07 380.235 33.2619 3.12296
 748.156 1480.55 154.349 28.6278 2.73941
 853.422 2966.53 332.734 34.688 7.04938
 1926.53 3961.54 765.86 85.901 10.7752
 3060.96 6069.2 577.758 111.695 14.0994
 380.324 7975.91 781.077 74.3547 16.1891
 201.862 2628.29 3370.74 330.094 38.2651
F
 0.0124409 0.140879 0.140879 0.140879 0.140879
 0.0238738 0.270344 0.270344 0.270344 0.270344
 0.112603 1.2751 1.2751 1.2751 1.2751
 0.101468 1.14901 1.14901 1.14901 1.14901
 0.02972 0.336545 0.336545 0.336545 0.336545
 0.131469 1.48874 1.48874 1.48874 1.48874
 0.147952 1.67539 1.67539 1.67539 1.67539
 0.128961 1.46033 1.46033 1.46033 1.46033
 0.167225 1.89363 1.89363 1.89363 1.89363
 0.115681 1.30996 1.30996 1.30996 1.30996
 0.146012 1.65342 1.65342 1.65342 1.65342
 0.146513 1.65909 1.65909 1.65909 1.65909
 0.237885 2.69378 2.69378 2.69378 2.69378
 0.379461 4.29696 4.29696 4.29696 4.29696
 0.365277 4.13634 4.13634 4.13634 4.13634
 0.179388 2.03137 2.03137 2.03137 2.03137
 0.173046 1.95955 1.95955 1.95955 1.95955
 0.134654 1.52481 1.52481 1.52481 1.52481
 0.0943899 1.06886 1.06886 1.06886 1.06886
 0.13397 1.51705 1.51705 1.51705 1.51705
 0.0724002 0.819849 0.819849 0.819849 0.819849
 0.0753138 0.852843 0.852843 0.852843 0.852843
 0.10296 1.1659 1.1659 1.1659 1.1659
 0.0933253 1.0568 1.0568 1.0568 1.0568
 0.0605688 0.685873 0.685873 0.685873 0.685873
 0.141857 1.60637 1.60637 1.60637 1.60637
Np
 11556.8 5550.86 308.865 142.17 244.415
YTP_r0W_actual
 1816.76 66758.6 118987 13665.9 1721.93
YTP_p0W_proyectada
 2237.83 4525.68 3028.31 4959.82 592.705
 2237.83 27694.8 2240.18 1316.85 2512.3
CTP_r0_actual
 201.862 2628.29 3370.74 330.094 38.2651
CTP_p0_proyectada
 272.906 209.522 96.443 123.686 13.3192
 272.906 1282.17 71.3432 32.8392 56.4563
Wmedp
 8.2 21.6 31.4 40.1 44.5
nmprior
 10.6 11 7 0
nm_flota  nm_reclas  nm_pelaces    nm_pelaL
inf 23.8175 10.981 28.635
cv_recla  cv_pelaces  cv_mph
0.746257 0.422129 0.598919
 ------------------------------------------------
Talla a la edad & desviaci?n 
 7.2 14.2025 17.0495 18.207 18.6776
 1.08 2.13037 2.55742 2.73105 2.80164
