years
 1997 1998 1999 2000 2001 2002 2003 2004 2005 2006 2007 2008 2009 2010 2011 2012 2013 2014 2015 2016 2017 2018 2019 2020 2021 2022
reclasobs
 0 0 0 370054 412103 1.49427e+06 250295 1.28982e+06 931140 785840 897777 1.04006e+06 184774 17550 25797 100020 73551 82996 120727 218422 84188 347160 605670 569463 516374 1.08416e+06
reclaspred
 420854 119445 375403 271872 397161 484369 1.04758e+06 687249 742952 678757 539777 362247 219837 94722.4 62215.5 63938.2 81296.8 112211 122258 173655 253923 234249 407640 558227 705106 672061
pelacesobs
 0 0 0 0 0 0 0 0 0 2.06254e+06 1.5e+06 0 1.87456e+06 323000 250000 174000 83755 137374 0 501740 490994 745055 786931 1.00524e+06 1.33801e+06 1.41789e+06
pelacespred
 1.80539e+06 398327 827118 888083 1.12918e+06 1.09661e+06 2.80133e+06 2.24153e+06 2.16535e+06 1.98027e+06 1.3677e+06 946996 573994 196173 134151 148157 197877 280908 307129 434637 717165 629669 900504 1.39613e+06 1.72084e+06 1.80508e+06
mphobs
 0 0 0 0 0 112323 0 153150 637223 0 255016 313432 73983 77613 109348 50772 17779 17303 59886 28197 0 207744 136588 643089 65757 0
mphpred
 129246 80595.4 102726 125605 134863 209870 312099 367684 305602 302339 282485 194118 118773 61134.2 26975.6 23327.4 28863.3 40294.6 50948.1 59741.4 90119.4 107545 134894 195054 294005 315133
desembarqueobs
 350755 77701 442110 56441 14545 235359 269955 359681 431902 328805 639364 411747 362871 311530 167758 66681 60226 58785 57116 73181 50977 67692 138656 160484 209506 203330
desembarquepred
 350771 77706.7 442175 56444.3 14545.2 235423 270005 359729 432005 328870 639669 412020 363229 311955 167754 66694.5 60255 58789.2 57112.6 73185.3 50979.8 67688.9 138666 160499 209507 203328
Reclutas
 48085.1 58871 37019.1 54436.2 90988.8 67566.3 107830 98109.8 118241 121474 64450.8 42144.3 43282 23509.5 16359.3 17537.3 13826.1 15757.1 18191.8 30480.1 38428.3 49156.8 81837.7 115476 52766.8 65496.8
log_desv_Rt
 0.0207283 0.223104 -0.240811 0.144785 0.658491 0.360865 0.828312 0.733843 0.920482 0.947458 0.313658 -0.111146 -0.0845075 -0.694839 -1.05745 -0.987914 -1.22568 -1.09495 -0.951271 -0.43517 -0.20345 0.0427703 0.552493 0.896816 0.113638 0.329756
SSB
 544759 339702 432982 529413 568434 884580 1.31547e+06 1.54976e+06 1.28808e+06 1.27433e+06 1.19065e+06 818188 500617 257675 113700 98322.9 121656 169838 214741 251804 379845 453291 568567 822132 1.2392e+06 1.32826e+06
BT
 1.96834e+06 500479 1.00921e+06 883058 1.05767e+06 1.20434e+06 2.7807e+06 2.49133e+06 2.40366e+06 2.15439e+06 1.84832e+06 1.2556e+06 885216 474520 262963 191671 232596 307516 333972 462981 706858 648151 932753 1.42734e+06 1.7582e+06 1.85193e+06
Ftot
 0.720841 0.562969 0.807189 0.146984 0.0285345 0.285797 0.174473 0.355092 0.407513 0.332562 0.689816 0.628814 1.01648 1.97296 2.12441 0.839675 0.576972 0.374726 0.307117 0.312464 0.146418 0.186089 0.223228 0.211173 0.173646 0.16657
BD_Bspro_t
 0.930615 0.709837 0.671795 0.542165 0.680235 0.812205 0.77776 0.785565 0.724687 0.683227 0.643477 0.481437 0.367143 0.256752 0.146719 0.155205 0.243658 0.388117 0.503287 0.60033 0.714867 0.797271 0.804749 0.81335 0.830582 0.797502
BD_Bspro
 0.559995 0.349203 0.445092 0.54422 0.584332 0.909321 1.35226 1.5931 1.32411 1.30997 1.22395 0.841071 0.514619 0.264881 0.11688 0.101073 0.125059 0.174588 0.220747 0.258847 0.390469 0.465969 0.584469 0.845126 1.27386 1.36541
BD_Bo
 0.354606 0.221126 0.281846 0.344617 0.370017 0.57581 0.856293 1.0088 0.838468 0.829515 0.775042 0.532592 0.325873 0.167731 0.0740118 0.0640024 0.0791909 0.110554 0.139784 0.16391 0.247257 0.295066 0.370104 0.53516 0.806648 0.864618
BD_Brms
 0.644739 0.402047 0.512447 0.626576 0.672758 1.04693 1.5569 1.83418 1.52449 1.50821 1.40917 0.96835 0.592496 0.304966 0.134567 0.116368 0.143984 0.201008 0.254153 0.298018 0.449558 0.536483 0.672916 0.973018 1.46663 1.57203
S_f
 0.135754 0.749026 0.982671 0.999073 0.999951
 0.135754 0.749026 0.982671 0.999073 0.999951
 0.135754 0.749026 0.982671 0.999073 0.999951
 0.135754 0.749026 0.982671 0.999073 0.999951
 0.135754 0.749026 0.982671 0.999073 0.999951
 0.135754 0.749026 0.982671 0.999073 0.999951
 0.135754 0.749026 0.982671 0.999073 0.999951
 0.135754 0.749026 0.982671 0.999073 0.999951
 0.135754 0.749026 0.982671 0.999073 0.999951
 0.135754 0.749026 0.982671 0.999073 0.999951
 0.135754 0.749026 0.982671 0.999073 0.999951
 0.135754 0.749026 0.982671 0.999073 0.999951
 0.135754 0.749026 0.982671 0.999073 0.999951
 0.135754 0.749026 0.982671 0.999073 0.999951
 0.135754 0.749026 0.982671 0.999073 0.999951
 0.135754 0.749026 0.982671 0.999073 0.999951
 0.135754 0.749026 0.982671 0.999073 0.999951
 0.135754 0.749026 0.982671 0.999073 0.999951
 0.135754 0.749026 0.982671 0.999073 0.999951
 0.135754 0.749026 0.982671 0.999073 0.999951
 0.135754 0.749026 0.982671 0.999073 0.999951
 0.135754 0.749026 0.982671 0.999073 0.999951
 0.135754 0.749026 0.982671 0.999073 0.999951
 0.135754 0.749026 0.982671 0.999073 0.999951
 0.135754 0.749026 0.982671 0.999073 0.999951
 0.135754 0.749026 0.982671 0.999073 0.999951
Scru_reclas
 0.866589 1 1 1 1
 0.866589 1 1 1 1
 0.866589 1 1 1 1
 0.866589 1 1 1 1
 0.866589 1 1 1 1
 0.866589 1 1 1 1
 0.866589 1 1 1 1
 0.866589 1 1 1 1
 0.866589 1 1 1 1
 0.866589 1 1 1 1
 0.866589 1 1 1 1
 0.866589 1 1 1 1
 0.866589 1 1 1 1
 0.866589 1 1 1 1
 0.866589 1 1 1 1
 0.866589 1 1 1 1
 0.866589 1 1 1 1
 0.866589 1 1 1 1
 0.866589 1 1 1 1
 0.866589 1 1 1 1
 0.866589 1 1 1 1
 0.866589 1 1 1 1
 0.866589 1 1 1 1
 0.866589 1 1 1 1
 0.866589 1 1 1 1
 0.866589 1 1 1 1
Scru_pelaces
 1 1 1 1 1
 1 1 1 1 1
 1 1 1 1 1
 1 1 1 1 1
 1 1 1 1 1
 1 1 1 1 1
 1 1 1 1 1
 1 1 1 1 1
 1 1 1 1 1
 1 1 1 1 1
 1 1 1 1 1
 1 1 1 1 1
 1 1 1 1 1
 1 1 1 1 1
 1 1 1 1 1
 1 1 1 1 1
 1 1 1 1 1
 1 1 1 1 1
 1 1 1 1 1
 1 1 1 1 1
 1 1 1 1 1
 1 1 1 1 1
 1 1 1 1 1
 1 1 1 1 1
 1 1 1 1 1
 1 1 1 1 1
pf_obs 
 0.256992 0.487395 0.22802 0.0275931 0
 0.321318 0.546541 0.124235 0.00734118 0.000564706
 0.182869 0.594174 0.210203 0.0122559 0.00049798
 0.330522 0.361315 0.267642 0.0388342 0.00168674
 0.649043 0.306663 0.0425973 0.00169635 0
 0.582887 0.30429 0.105238 0.00758474 0
 0.465427 0.430635 0.0974691 0.00646863 0
 0.296916 0.608066 0.0921331 0.00288517 0
 0.311714 0.524322 0.152257 0.0117073 0
 0.15457 0.633149 0.183074 0.0267441 0.00246327
 0.131901 0.49318 0.331252 0.0422183 0.00144891
 0.196976 0.569456 0.194076 0.0375587 0.00193317
 0.518974 0.381816 0.0799577 0.0180837 0.00116848
 0.0928022 0.601141 0.25162 0.0475244 0.00691264
 0.122501 0.610282 0.24278 0.0234846 0.000952079
 0.383417 0.481906 0.127806 0.00687128 0
 0.0376549 0.599619 0.316969 0.0457579 0
 0.0361596 0.667082 0.258105 0.0386534 0
 0.158088 0.579412 0.248529 0.0139706 0
 0.0477256 0.309471 0.559284 0.082774 0.000745712
 0.0406174 0.521527 0.379366 0.0568643 0.0016247
 0.151134 0.462217 0.34131 0.0453401 0
 0.294876 0.26143 0.354403 0.0886775 0.000613685
 0.281977 0.475581 0.204845 0.0348837 0.00271318
 0.0841818 0.532909 0.334909 0.0458182 0.00218182
 0.115287 0.27431 0.454777 0.147771 0.00785563
pf_pred 
 0.368725 0.435289 0.175348 0.020625 1.35369e-05
 0.309803 0.543429 0.111773 0.0313853 0.00360961
 0.180698 0.594375 0.188769 0.0276781 0.00848031
 0.265152 0.425675 0.24538 0.0537447 0.010048
 0.286653 0.457064 0.165351 0.0724242 0.0185072
 0.161667 0.550881 0.201073 0.0560515 0.0303283
 0.240894 0.379709 0.273653 0.0743849 0.0313596
 0.189511 0.507572 0.172995 0.0941718 0.0357504
 0.2243 0.436682 0.236115 0.0592593 0.0436441
 0.212059 0.490167 0.190363 0.0752653 0.032146
 0.126886 0.524886 0.241001 0.0690271 0.0381995
 0.13015 0.42237 0.306246 0.0984422 0.0427922
 0.20959 0.398518 0.224992 0.115035 0.0518648
 0.198786 0.555092 0.149809 0.0559355 0.0403779
 0.287405 0.534692 0.14296 0.0215977 0.0133447
 0.34734 0.538024 0.0971068 0.0141993 0.00332966
 0.224225 0.598947 0.154401 0.0190696 0.00335828
 0.236356 0.476125 0.237624 0.0436857 0.00620948
 0.232452 0.483403 0.197018 0.07225 0.0148773
 0.299751 0.432899 0.186497 0.0563852 0.0244684
 0.257241 0.515211 0.156317 0.0499737 0.0212571
 0.239128 0.477772 0.212309 0.0488945 0.0218962
 0.288671 0.436505 0.190154 0.0637789 0.0208906
 0.275202 0.49006 0.159662 0.0522354 0.0228414
 0.105438 0.586485 0.2268 0.0555997 0.0256772
 0.15183 0.313076 0.38345 0.112156 0.0394885
pobs_RECLAS
 0 0 0 0 0
 0 0 0 0 0
 0 0 0 0 0
 0 0 0 0 0
 0.835266 0.146461 0.0176864 0.000547809 3.91292e-05
 0.385257 0.428462 0.181853 0.0044286 0
 0.867414 0.0963971 0.0333333 0.00285562 0
 0.441836 0.489002 0.0689373 0.000224442 0
 0.779404 0.147425 0.0564933 0.0165055 0.000172143
 0.814271 0.122319 0.05973 0.00367925 0
 0.40263 0.566651 0.0304383 0.000280538 0
 0.475488 0.404961 0.113038 0.00651328 0
 0.955842 0.0263864 0.0167828 0.000988607 0
 0.975058 0.0227948 0.00214734 0 0
 0.738997 0.206755 0.0527124 0.00153531 0
 0.850938 0.134255 0.0134407 0.00136685 0
 0.542534 0.407297 0.0501686 0 0
 0.764087 0.199537 0.0359546 0.000420521 0
 0.470689 0.182191 0.310203 0.0369168 0
 0.84361 0.089868 0.0606195 0.00523954 0.000663233
 0.607945 0.314616 0.071237 0.00620181 0
 0.523733 0.453247 0.0230204 0 0
 0.530135 0.295979 0.169645 0.0042399 0
 0.562478 0.366248 0.0663022 0.0049721 0
 0.250443 0.683176 0.0655157 0.000865301 0
 0.195077 0.31981 0.436473 0.0351445 0.0134964
ppred_RECLAS
 0.758717 0.180544 0.0544442 0.0062903 4.12461e-06
 0.699588 0.24984 0.0386743 0.0106712 0.00122615
 0.542092 0.357309 0.0846748 0.0121921 0.00373194
 0.65893 0.219986 0.0964335 0.0207712 0.0038799
 0.678144 0.225911 0.0622706 0.0268261 0.00684909
 0.504693 0.355404 0.0983674 0.0269608 0.0145748
 0.634969 0.207892 0.113877 0.0304399 0.0128216
 0.555867 0.306623 0.079114 0.0423384 0.0160583
 0.612247 0.24482 0.100076 0.0246896 0.0181672
 0.590128 0.281254 0.0827352 0.0321599 0.0137232
 0.444709 0.371572 0.127856 0.0359737 0.019889
 0.458992 0.302041 0.164467 0.0519424 0.0225578
 0.607615 0.22793 0.0951843 0.047759 0.0215112
 0.60376 0.302998 0.0572746 0.0208991 0.0150678
 0.712355 0.233953 0.0433505 0.00639516 0.00394641
 0.73599 0.227921 0.0306562 0.00440162 0.00103115
 0.601037 0.32659 0.063334 0.00768626 0.00135234
 0.623721 0.258509 0.0976213 0.0176429 0.00250549
 0.617438 0.265082 0.0818834 0.0295229 0.00607369
 0.695965 0.207448 0.0677266 0.0201317 0.00872828
 0.642813 0.267738 0.0617741 0.0194214 0.0082539
 0.624697 0.259122 0.087499 0.0198157 0.00886604
 0.683779 0.214303 0.0708874 0.0233793 0.00765098
 0.665379 0.245714 0.0608013 0.0195603 0.00854569
 0.382458 0.441896 0.129886 0.0313122 0.0144478
 0.504423 0.216121 0.201219 0.0578773 0.0203597
pobs_PELACES
 0 0 0 0 0
 0 0 0 0 0
 0 0 0 0 0
 0 0 0 0 0
 0 0 0 0 0
 0 0 0 0 0
 0 0 0 0 0
 0 0 0 0 0
 0 0 0 0 0
 0 0 0 0 0
 0.450072 0.473896 0.0757376 0.000293798 0
 0 0 0 0 0
 0.463077 0.371075 0.160297 0.00555027 0
 0.529543 0.364841 0.0842815 0.0213345 0
 0.631943 0.363953 0.00410389 0 0
 0.735681 0.248677 0.0153453 0.000297389 0
 0.695825 0.281241 0.0229344 0 0
 0.275771 0.60734 0.115278 0.00161068 0
 0 0 0 0 0
 0.896147 0.0623911 0.0374545 0.00400742 0
 0.803859 0.145111 0.0509908 3.86294e-05 0
 0.739449 0.233085 0.0266225 0.000797448 4.60066e-05
 0.878498 0.100942 0.0204185 0.000141795 0
 0.694673 0.275183 0.0284847 0.00165964 0
 0.469039 0.446079 0.0841089 0.000773354 0
 0.822795 0.102175 0.0682046 0.00682512 0
ppred_PELACES
 0.809773 0.144319 0.0411675 0.00473783 3.10599e-06
 0.752083 0.207692 0.0307842 0.00846828 0.000972867
 0.619825 0.300683 0.066956 0.00959875 0.00293745
 0.697523 0.195888 0.0849024 0.0182729 0.0034131
 0.709898 0.203759 0.0560412 0.0241388 0.00616292
 0.556287 0.320397 0.0867455 0.0237387 0.0128319
 0.676553 0.185296 0.100143 0.0267435 0.0112641
 0.610189 0.271457 0.0681491 0.0364004 0.0138047
 0.666888 0.212799 0.0842961 0.0207506 0.015267
 0.641796 0.247818 0.071054 0.0275696 0.0117633
 0.519584 0.327195 0.106755 0.0299246 0.0165413
 0.531865 0.26706 0.138537 0.0436044 0.0189333
 0.694077 0.183676 0.0709217 0.0353899 0.0159353
 0.730721 0.213173 0.034609 0.0124944 0.0090031
 0.818906 0.151621 0.02385 0.00347818 0.00214504
 0.793647 0.179702 0.0226553 0.00323809 0.000758394
 0.663234 0.277889 0.0515447 0.006236 0.001097
 0.675564 0.224921 0.0825184 0.0148832 0.00211334
 0.666277 0.23295 0.0702739 0.025295 0.00520344
 0.7393 0.179264 0.0571321 0.0169538 0.0073498
 0.682068 0.239 0.0545245 0.0171286 0.00727916
 0.667052 0.230915 0.0768634 0.0173895 0.0077801
 0.724161 0.187992 0.0611232 0.0201347 0.00658873
 0.706342 0.216585 0.0527279 0.0169437 0.00740204
 0.426307 0.412107 0.119519 0.0287859 0.0132815
 0.550318 0.197555 0.181587 0.0521833 0.0183558
pobs_pel_tallas
 0 0 0 0 0 0 0 0 0 0 0 0 0 0 0 0 0 0 0 0 0 0 0 0 0 0 0 0 0 0 0 0 0 0 0 0
 0 0 0 0 0 0 0 0 0 0 0 0 0 0 0 0 0 0 0 0 0 0 0 0 0 0 0 0 0 0 0 0 0 0 0 0
 0 0 0 0 0 0 0 0 0 0 0 0 0 0 0 0 0 0 0 0 0 0 0 0 0 0 0 0 0 0 0 0 0 0 0 0
 0 0 0 0 0 0 0 0 0 0 0 0 0 0 0 0 0 0 0 0 0 0 0 0 0 0 0 0 0 0 0 0 0 0 0 0
 0 0 0 0 0 0 0 0 0 0 0 0 0 0 0 0 0 0 0 0 0 0 0 0 0 0 0 0 0 0 0 0 0 0 0 0
 0 0 0 0 0 0 0 0 0 0 0 0 0 0 0 0 0 0 0 0 0 0 0 0 0 0 0 0 0 0 0 0 0 0 0 0
 0 0 0 0 0 0 0 0 0 0 0 0 0 0 0 0 0 0 0 0 0 0 0 0 0 0 0 0 0 0 0 0 0 0 0 0
 0 0 0 0 0 0 0 0 0 0 0 0 0 0 0 0 0 0 0 0 0 0 0 0 0 0 0 0 0 0 0 0 0 0 0 0
 0 0 0 0 0 0 0 0 0 0 0 0 0 0 0 0 0 0 0 0 0 0 0 0 0 0 0 0 0 0 0 0 0 0 0 0
 0 0 0 0 0 0 0 0 0 0 0 0 0 0 0 0 0 0 0 0 0 0 0 0 0 0 0 0 0 0 0 0 0 0 0 0
 0 0 0 0 0 0 0 0 1.78061e-05 0.00172719 0.00360574 0.0105946 0.0120993 0.0124554 0.0147524 0.0171206 0.0266825 0.0428682 0.0675386 0.121331 0.153587 0.119568 0.100827 0.0573624 0.0630603 0.0341343 0.0324427 0.0444173 0.0211091 0.0280891 0.0125444 0.00206551 0 0 0 0
 0 0 0 0 0 0 0 0 0 0 0 0 0 0 0 0 0 0 0 0 0 0 0 0 0 0 0 0 0 0 0 0 0 0 0 0
 0 0 0 0 0 0 0.0133647 0.0140871 0.0187388 0.0205184 0.03894 0.0496705 0.03968 0.0493445 0.0407372 0.0367815 0.0215668 0.0243155 0.0234873 0.0199281 0.019796 0.0243948 0.0301388 0.0376714 0.0412746 0.0863199 0.0771752 0.113111 0.0741005 0.0525337 0.0229764 0.00759418 0.00175318 0 0 0
 0 0 0 0 0 0 0 0 0 0 0.00219441 0.00772107 0.0458388 0.0604681 0.0671733 0.0775358 0.0609151 0.0617685 0.073594 0.0568108 0.0755445 0.0548602 0.0670107 0.0636378 0.0643287 0.046367 0.0373049 0.0286899 0.0247887 0.0153202 0.00654259 0.00121912 0.000365735 0 0 0
 0 0 0 0 0 0 0 0 0 0 0 0 0.000112435 0.00938835 0.0111873 0.0202946 0.0414886 0.0713402 0.111592 0.104902 0.108894 0.110636 0.117776 0.105296 0.107544 0.0401394 0.0192827 0.0124803 0.00416011 0.0028671 0.000618394 0 0 0 0 0
 0 0 0 0 0 0 0 0 0 0 0.00291406 0.0102884 0.027416 0.0768956 0.0749926 0.110853 0.0956884 0.0897413 0.0766577 0.0534642 0.0500743 0.0551293 0.0594112 0.0620874 0.0668451 0.0424026 0.0208742 0.0120726 0.0048766 0.00582813 0.00118941 0.000297354 0 0 0 0
 0 0.00264628 0.0354308 0.0461629 0.0458689 0.0383711 0.0214643 0.0164657 0.0346957 0.0420465 0.0363128 0.0245516 0.0311673 0.0291091 0.0169068 0.0133784 0.00837989 0.0085269 0.0148486 0.0160247 0.0276389 0.0546898 0.0760071 0.122758 0.109233 0.0665981 0.0333725 0.0166128 0.00676272 0.00308733 0.000882094 0 0 0 0 0
 0 0 0 0 0 0 0 0.000805153 0.000690131 0.00759144 0.0133425 0.0154129 0.00931677 0.000345066 0.00356568 0.00563607 0.00851162 0.0253048 0.0502646 0.0516448 0.0657925 0.0565908 0.0611916 0.0827007 0.0866115 0.110766 0.145733 0.0935128 0.0569358 0.0249597 0.0138026 0.00621118 0.00161031 0.00115022 0 0
 0 0 0 0 0 0 0 0 0 0 0 0 0 0 0 0 0 0 0 0 0 0 0 0 0 0 0 0 0 0 0 0 0 0 0 0
 0.00147267 0.00158595 0.00478618 0.00569244 0.00954404 0.0108468 0.00647125 0.017049 0.0510054 0.094081 0.124002 0.0959785 0.0687766 0.0820023 0.061753 0.0591476 0.0492212 0.0479892 0.0443925 0.0268479 0.0217502 0.0140895 0.0121071 0.0120363 0.00920419 0.00665534 0.0049561 0.00860946 0.00930331 0.0156896 0.0114698 0.00855282 0.00243557 0.00046729 0 2.83206e-05
 0 0 0 0 0.000772559 0.00158375 0.000888443 0.00281984 0.00712685 0.0440552 0.0773331 0.111326 0.0921469 0.0852325 0.0710754 0.0886704 0.0786465 0.0553345 0.0373146 0.0185414 0.00753245 0.00457741 0.012979 0.0271748 0.0457355 0.0583668 0.034881 0.0177882 0.00938659 0.00492506 0.0015258 0.00185414 0.000309023 5.79419e-05 3.86279e-05 0
 0 0.00173294 0.00326652 0 0.00397197 0.00683976 0.00946217 0.0152591 0.00757587 0.0136028 0.0228656 0.0392903 0.0559909 0.0764795 0.0681675 0.0726916 0.0566044 0.0477403 0.0527397 0.0444891 0.0609904 0.0582453 0.0661739 0.0445044 0.0529084 0.0360697 0.0280645 0.0235558 0.0158879 0.00826598 0.00280645 0.00217768 0.000904811 0.00058276 9.20147e-05 0
 0 0 0 0 0 0 0 0 0 0 0 0 0 0 0 0 0 0 0 0 0 0 0 0 0 0 0 0 0 0 0 0 0 0 0 0
 0 0 0 0 0 0 0 0 0 0 0 0 0 0 0 0 0 0 0 0 0 0 0 0 0 0 0 0 0 0 0 0 0 0 0 0
 0 0 0 0 0 0 0 0 0 0 0 0 0 0 0 0 0 0 0 0 0 0 0 0 0 0 0 0 0 0 0 0 0 0 0 0
 0 0 0 0 0 0 0 0 0 0 0 0 0 0 0 0 0 0 0 0 0 0 0 0 0 0 0 0 0 0 0 0 0 0 0 0
ppred_pel_tallas
 1.00795e-16 3.53285e-05 0.000207357 0.000985697 0.00379501 0.0118344 0.0298927 0.0611642 0.101385 0.136153 0.148151 0.130655 0.0934721 0.0544398 0.0262124 0.0111914 0.00550054 0.00458304 0.00564836 0.00747716 0.0095837 0.011691 0.0135534 0.0149457 0.0157004 0.0157442 0.0151117 0.013931 0.0123873 0.0106777 0.00897144 0.00738713 0.00598818 0.0047928 0.00379073 0.00295918
 1.00842e-16 3.28155e-05 0.000192598 0.000915517 0.00352478 0.0109917 0.0277642 0.0568095 0.0941689 0.126469 0.137631 0.121418 0.0869535 0.050824 0.0248095 0.0111717 0.00634056 0.00610376 0.00786744 0.0104652 0.0133754 0.0162387 0.0187094 0.020469 0.0212877 0.0210768 0.019908 0.0179896 0.0156108 0.0130728 0.0106286 0.00844802 0.00661155 0.00512656 0.00395468 0.00303858
 1.01516e-16 2.70523e-05 0.000158754 0.0007546 0.00290518 0.00905946 0.0228836 0.0468243 0.0776212 0.104258 0.113491 0.100198 0.0719222 0.0423727 0.0213086 0.0106547 0.00752924 0.00850497 0.0114522 0.0153625 0.0196935 0.0239773 0.027723 0.0304671 0.031869 0.0317869 0.0303075 0.0277131 0.0244045 0.0208031 0.0172671 0.0140422 0.0112526 0.00892288 0.00701566 0.00546702
 1.02057e-16 3.0436e-05 0.000178629 0.000849111 0.0032691 0.0101944 0.0257502 0.0526887 0.0873385 0.117297 0.127652 0.112621 0.0806671 0.0471781 0.0230848 0.0104926 0.00610128 0.00601693 0.00784853 0.0105289 0.0135868 0.016696 0.0195348 0.0217957 0.0232409 0.0237506 0.0233437 0.0221599 0.020415 0.0183445 0.0161544 0.0139943 0.0119525 0.0100694 0.00835731 0.00681753
 1.0198e-16 3.09759e-05 0.000181798 0.000864175 0.0033271 0.0103752 0.0262071 0.0536235 0.0888881 0.119378 0.129917 0.11462 0.0821003 0.0480187 0.0234997 0.0106854 0.00621508 0.00612226 0.00796781 0.0106578 0.0137032 0.0167632 0.0195037 0.0216111 0.0228503 0.0231153 0.0224488 0.0210209 0.0190785 0.0168828 0.0146549 0.012546 0.0106335 0.00893723 0.00744337 0.00612742
 1.02752e-16 2.42825e-05 0.000142491 0.000677281 0.00260747 0.00813107 0.0205386 0.0420264 0.0696693 0.0935819 0.101883 0.0899804 0.0646562 0.038229 0.0194796 0.0101611 0.00771448 0.0090856 0.0123721 0.0166573 0.0214178 0.0261736 0.0304084 0.0336294 0.0354684 0.0357618 0.0345824 0.0322058 0.02903 0.0254754 0.0218992 0.0185461 0.0155417 0.0129165 0.010645 0.00868108
 1.02928e-16 2.95212e-05 0.000173259 0.000823584 0.00317082 0.00988789 0.024976 0.0511046 0.0847127 0.11377 0.123813 0.109233 0.0782392 0.045755 0.0223833 0.010167 0.00590701 0.00583046 0.00762477 0.0102644 0.0133042 0.0164409 0.0193738 0.0218114 0.0235215 0.0243767 0.0243735 0.0236177 0.022285 0.0205705 0.0186475 0.0166442 0.0146418 0.0126866 0.0108078 0.00903036
 1.02952e-16 2.66308e-05 0.000156282 0.000742857 0.00285997 0.0089185 0.0225276 0.0460955 0.0764124 0.102632 0.111716 0.0986185 0.0707619 0.0416355 0.0208394 0.0102602 0.00705404 0.00784498 0.010543 0.014174 0.0182357 0.0223104 0.0259612 0.0287737 0.0304375 0.0308143 0.0299633 0.0281121 0.025589 0.0227386 0.0198504 0.017119 0.0146402 0.0124331 0.0104742 0.00872808
 1.02693e-16 2.91008e-05 0.000170789 0.000811834 0.00312557 0.00974677 0.0246196 0.0503756 0.083505 0.112151 0.122058 0.1077 0.0771757 0.0452025 0.0222419 0.0103191 0.00629102 0.00644411 0.00849478 0.0114147 0.0147329 0.0181062 0.0211889 0.0236507 0.0252369 0.0258216 0.0254284 0.0242109 0.0224029 0.0202561 0.0179879 0.0157513 0.0136322 0.0116646 0.00985398 0.00819747
 1.02587e-16 2.80081e-05 0.00016437 0.000781312 0.00300804 0.00938026 0.0236939 0.0484817 0.0803669 0.10794 0.117485 0.103689 0.0743529 0.043653 0.0216725 0.0103783 0.00676236 0.00726172 0.00967651 0.0129963 0.0167258 0.0204745 0.0238413 0.0264451 0.0279995 0.0283739 0.0276174 0.0259338 0.0236196 0.0209886 0.0183066 0.0157555 0.0134283 0.0113495 0.00950393 0.00786441
 1.03424e-16 2.26824e-05 0.000133096 0.000632616 0.0024355 0.00759478 0.019184 0.0392548 0.0650756 0.0874144 0.0951759 0.0840749 0.0604519 0.0358221 0.0183996 0.00983729 0.00776131 0.00933308 0.0127829 0.0172506 0.0222292 0.0272384 0.0317542 0.035272 0.0374088 0.0379854 0.0370589 0.0348897 0.0318625 0.028387 0.0248134 0.0213846 0.0182303 0.0153912 0.0128569 0.0106004
 1.04437e-16 2.32155e-05 0.000136232 0.000647534 0.00249296 0.00777397 0.0196366 0.0401803 0.0666081 0.0894672 0.097396 0.0860005 0.0617591 0.036442 0.0184345 0.00940334 0.00689548 0.00799372 0.0108965 0.0147637 0.0191506 0.0236674 0.0278904 0.0314027 0.0338721 0.0351174 0.0351357 0.0340807 0.032205 0.0297882 0.0270759 0.0242478 0.021415 0.0186389 0.0159573 0.0134041
 1.03028e-16 3.02852e-05 0.000177745 0.00084491 0.00325293 0.010144 0.0256228 0.052428 0.086906 0.116715 0.127016 0.112053 0.0802472 0.046905 0.0229 0.0103226 0.00588439 0.00570854 0.00741731 0.00995603 0.0128695 0.0158532 0.0186104 0.0208581 0.0223773 0.023057 0.0229118 0.0220648 0.0207051 0.0190352 0.0172272 0.0153998 0.0136172 0.0119042 0.0102669 0.00871015
 1.01411e-16 3.18842e-05 0.00018713 0.00088952 0.00342469 0.0106795 0.0269757 0.0551963 0.0914953 0.12288 0.133728 0.117982 0.0845081 0.0494262 0.0241862 0.0109917 0.00638038 0.00626498 0.00812794 0.0108342 0.0138698 0.0168732 0.0194929 0.0214033 0.0223681 0.0222932 0.0212464 0.0194333 0.0171408 0.0146668 0.0122604 0.0100872 0.00822411 0.00667696 0.00540867 0.00436651
 1.00608e-16 3.5727e-05 0.000209696 0.000996815 0.00383782 0.0119679 0.0302299 0.0618542 0.102529 0.13769 0.149824 0.132132 0.094533 0.055066 0.026529 0.0113512 0.00561238 0.00470276 0.00579629 0.00765311 0.00977275 0.0118646 0.0136709 0.0149581 0.015558 0.0154055 0.0145524 0.0131504 0.0114108 0.00955343 0.00776351 0.00616565 0.00481932 0.00373058 0.00287189 0.00220163
 1.00527e-16 3.46267e-05 0.000203234 0.000966087 0.0037195 0.0115989 0.029298 0.0599475 0.0993694 0.13345 0.145218 0.128088 0.0916799 0.0534848 0.0259183 0.0113485 0.00598987 0.0053836 0.00678999 0.00899235 0.0114742 0.0139081 0.0159913 0.017448 0.0180808 0.0178163 0.0167211 0.0149813 0.0128537 0.0106049 0.0084588 0.00656516 0.00499414 0.00375014 0.00279587 0.0020762
 1.01088e-16 2.89441e-05 0.000169863 0.000807418 0.00310855 0.00969367 0.0244856 0.0501018 0.083053 0.111549 0.121417 0.107169 0.0768691 0.0451716 0.022502 0.0108981 0.00725475 0.0078881 0.0105145 0.0140686 0.0180058 0.0218816 0.0252395 0.027652 0.028808 0.0285834 0.0270679 0.0245337 0.0213631 0.0179559 0.0146507 0.0116779 0.009151 0.00708721 0.0054429 0.00414821
 1.01855e-16 2.94797e-05 0.000173012 0.000822399 0.00316625 0.00987362 0.02494 0.0510312 0.0845921 0.113612 0.123649 0.109109 0.0781949 0.0458187 0.0225805 0.0105348 0.00649937 0.00671243 0.00885711 0.0118834 0.0153005 0.0187432 0.0218424 0.0242468 0.0256889 0.0260417 0.0253411 0.0237654 0.0215808 0.0190741 0.0164941 0.0140185 0.0117476 0.00971977 0.00793549 0.00637967
 1.02186e-16 2.9075e-05 0.000170636 0.000811101 0.00312274 0.00973795 0.0245974 0.0503301 0.0834303 0.112052 0.121955 0.10762 0.0771404 0.0452269 0.0223374 0.0105023 0.00658746 0.00688545 0.00911062 0.0122222 0.0157262 0.0192481 0.0224083 0.024847 0.026293 0.026622 0.0258791 0.0242553 0.0220305 0.0195019 0.0169233 0.0144703 0.0122357 0.0102469 0.00849317 0.00695068
 1.01796e-16 3.2257e-05 0.000189321 0.000899946 0.00346484 0.0108048 0.027292 0.0558431 0.0925665 0.124315 0.135282 0.119334 0.085436 0.0498866 0.0242589 0.010769 0.0059022 0.00551762 0.00707412 0.00944559 0.0121521 0.0148825 0.0173405 0.0192486 0.020397 0.0206885 0.0201554 0.0189422 0.0172614 0.0153392 0.013369 0.0114848 0.00975805 0.00821078 0.00683654 0.0056191
 1.01781e-16 2.97638e-05 0.000174679 0.000830321 0.00319674 0.00996872 0.0251803 0.0515229 0.0854073 0.114707 0.124844 0.110168 0.0789644 0.0462908 0.0228518 0.0107242 0.00669658 0.00696966 0.00919856 0.0123121 0.0157985 0.0192695 0.0223339 0.0246246 0.0258704 0.0259559 0.0249441 0.0230509 0.0205839 0.0178658 0.0151693 0.0126797 0.0104887 0.00861381 0.00702742 0.00568542
 1.02128e-16 2.91087e-05 0.000170834 0.000812043 0.00312637 0.00974926 0.0246259 0.0503886 0.0835271 0.112182 0.122096 0.107743 0.0772265 0.0452728 0.0223516 0.010495 0.00656488 0.00684915 0.00906019 0.0121576 0.0156491 0.019163 0.0223221 0.0247682 0.0262302 0.0265815 0.0258635 0.0242623 0.0220533 0.0195303 0.0169461 0.0144774 0.0122202 0.0102063 0.00842956 0.00686944
 1.01929e-16 3.15972e-05 0.000185447 0.000881525 0.00339391 0.0105836 0.0267333 0.0547001 0.0906722 0.121772 0.132518 0.116903 0.083712 0.0489128 0.0238469 0.010691 0.00600871 0.0057486 0.00742307 0.00992529 0.0127752 0.0156524 0.0182473 0.0202689 0.0214967 0.0218277 0.0212941 0.0200455 0.0183027 0.016301 0.0142417 0.0122647 0.0104449 0.00880646 0.00734408 0.00604274
 1.01748e-16 3.08213e-05 0.000180889 0.000859852 0.00331045 0.0103233 0.026076 0.0533553 0.088444 0.118783 0.129272 0.114058 0.0817141 0.047825 0.0234646 0.0107698 0.00640134 0.00641524 0.00838272 0.0112073 0.0143872 0.0175625 0.0203773 0.0224987 0.0236795 0.0238129 0.0229526 0.0212902 0.0191 0.0166704 0.0142456 0.0119916 0.00999169 0.00826319 0.00678414 0.00551834
 1.03441e-16 1.86186e-05 0.00010923 0.000519136 0.00199854 0.00623212 0.0157422 0.0322132 0.0534066 0.0717529 0.0781588 0.0691257 0.0498841 0.0299238 0.0160399 0.00965449 0.00888472 0.0114481 0.0158982 0.0214732 0.027629 0.0337786 0.0392626 0.0434463 0.0458525 0.046267 0.0447782 0.0417359 0.0376484 0.0330548 0.0284152 0.0240479 0.0201196 0.0166763 0.0136918 0.0111125
 1.05293e-16 2.40175e-05 0.000140946 0.000669959 0.00257932 0.00804331 0.0203168 0.0415717 0.0689123 0.0925556 0.100741 0.0889125 0.0637604 0.0374424 0.0186086 0.00895372 0.00591272 0.00645319 0.00872188 0.0118953 0.0155981 0.019543 0.0234208 0.0269131 0.0297443 0.0317282 0.0327913 0.0329638 0.0323475 0.0310752 0.0292779 0.027069 0.0245457 0.0217997 0.0189285 0.0160383
pSPR Fmed_Fpbrs
0.482025   0.6 0.325
Fs Fmed_Fpbrs
0.68   0.416942 1.36491
SSBpbr Bo_Bmed_Bpbrs
1.53624e+06  663692  844930 422465
Ro
47098.7
SPR SPRFo_SPRFmed_SPRFpbrs
972792 468910 316157
log_Ro
10.58
likeval ReclasPelacesDesembMPH_pf_preclas_ppelaces_ptallas_desvR_qrecl_qpela
 61.7382 20.9105 0.02029 0.000521081 326.827 210.704 82.3269 0 15.8713 3.76261e-05 2.14601e-05 2.65595e-15 0 0 0
q_reclas_q_pelaces
0.41928 1.93298
M
0.7
N
 48085.1 12368.7 4057.54 471.574 0.309314
 58871 21652.4 3579.55 992.257 114.041
 37019.1 27083.5 7052.89 1022.27 313.023
 54436.2 16475.2 7347.19 1584.45 295.982
 90988.8 26498.2 7328.42 3157.82 806.245
 67566.3 45009 12880.3 3538.56 1913.16
 107830 32275.6 18043.6 4830.06 2034.62
 98109.8 52293.5 14064.1 7548.46 2863.47
 118241 46427 19903.5 4926.79 3625.9
 121474 55556.7 16990.3 6622.32 2826.27
 64450.8 57659.6 21505.5 6085.11 3365.33
 42144.3 29144.2 17079.3 5421.9 2355.3
 43282 19215.8 9036.38 4571.99 2060.19
 23509.5 18722.9 4456.49 1652.66 1192.57
 16359.3 8931.36 2121.13 318.412 196.674
 17537.3 6088.48 903.326 130.596 30.6055
 13826.1 7770.55 1611.97 196.558 34.5918
 15757.1 6348.59 2504.71 454.065 64.4928
 18191.8 7436.64 2381.08 860.657 177.085
 30480.1 8664.91 2934.04 874.379 379.147
 38428.3 14507.4 3404.98 1071.79 455.529
 49156.8 18707.4 6455.84 1464.27 655.206
 81837.7 23801.6 8081.14 2670.12 873.893
 115476 39426.3 9999.64 3222.55 1408.03
 52766.8 55723 16714.2 4035.12 1861.99
 65496.8 25592.8 24296.4 6997.99 2461.89
pred_Ctot
 3241.97 3827.23 1541.73 181.344 0.119022
 3128.92 5488.47 1128.88 316.983 36.456
 2780.69 9146.57 2904.88 425.925 130.5
 774.311 1243.08 716.574 156.948 29.3428
 253.043 403.474 145.964 63.9326 16.3373
 1853.3 6315.12 2305.03 642.556 347.673
 1817.66 2865.07 2064.83 561.268 236.622
 3329.81 8918.32 3039.61 1654.65 628.153
 4591.16 8938.39 4833 1212.97 893.346
 3866.38 8937 3470.79 1372.28 586.104
 4165.96 17233.2 7912.58 2266.31 1254.17
 2492.18 8087.77 5864.15 1885.02 819.407
 4044.15 7689.6 4341.34 2219.66 1000.76
 4034.33 11265.5 3040.35 1135.2 819.464
 2996.84 5575.38 1490.68 225.205 139.149
 1367.72 2118.57 382.376 55.9125 13.1112
 752.496 2010.06 518.167 63.9972 11.2703
 563.7 1135.54 566.725 104.189 14.8094
 535.533 1113.69 453.9 166.453 34.275
 912.606 1317.98 567.799 171.668 74.4953
 544.522 1090.59 330.887 105.783 44.9966
 883.172 1764.56 784.123 180.582 80.8692
 1759.87 2661.13 1159.26 388.825 127.358
 2350.82 4186.18 1363.86 446.204 195.116
 885.3 4924.34 1904.29 466.835 215.595
 1054.54 2174.48 2663.27 778.981 274.269
F
 0.0978571 0.539929 0.708349 0.720173 0.720806
 0.0764253 0.421679 0.553213 0.562447 0.562941
 0.109579 0.604606 0.7932 0.80644 0.807149
 0.0199537 0.110095 0.144437 0.146848 0.146977
 0.00387367 0.0213731 0.02804 0.028508 0.0285331
 0.0387981 0.214069 0.280844 0.285532 0.285783
 0.0236855 0.130685 0.17145 0.174312 0.174465
 0.0482052 0.265974 0.348939 0.354763 0.355075
 0.0553216 0.305238 0.400451 0.407135 0.407493
 0.0451466 0.249097 0.326798 0.332253 0.332545
 0.0936453 0.51669 0.677862 0.689176 0.689782
 0.0853641 0.470998 0.617917 0.628231 0.628783
 0.137992 0.761374 0.99887 1.01554 1.01644
 0.267837 1.4778 1.93877 1.97113 1.97286
 0.288397 1.59124 2.0876 2.12244 2.12431
 0.113989 0.628939 0.825124 0.838897 0.839634
 0.0783263 0.432168 0.566974 0.576437 0.576944
 0.0508706 0.28068 0.368232 0.374379 0.374708
 0.0416924 0.230039 0.301795 0.306832 0.307102
 0.0424182 0.234044 0.307049 0.312174 0.312448
 0.0198768 0.109671 0.14388 0.146282 0.14641
 0.0252623 0.139386 0.182864 0.185916 0.18608
 0.0303041 0.167204 0.21936 0.223021 0.223217
 0.0286676 0.158174 0.207514 0.210977 0.211163
 0.0235732 0.130066 0.170637 0.173485 0.173638
 0.0226125 0.124765 0.163683 0.166415 0.166562
Np
 32770.6 15377.9 11554.6 3698.13 4451.43
YTP_r0W_actual
 9490.88 55231.8 94013.4 32249.8 12342.1
YTP_p0W_proyectada
 10669.5 134893 87182.1 103072 46700.9
 10669.5 65236.9 89796.2 37211.1 49741.8
CTP_r0_actual
 1054.54 2174.48 2663.27 778.981 274.269
CTP_p0_proyectada
 1301.16 6245.05 2776.5 2570.36 1049.46
 1301.16 3020.22 2859.75 927.957 1117.79
Wmedp
 8.2 21.6 31.4 40.1 44.5
nmprior
 10.6 11 7 0
nm_flota  nm_reclas  nm_pelaces    nm_pelaL
inf 14.8125 18.4774 59.3332
cv_recla  cv_pelaces  cv_mph
0.695103 0.500925 0.621278
 ------------------------------------------------
Talla a la edad & desviaci?n 
 7.2 14.2025 17.0495 18.207 18.6776
 1.08 2.13037 2.55742 2.73105 2.80164
