years
 1997 1998 1999 2000 2001 2002 2003 2004 2005 2006 2007 2008 2009 2010 2011 2012 2013 2014 2015 2016 2017 2018 2019 2020 2021 2022
reclasobs
 0 0 0 370054 412103 1.49427e+06 250295 1.28982e+06 931140 785840 897777 1.04006e+06 184774 17550 25797 100020 73551 82996 120727 218422 84188 347160 605670 569463 516374 1.08416e+06
reclaspred
 719032 163746 346555 181367 305708 384489 831896 631074 714490 852677 812275 585634 341596 132234 75288 73172.3 82618.1 108651 120675 144739 225463 224644 372109 484802 645132 512170
pelacesobs
 0 0 0 0 0 0 0 0 0 2.06254e+06 1.5e+06 0 1.87456e+06 323000 250000 174000 83755 137374 0 501740 490994 745055 786931 1.00524e+06 1.33801e+06 1.41789e+06
pelacespred
 2.42562e+06 582090 573263 568914 905214 763510 2.34698e+06 1.88132e+06 2.02925e+06 2.48062e+06 1.93503e+06 1.45313e+06 863579 268604 160688 160305 187340 260718 279995 332196 628662 581457 758276 1.14882e+06 1.44887e+06 1.20283e+06
mphobs
 0 0 0 0 0 112323 0 153150 637223 0 255016 313432 73983 77613 109348 50772 17779 17303 59886 28197 0 207744 136588 643089 65757 0
mphpred
 234339 114999 114402 78570.7 85073.9 157621 205167 297764 266806 307593 367850 259462 163488 85805.3 38749.5 30053 30217.4 37274.9 46186.1 48761.5 70545.7 90403.1 108849 153916 232093 205694
desembarqueobs
 350755 77701 442110 56441 14545 235359 269955 359681 431902 328805 639364 411747 362871 311530 167758 66681 60226 58785 57116 73181 50977 67692 138656 160484 209506 203330
desembarquepred
 350743 77682 441865 56439.2 14545.1 235410 270016 359472 431765 328701 638828 411475 362580 311313 167421 66646 60232.7 58749.7 57073.8 73151.5 50976 67664.9 138632 160468 209446 203271
Reclutas
 29540.8 40886.9 13001.1 18527.4 41602.3 25546.5 65797.2 62671.1 83331.3 115261 66369.1 47876.3 49032 27227.8 13514.1 11005.7 8182.37 9518.56 9372.23 13569.6 19358 23081.2 38328.7 53376.3 19620.1 18330.6
log_desv_Rt
 0.0735266 0.398565 -0.747209 -0.392994 0.415911 -0.0717445 0.874332 0.825656 1.11058 1.43495 0.882987 0.556375 0.580228 -0.00800738 -0.708508 -0.91383 -1.21026 -1.059 -1.07449 -0.704412 -0.349141 -0.173227 0.333955 0.665122 -0.335688 -0.403671
SSB
 443634 217708 216577 148744 161056 298396 388407 563706 505099 582313 696388 491194 309503 162440 73357.7 56894.1 57205.4 70566.1 87436.3 92311.8 133552 171145 206064 291383 439381 389404
BT
 1.35501e+06 341682 474214 274763 374281 446643 1.24918e+06 1.15473e+06 1.27915e+06 1.34925e+06 1.32097e+06 933720 716954 403571 210117 121736 127062 155201 152065 192482 295785 265739 381864 576939 653258 569478
Ftot
 1.05179 1.14855 2.28567 0.677706 0.123681 1.15268 0.815263 1.35909 1.50506 0.996188 1.60156 1.38177 2.25895 4.50388 4.91643 2.14424 1.7254 1.27191 1.00387 1.14265 0.538533 0.624456 0.778886 0.763039 0.615405 0.688505
BD_Bspro_t
 0.905462 0.607878 0.497673 0.258742 0.388666 0.593658 0.51314 0.566407 0.498755 0.488453 0.497559 0.345618 0.251184 0.16563 0.0926191 0.0889488 0.122167 0.197492 0.281933 0.345751 0.464188 0.5912 0.594199 0.604425 0.632274 0.532148
BD_Bspro
 0.782571 0.384038 0.382042 0.262385 0.284103 0.526371 0.68515 0.994378 0.890995 1.0272 1.22843 0.866467 0.545964 0.286545 0.129403 0.100361 0.10091 0.124479 0.154238 0.162838 0.235586 0.301899 0.363498 0.514 0.775068 0.686909
BD_Bo
 0.756989 0.371483 0.369553 0.253808 0.274815 0.509164 0.662752 0.961872 0.861868 0.993622 1.18827 0.838142 0.528116 0.277178 0.125173 0.0970805 0.0976117 0.12041 0.149196 0.157515 0.227885 0.29203 0.351615 0.497197 0.749731 0.664454
BD_Brms
 1.37634 0.675424 0.671915 0.461469 0.499664 0.925753 1.205 1.74886 1.56703 1.80658 2.16049 1.52389 0.960211 0.50396 0.227587 0.17651 0.177476 0.218926 0.271265 0.286391 0.414336 0.530964 0.6393 0.903995 1.36315 1.2081
S_f
 0.0754033 0.607766 0.967149 0.998215 0.999906
 0.0754033 0.607766 0.967149 0.998215 0.999906
 0.0754033 0.607766 0.967149 0.998215 0.999906
 0.0754033 0.607766 0.967149 0.998215 0.999906
 0.0754033 0.607766 0.967149 0.998215 0.999906
 0.0754033 0.607766 0.967149 0.998215 0.999906
 0.0754033 0.607766 0.967149 0.998215 0.999906
 0.0754033 0.607766 0.967149 0.998215 0.999906
 0.0754033 0.607766 0.967149 0.998215 0.999906
 0.0754033 0.607766 0.967149 0.998215 0.999906
 0.0754033 0.607766 0.967149 0.998215 0.999906
 0.0754033 0.607766 0.967149 0.998215 0.999906
 0.0754033 0.607766 0.967149 0.998215 0.999906
 0.0754033 0.607766 0.967149 0.998215 0.999906
 0.0754033 0.607766 0.967149 0.998215 0.999906
 0.0754033 0.607766 0.967149 0.998215 0.999906
 0.0754033 0.607766 0.967149 0.998215 0.999906
 0.0754033 0.607766 0.967149 0.998215 0.999906
 0.0754033 0.607766 0.967149 0.998215 0.999906
 0.0754033 0.607766 0.967149 0.998215 0.999906
 0.0754033 0.607766 0.967149 0.998215 0.999906
 0.0754033 0.607766 0.967149 0.998215 0.999906
 0.0754033 0.607766 0.967149 0.998215 0.999906
 0.0754033 0.607766 0.967149 0.998215 0.999906
 0.0754033 0.607766 0.967149 0.998215 0.999906
 0.0754033 0.607766 0.967149 0.998215 0.999906
Scru_reclas
 0.355037 0.734772 0.933075 0.985948 0.997176
 0.355037 0.734772 0.933075 0.985948 0.997176
 0.355037 0.734772 0.933075 0.985948 0.997176
 0.355037 0.734772 0.933075 0.985948 0.997176
 0.355037 0.734772 0.933075 0.985948 0.997176
 0.355037 0.734772 0.933075 0.985948 0.997176
 0.355037 0.734772 0.933075 0.985948 0.997176
 0.355037 0.734772 0.933075 0.985948 0.997176
 0.355037 0.734772 0.933075 0.985948 0.997176
 0.355037 0.734772 0.933075 0.985948 0.997176
 0.355037 0.734772 0.933075 0.985948 0.997176
 0.355037 0.734772 0.933075 0.985948 0.997176
 0.355037 0.734772 0.933075 0.985948 0.997176
 0.355037 0.734772 0.933075 0.985948 0.997176
 0.355037 0.734772 0.933075 0.985948 0.997176
 0.355037 0.734772 0.933075 0.985948 0.997176
 0.355037 0.734772 0.933075 0.985948 0.997176
 0.355037 0.734772 0.933075 0.985948 0.997176
 0.355037 0.734772 0.933075 0.985948 0.997176
 0.355037 0.734772 0.933075 0.985948 0.997176
 0.355037 0.734772 0.933075 0.985948 0.997176
 0.355037 0.734772 0.933075 0.985948 0.997176
 0.355037 0.734772 0.933075 0.985948 0.997176
 0.355037 0.734772 0.933075 0.985948 0.997176
 0.355037 0.734772 0.933075 0.985948 0.997176
 0.355037 0.734772 0.933075 0.985948 0.997176
Scru_pelaces
 0.504431 0.84711 0.967907 0.993946 0.998882
 0.504431 0.84711 0.967907 0.993946 0.998882
 0.504431 0.84711 0.967907 0.993946 0.998882
 0.504431 0.84711 0.967907 0.993946 0.998882
 0.504431 0.84711 0.967907 0.993946 0.998882
 0.504431 0.84711 0.967907 0.993946 0.998882
 0.504431 0.84711 0.967907 0.993946 0.998882
 0.504431 0.84711 0.967907 0.993946 0.998882
 0.504431 0.84711 0.967907 0.993946 0.998882
 0.504431 0.84711 0.967907 0.993946 0.998882
 0.504431 0.84711 0.967907 0.993946 0.998882
 0.504431 0.84711 0.967907 0.993946 0.998882
 0.504431 0.84711 0.967907 0.993946 0.998882
 0.504431 0.84711 0.967907 0.993946 0.998882
 0.504431 0.84711 0.967907 0.993946 0.998882
 0.504431 0.84711 0.967907 0.993946 0.998882
 0.504431 0.84711 0.967907 0.993946 0.998882
 0.504431 0.84711 0.967907 0.993946 0.998882
 0.504431 0.84711 0.967907 0.993946 0.998882
 0.504431 0.84711 0.967907 0.993946 0.998882
 0.504431 0.84711 0.967907 0.993946 0.998882
 0.504431 0.84711 0.967907 0.993946 0.998882
 0.504431 0.84711 0.967907 0.993946 0.998882
 0.504431 0.84711 0.967907 0.993946 0.998882
 0.504431 0.84711 0.967907 0.993946 0.998882
 0.504431 0.84711 0.967907 0.993946 0.998882
pf_obs 
 0.256992 0.487395 0.22802 0.0275931 0
 0.321318 0.546541 0.124235 0.00734118 0.000564706
 0.182869 0.594174 0.210203 0.0122559 0.00049798
 0.330522 0.361315 0.267642 0.0388342 0.00168674
 0.649043 0.306663 0.0425973 0.00169635 0
 0.582887 0.30429 0.105238 0.00758474 0
 0.465427 0.430635 0.0974691 0.00646863 0
 0.296916 0.608066 0.0921331 0.00288517 0
 0.311714 0.524322 0.152257 0.0117073 0
 0.15457 0.633149 0.183074 0.0267441 0.00246327
 0.131901 0.49318 0.331252 0.0422183 0.00144891
 0.196976 0.569456 0.194076 0.0375587 0.00193317
 0.518974 0.381816 0.0799577 0.0180837 0.00116848
 0.0928022 0.601141 0.25162 0.0475244 0.00691264
 0.122501 0.610282 0.24278 0.0234846 0.000952079
 0.383417 0.481906 0.127806 0.00687128 0
 0.0376549 0.599619 0.316969 0.0457579 0
 0.0361596 0.667082 0.258105 0.0386534 0
 0.158088 0.579412 0.248529 0.0139706 0
 0.0477256 0.309471 0.559284 0.082774 0.000745712
 0.0406174 0.521527 0.379366 0.0568643 0.0016247
 0.151134 0.462217 0.34131 0.0453401 0
 0.294876 0.26143 0.354403 0.0886775 0.000613685
 0.281977 0.475581 0.204845 0.0348837 0.00271318
 0.0841818 0.532909 0.334909 0.0458182 0.00218182
 0.115287 0.27431 0.454777 0.147771 0.00785563
pf_pred 
 0.209692 0.533853 0.228195 0.0282489 1.15282e-05
 0.257801 0.535693 0.166296 0.0359772 0.0042321
 0.0983714 0.713807 0.158216 0.0240889 0.00551658
 0.227814 0.462252 0.283066 0.0229169 0.00395046
 0.297006 0.488724 0.155977 0.0534355 0.00485733
 0.129338 0.649135 0.174241 0.0347278 0.0125581
 0.328924 0.390558 0.240361 0.031946 0.00821122
 0.218825 0.64495 0.0985934 0.032457 0.00517393
 0.274291 0.540262 0.169033 0.0120706 0.00434303
 0.279668 0.57977 0.121786 0.0172072 0.00156933
 0.145856 0.669318 0.164561 0.0176736 0.00259029
 0.153626 0.560939 0.254777 0.0274857 0.00317236
 0.237269 0.527668 0.190523 0.0400052 0.00453498
 0.237088 0.652674 0.0951478 0.0124162 0.00267429
 0.27286 0.674784 0.0508456 0.00132865 0.000182059
 0.300382 0.656574 0.0425273 0.000504412 1.28001e-05
 0.210551 0.670423 0.116158 0.00283638 3.19037e-05
 0.247198 0.566671 0.173096 0.0127403 0.000294117
 0.205611 0.608425 0.160739 0.0235494 0.00167603
 0.260293 0.519542 0.190539 0.0257797 0.00384619
 0.251366 0.572442 0.145675 0.0265974 0.00391992
 0.202213 0.565929 0.197249 0.0288131 0.0057955
 0.256315 0.495023 0.202356 0.0396407 0.00666526
 0.246013 0.561902 0.151226 0.0335296 0.00732974
 0.0746416 0.667544 0.217632 0.0319364 0.00824583
 0.0985539 0.345156 0.457359 0.0840567 0.0148749
pobs_RECLAS
 0 0 0 0 0
 0 0 0 0 0
 0 0 0 0 0
 0 0 0 0 0
 0.835266 0.146461 0.0176864 0.000547809 3.91292e-05
 0.385257 0.428462 0.181853 0.0044286 0
 0.867414 0.0963971 0.0333333 0.00285562 0
 0.441836 0.489002 0.0689373 0.000224442 0
 0.779404 0.147425 0.0564933 0.0165055 0.000172143
 0.814271 0.122319 0.05973 0.00367925 0
 0.40263 0.566651 0.0304383 0.000280538 0
 0.475488 0.404961 0.113038 0.00651328 0
 0.955842 0.0263864 0.0167828 0.000988607 0
 0.975058 0.0227948 0.00214734 0 0
 0.738997 0.206755 0.0527124 0.00153531 0
 0.850938 0.134255 0.0134407 0.00136685 0
 0.542534 0.407297 0.0501686 0 0
 0.764087 0.199537 0.0359546 0.000420521 0
 0.470689 0.182191 0.310203 0.0369168 0
 0.84361 0.089868 0.0606195 0.00523954 0.000663233
 0.607945 0.314616 0.071237 0.00620181 0
 0.523733 0.453247 0.0230204 0 0
 0.530135 0.295979 0.169645 0.0042399 0
 0.562478 0.366248 0.0663022 0.0049721 0
 0.250443 0.683176 0.0655157 0.000865301 0
 0.195077 0.31981 0.436473 0.0351445 0.0134964
ppred_RECLAS
 0.540198 0.336416 0.109558 0.0138227 5.69414e-06
 0.604885 0.305609 0.0718051 0.0158222 0.00187869
 0.344418 0.555552 0.0841316 0.0129143 0.00298361
 0.564345 0.286017 0.136396 0.0112789 0.00196285
 0.637523 0.268272 0.0681256 0.0238876 0.00219239
 0.394254 0.480988 0.0976893 0.0198303 0.00723824
 0.685656 0.201888 0.0960463 0.0130291 0.00338076
 0.549925 0.388603 0.0442678 0.0148197 0.00238438
 0.630644 0.294729 0.0679118 0.0049259 0.00178872
 0.62368 0.317332 0.0509694 0.00734229 0.000675956
 0.434891 0.470115 0.08443 0.00920281 0.00136119
 0.453407 0.396302 0.133894 0.0146866 0.00171087
 0.607113 0.300883 0.0744388 0.0157629 0.00180268
 0.661802 0.311488 0.0231121 0.00295628 0.000641374
 0.707663 0.281896 0.0101475 0.000258397 3.5653e-05
 0.660235 0.324986 0.0145993 0.000174839 4.47628e-06
 0.544 0.404143 0.0505897 0.00125236 1.42153e-05
 0.591961 0.327294 0.0749967 0.00561712 0.000130886
 0.527432 0.382884 0.0773073 0.011547 0.000829569
 0.609129 0.295728 0.0821216 0.0113171 0.00170431
 0.584311 0.33462 0.0667577 0.0124576 0.0018536
 0.519242 0.363932 0.0990434 0.0147812 0.00300154
 0.599754 0.2878 0.0911287 0.0182241 0.00309341
 0.581653 0.330369 0.0689309 0.0156035 0.00344349
 0.255151 0.571725 0.145604 0.0218305 0.00569045
 0.336082 0.293831 0.303041 0.056884 0.0101624
pobs_PELACES
 0 0 0 0 0
 0 0 0 0 0
 0 0 0 0 0
 0 0 0 0 0
 0 0 0 0 0
 0 0 0 0 0
 0 0 0 0 0
 0 0 0 0 0
 0 0 0 0 0
 0 0 0 0 0
 0.450072 0.473896 0.0757376 0.000293798 0
 0 0 0 0 0
 0.463077 0.371075 0.160297 0.00555027 0
 0.529543 0.364841 0.0842815 0.0213345 0
 0.631943 0.363953 0.00410389 0 0
 0.735681 0.248677 0.0153453 0.000297389 0
 0.695825 0.281241 0.0229344 0 0
 0.275771 0.60734 0.115278 0.00161068 0
 0 0 0 0 0
 0.896147 0.0623911 0.0374545 0.00400742 0
 0.803859 0.145111 0.0509908 3.86294e-05 0
 0.739449 0.233085 0.0266225 0.000797448 4.60066e-05
 0.878498 0.100942 0.0204185 0.000141795 0
 0.694673 0.275183 0.0284847 0.00165964 0
 0.469039 0.446079 0.0841089 0.000773354 0
 0.822795 0.102175 0.0682046 0.00682512 0
ppred_PELACES
 0.64854 0.27244 0.0704685 0.00854774 3.49677e-06
 0.708467 0.237379 0.043793 0.00926818 0.00109279
 0.504201 0.441684 0.0458935 0.00668773 0.00153331
 0.656524 0.239689 0.0949037 0.00757395 0.00130922
 0.695755 0.232465 0.0523423 0.0178138 0.00162444
 0.507207 0.410069 0.0653626 0.012743 0.0046188
 0.768798 0.159175 0.0618561 0.0080868 0.00208408
 0.664155 0.299942 0.0261666 0.00839538 0.00134116
 0.742736 0.216223 0.0375002 0.00260294 0.000938405
 0.7154 0.247944 0.0318398 0.00441213 0.000403392
 0.567828 0.375929 0.0502387 0.00523508 0.000768719
 0.582484 0.324082 0.0836279 0.00878922 0.00101659
 0.753706 0.203816 0.0347073 0.00697898 0.000792066
 0.846834 0.146602 0.00573708 0.000680983 0.000146435
 0.878115 0.119664 0.00216342 5.09061e-05 6.96019e-06
 0.779582 0.213643 0.00669646 7.62423e-05 1.93726e-06
 0.672478 0.299385 0.0274801 0.000649524 7.31875e-06
 0.700721 0.251423 0.0445788 0.00320279 7.41029e-05
 0.630629 0.311416 0.0502249 0.00721585 0.000514829
 0.712593 0.229669 0.0501124 0.00663326 0.000991969
 0.662835 0.280209 0.0471873 0.00851047 0.00125787
 0.607681 0.3097 0.0704228 0.0101487 0.00204704
 0.690764 0.234574 0.0609336 0.0117482 0.00198065
 0.670878 0.270408 0.0463728 0.010122 0.00221866
 0.328634 0.5363 0.114242 0.0165412 0.00428289
 0.438431 0.275602 0.235697 0.0426941 0.00757606
pobs_pel_tallas
 0 0 0 0 0 0 0 0 0 0 0 0 0 0 0 0 0 0 0 0 0 0 0 0 0 0 0 0 0 0 0 0 0 0 0 0
 0 0 0 0 0 0 0 0 0 0 0 0 0 0 0 0 0 0 0 0 0 0 0 0 0 0 0 0 0 0 0 0 0 0 0 0
 0 0 0 0 0 0 0 0 0 0 0 0 0 0 0 0 0 0 0 0 0 0 0 0 0 0 0 0 0 0 0 0 0 0 0 0
 0 0 0 0 0 0 0 0 0 0 0 0 0 0 0 0 0 0 0 0 0 0 0 0 0 0 0 0 0 0 0 0 0 0 0 0
 0 0 0 0 0 0 0 0 0 0 0 0 0 0 0 0 0 0 0 0 0 0 0 0 0 0 0 0 0 0 0 0 0 0 0 0
 0 0 0 0 0 0 0 0 0 0 0 0 0 0 0 0 0 0 0 0 0 0 0 0 0 0 0 0 0 0 0 0 0 0 0 0
 0 0 0 0 0 0 0 0 0 0 0 0 0 0 0 0 0 0 0 0 0 0 0 0 0 0 0 0 0 0 0 0 0 0 0 0
 0 0 0 0 0 0 0 0 0 0 0 0 0 0 0 0 0 0 0 0 0 0 0 0 0 0 0 0 0 0 0 0 0 0 0 0
 0 0 0 0 0 0 0 0 0 0 0 0 0 0 0 0 0 0 0 0 0 0 0 0 0 0 0 0 0 0 0 0 0 0 0 0
 0 0 0 0 0 0 0 0 0 0 0 0 0 0 0 0 0 0 0 0 0 0 0 0 0 0 0 0 0 0 0 0 0 0 0 0
 0 0 0 0 0 0 0 0 1.78061e-05 0.00172719 0.00360574 0.0105946 0.0120993 0.0124554 0.0147524 0.0171206 0.0266825 0.0428682 0.0675386 0.121331 0.153587 0.119568 0.100827 0.0573624 0.0630603 0.0341343 0.0324427 0.0444173 0.0211091 0.0280891 0.0125444 0.00206551 0 0 0 0
 0 0 0 0 0 0 0 0 0 0 0 0 0 0 0 0 0 0 0 0 0 0 0 0 0 0 0 0 0 0 0 0 0 0 0 0
 0 0 0 0 0 0 0.0133647 0.0140871 0.0187388 0.0205184 0.03894 0.0496705 0.03968 0.0493445 0.0407372 0.0367815 0.0215668 0.0243155 0.0234873 0.0199281 0.019796 0.0243948 0.0301388 0.0376714 0.0412746 0.0863199 0.0771752 0.113111 0.0741005 0.0525337 0.0229764 0.00759418 0.00175318 0 0 0
 0 0 0 0 0 0 0 0 0 0 0.00219441 0.00772107 0.0458388 0.0604681 0.0671733 0.0775358 0.0609151 0.0617685 0.073594 0.0568108 0.0755445 0.0548602 0.0670107 0.0636378 0.0643287 0.046367 0.0373049 0.0286899 0.0247887 0.0153202 0.00654259 0.00121912 0.000365735 0 0 0
 0 0 0 0 0 0 0 0 0 0 0 0 0.000112435 0.00938835 0.0111873 0.0202946 0.0414886 0.0713402 0.111592 0.104902 0.108894 0.110636 0.117776 0.105296 0.107544 0.0401394 0.0192827 0.0124803 0.00416011 0.0028671 0.000618394 0 0 0 0 0
 0 0 0 0 0 0 0 0 0 0 0.00291406 0.0102884 0.027416 0.0768956 0.0749926 0.110853 0.0956884 0.0897413 0.0766577 0.0534642 0.0500743 0.0551293 0.0594112 0.0620874 0.0668451 0.0424026 0.0208742 0.0120726 0.0048766 0.00582813 0.00118941 0.000297354 0 0 0 0
 0 0.00264628 0.0354308 0.0461629 0.0458689 0.0383711 0.0214643 0.0164657 0.0346957 0.0420465 0.0363128 0.0245516 0.0311673 0.0291091 0.0169068 0.0133784 0.00837989 0.0085269 0.0148486 0.0160247 0.0276389 0.0546898 0.0760071 0.122758 0.109233 0.0665981 0.0333725 0.0166128 0.00676272 0.00308733 0.000882094 0 0 0 0 0
 0 0 0 0 0 0 0 0.000805153 0.000690131 0.00759144 0.0133425 0.0154129 0.00931677 0.000345066 0.00356568 0.00563607 0.00851162 0.0253048 0.0502646 0.0516448 0.0657925 0.0565908 0.0611916 0.0827007 0.0866115 0.110766 0.145733 0.0935128 0.0569358 0.0249597 0.0138026 0.00621118 0.00161031 0.00115022 0 0
 0 0 0 0 0 0 0 0 0 0 0 0 0 0 0 0 0 0 0 0 0 0 0 0 0 0 0 0 0 0 0 0 0 0 0 0
 0.00147267 0.00158595 0.00478618 0.00569244 0.00954404 0.0108468 0.00647125 0.017049 0.0510054 0.094081 0.124002 0.0959785 0.0687766 0.0820023 0.061753 0.0591476 0.0492212 0.0479892 0.0443925 0.0268479 0.0217502 0.0140895 0.0121071 0.0120363 0.00920419 0.00665534 0.0049561 0.00860946 0.00930331 0.0156896 0.0114698 0.00855282 0.00243557 0.00046729 0 2.83206e-05
 0 0 0 0 0.000772559 0.00158375 0.000888443 0.00281984 0.00712685 0.0440552 0.0773331 0.111326 0.0921469 0.0852325 0.0710754 0.0886704 0.0786465 0.0553345 0.0373146 0.0185414 0.00753245 0.00457741 0.012979 0.0271748 0.0457355 0.0583668 0.034881 0.0177882 0.00938659 0.00492506 0.0015258 0.00185414 0.000309023 5.79419e-05 3.86279e-05 0
 0 0.00173294 0.00326652 0 0.00397197 0.00683976 0.00946217 0.0152591 0.00757587 0.0136028 0.0228656 0.0392903 0.0559909 0.0764795 0.0681675 0.0726916 0.0566044 0.0477403 0.0527397 0.0444891 0.0609904 0.0582453 0.0661739 0.0445044 0.0529084 0.0360697 0.0280645 0.0235558 0.0158879 0.00826598 0.00280645 0.00217768 0.000904811 0.00058276 9.20147e-05 0
 0 0 0 0 0 0 0 0 0 0 0 0 0 0 0 0 0 0 0 0 0 0 0 0 0 0 0 0 0 0 0 0 0 0 0 0
 0 0 0 0 0 0 0 0 0 0 0 0 0 0 0 0 0 0 0 0 0 0 0 0 0 0 0 0 0 0 0 0 0 0 0 0
 0 0 0 0 0 0 0 0 0 0 0 0 0 0 0 0 0 0 0 0 0 0 0 0 0 0 0 0 0 0 0 0 0 0 0 0
 0 0 0 0 0 0 0 0 0 0 0 0 0 0 0 0 0 0 0 0 0 0 0 0 0 0 0 0 0 0 0 0 0 0 0 0
ppred_pel_tallas
 1.01384e-16 2.83032e-05 0.000166101 0.000789533 0.00303969 0.00947894 0.0239432 0.0489919 0.0812133 0.109079 0.118729 0.104798 0.0751726 0.0441832 0.022026 0.0106962 0.0071609 0.0078218 0.0104507 0.0140106 0.0179733 0.0219066 0.0253636 0.0279225 0.0292704 0.0292731 0.0280022 0.0257058 0.0227404 0.0194831 0.0162568 0.0132859 0.0106879 0.00849244 0.00667415 0.00518326
 1.01069e-16 3.09148e-05 0.000181437 0.000862449 0.00332045 0.0103545 0.0261547 0.0535165 0.0887117 0.119144 0.12967 0.114419 0.0819949 0.0480339 0.0236497 0.0109924 0.00671885 0.00687547 0.00902174 0.012044 0.015415 0.0187412 0.0216304 0.0237176 0.0247371 0.0245823 0.0233285 0.0212061 0.0185389 0.0156653 0.0128714 0.0103514 0.0082003 0.00643203 0.00500989 0.00387588
 1.01097e-16 2.20162e-05 0.000129175 0.000613949 0.00236359 0.00737049 0.0186176 0.0380968 0.0631593 0.0848505 0.0924115 0.0816974 0.0588826 0.0351728 0.0185796 0.010753 0.00942994 0.0118753 0.0163516 0.0219472 0.0280318 0.0339503 0.0389854 0.0424648 0.0439076 0.0431394 0.0403323 0.0359534 0.0306434 0.0250656 0.0197752 0.0151422 0.0113362 0.00836231 0.00612031 0.00446531
 1.01747e-16 2.86501e-05 0.00016814 0.000799234 0.00307705 0.00959546 0.0242375 0.0495938 0.08221 0.110414 0.120175 0.106056 0.0760342 0.0446082 0.0220877 0.0104792 0.00670079 0.00710428 0.00943993 0.01268 0.0163291 0.0200039 0.0233106 0.0258729 0.0274032 0.0277634 0.0269899 0.0252712 0.0228917 0.0201595 0.0173446 0.0146419 0.0121649 0.00996046 0.00803347 0.00636996
 1.01507e-16 3.03603e-05 0.000178182 0.000846975 0.00326087 0.0101687 0.0256854 0.0525563 0.08712 0.117006 0.127343 0.112367 0.0805258 0.0471763 0.0232334 0.01081 0.00662475 0.00679765 0.00893557 0.0119492 0.0153253 0.018682 0.021637 0.0238328 0.0250051 0.0250423 0.0240072 0.0221119 0.0196586 0.0169648 0.0142995 0.0118463 0.00969728 0.00787081 0.00634042 0.00506203
 1.01716e-16 2.2146e-05 0.00012994 0.000617592 0.00237762 0.00741428 0.0187282 0.0383227 0.063533 0.0853498 0.0929479 0.082154 0.0591735 0.0352703 0.0184929 0.0104885 0.00896989 0.0111808 0.0153794 0.0206706 0.0264591 0.032138 0.0370435 0.0405488 0.0421991 0.041817 0.0395413 0.0357801 0.0311022 0.0261 0.0212722 0.0169545 0.0133075 0.0103481 0.00800317 0.00616239
 1.01306e-16 3.35424e-05 0.00019687 0.000935837 0.00360303 0.0112357 0.0283806 0.0580703 0.0962574 0.129269 0.140667 0.124069 0.0887913 0.0517768 0.0250492 0.0109006 0.00566386 0.00502404 0.00633735 0.00844277 0.0108645 0.0133136 0.0155231 0.017243 0.0182826 0.0185502 0.0180695 0.0169645 0.0154222 0.0136445 0.0118079 0.0100388 0.00841029 0.00695169 0.00566578 0.00454391
 1.00821e-16 2.89851e-05 0.000170102 0.00080855 0.0031129 0.00970723 0.0245199 0.0501721 0.08317 0.111708 0.121595 0.107336 0.0770118 0.045301 0.0226502 0.011107 0.0075675 0.00834413 0.0111444 0.0148861 0.0189979 0.0230015 0.0264043 0.0287501 0.029714 0.0291799 0.0272671 0.024295 0.0207 0.0169326 0.0133686 0.0102567 0.00770852 0.00572368 0.00423067 0.0031285
 1.00737e-16 3.24083e-05 0.000190206 0.000904145 0.00348099 0.0108551 0.0274193 0.0561038 0.0929996 0.1249 0.135926 0.11992 0.0858952 0.0502342 0.0245754 0.0111574 0.00645993 0.00632663 0.00819642 0.010913 0.013951 0.0169402 0.0195202 0.0213582 0.0222129 0.0219898 0.0207615 0.0187436 0.0162371 0.0135568 0.0109689 0.00865422 0.006701 0.00512129 0.00387853 0.00291497
 1.00704e-16 3.12176e-05 0.000183213 0.000870892 0.00335295 0.0104558 0.0264107 0.0540405 0.0895805 0.120311 0.130942 0.115545 0.0828094 0.0485265 0.0239204 0.0111643 0.00688355 0.00708514 0.00930089 0.0123985 0.0158336 0.0191943 0.0220699 0.0240807 0.0249543 0.024589 0.0230765 0.0206734 0.0177338 0.0146258 0.0116585 0.00903919 0.00686522 0.00514332 0.00382257 0.00282728
 1.01052e-16 2.4788e-05 0.000145454 0.000691354 0.00266164 0.00829997 0.0209653 0.0428998 0.0711185 0.0955323 0.104016 0.0918884 0.0660787 0.0391729 0.0201485 0.0108105 0.0085589 0.0102793 0.0140157 0.0187955 0.0240227 0.0291269 0.033495 0.0365526 0.0378861 0.0373403 0.035053 0.0314125 0.026955 0.0222382 0.0177309 0.0137483 0.0104391 0.00781494 0.00579997 0.00428053
 1.01643e-16 2.5425e-05 0.000149198 0.000709166 0.00273024 0.0085139 0.0215057 0.044005 0.0729489 0.0979859 0.106674 0.0942042 0.067674 0.0399785 0.0203062 0.0104857 0.00782912 0.00913099 0.0123936 0.0166554 0.0213714 0.0260475 0.0301556 0.0331944 0.0347919 0.0347891 0.0332711 0.030534 0.0270022 0.0231249 0.0192865 0.0157541 0.0126673 0.0100612 0.00790487 0.0061386
 1.00836e-16 3.28861e-05 0.000193013 0.00091749 0.00353238 0.0110154 0.027824 0.0569319 0.0943718 0.126741 0.137926 0.121676 0.0871336 0.0509195 0.0248381 0.0111543 0.00628894 0.00602 0.00774867 0.0103086 0.0131815 0.0160138 0.0184655 0.0202232 0.0210599 0.0208858 0.0197683 0.0179086 0.0155878 0.0130995 0.0106914 0.00853093 0.0066993 0.00520687 0.00401949 0.00308427
 1.0016e-16 3.69445e-05 0.000216845 0.0010308 0.00396868 0.012376 0.0312607 0.0639632 0.106024 0.142383 0.154928 0.136626 0.0977321 0.0568973 0.0273505 0.011597 0.00557542 0.00451199 0.00547936 0.00719446 0.00914409 0.0110378 0.0126238 0.0136783 0.014045 0.0136722 0.0126251 0.0110683 0.00922398 0.00732026 0.00554678 0.00402797 0.00281791 0.0019125 0.00127031 0.000833942
 1.00072e-16 3.83074e-05 0.000224848 0.00106886 0.00411522 0.012833 0.032415 0.0663246 0.109938 0.147635 0.160635 0.14164 0.101279 0.0588807 0.0281513 0.0116741 0.00522367 0.00383999 0.00448714 0.00584812 0.00742045 0.00894692 0.0102183 0.0110516 0.0113203 0.0109836 0.0100971 0.00879772 0.00726932 0.00570045 0.00424735 0.0030121 0.0020383 0.00132109 0.000824465 0.000499063
 1.00168e-16 3.40148e-05 0.000199638 0.000948987 0.00365365 0.0113936 0.0287793 0.0588864 0.0976116 0.131092 0.142661 0.125852 0.0901224 0.0526623 0.0256801 0.0115162 0.00646496 0.00615365 0.00788642 0.010447 0.0132884 0.0160344 0.0183267 0.0198403 0.0203486 0.019777 0.0182225 0.0159271 0.0132165 0.0104255 0.00783198 0.00561798 0.00386237 0.00255828 0.00164381 0.00103333
 1.00511e-16 2.9348e-05 0.000172232 0.000818679 0.0031519 0.00982885 0.0248271 0.0508006 0.0842118 0.113107 0.123116 0.108677 0.0779676 0.0458514 0.0229034 0.0111944 0.00757929 0.00832222 0.0111009 0.0148198 0.0189029 0.0228701 0.0262277 0.0285191 0.0294196 0.0288138 0.0268231 0.0237699 0.020095 0.0162545 0.01263 0.00947575 0.00690799 0.00492861 0.00346611 0.00241698
 1.00829e-16 3.05776e-05 0.000179456 0.000853029 0.00328417 0.0102413 0.0258689 0.052932 0.0877433 0.117845 0.12826 0.113184 0.0811298 0.0475675 0.023495 0.0110459 0.00692024 0.00721161 0.00950517 0.012691 0.0162305 0.0197101 0.0227139 0.0248549 0.0258523 0.0255955 0.0241684 0.0218211 0.0189033 0.015781 0.012764 0.0100631 0.00778186 0.00593534 0.00448194 0.00335528
 1.01087e-16 2.75237e-05 0.000161521 0.000767753 0.00295582 0.00921737 0.0232825 0.0476405 0.0789743 0.106075 0.11547 0.101947 0.0731814 0.0431215 0.0216975 0.0108678 0.00769986 0.00870431 0.0117095 0.0156816 0.0200585 0.0243528 0.0280544 0.0306858 0.0319011 0.031566 0.0297869 0.0268759 0.023268 0.0194169 0.0157054 0.0123925 0.009603 0.00735181 0.00558379 0.00421385
 1.01061e-16 3.10945e-05 0.000182492 0.000867467 0.00333977 0.0104147 0.0263069 0.0538279 0.0892276 0.119836 0.130421 0.115077 0.082456 0.0482831 0.0237335 0.0109666 0.00661632 0.00670454 0.00877755 0.0117202 0.0150117 0.0182689 0.0211117 0.0231856 0.0242303 0.0241386 0.022978 0.020966 0.0184107 0.0156364 0.0129186 0.0104464 0.00831539 0.00654436 0.00510384 0.00394352
 1.01113e-16 2.89268e-05 0.000169761 0.000806934 0.00310668 0.00968786 0.0244709 0.0500717 0.0830032 0.111482 0.121345 0.107107 0.076827 0.045152 0.0225016 0.0109134 0.0072845 0.00793349 0.0105775 0.01415 0.018104 0.0219918 0.0253532 0.0277583 0.0288953 0.0286415 0.0270901 0.0245189 0.0213154 0.0178844 0.0145673 0.011595 0.00907934 0.00703419 0.00541199 0.00413907
 1.01545e-16 2.65231e-05 0.000155646 0.000739825 0.00284828 0.00888204 0.0224355 0.0459074 0.0761018 0.102218 0.111275 0.0982497 0.0705429 0.0415983 0.0209902 0.0106122 0.00764628 0.00873724 0.011798 0.0158343 0.0203014 0.0247207 0.0285868 0.0314224 0.0328758 0.0328002 0.0312837 0.0286162 0.0252096 0.0214975 0.0178488 0.014517 0.011631 0.00921767 0.00723965 0.0056324
 1.01438e-16 3.01428e-05 0.000176904 0.000840903 0.00323749 0.0100958 0.0255012 0.0521795 0.0864955 0.116168 0.126432 0.111566 0.0799569 0.0468543 0.0230959 0.0107819 0.00665654 0.00686998 0.00904725 0.0121062 0.0155347 0.0189484 0.021961 0.0242097 0.0254251 0.0254908 0.0244657 0.0225602 0.0200765 0.0173342 0.0146061 0.012081 0.00985699 0.00795851 0.00636443 0.00503465
 1.01198e-16 2.92771e-05 0.000171819 0.000816718 0.00314436 0.00980535 0.0247677 0.0506788 0.0840093 0.112833 0.122812 0.108394 0.0777338 0.0456524 0.0226905 0.0109048 0.00714942 0.00769438 0.0102294 0.0136812 0.0175087 0.0212775 0.0245434 0.0268918 0.0280214 0.0278129 0.0263546 0.0239124 0.0208576 0.0175778 0.0144 0.0115448 0.00911907 0.00713603 0.00555074 0.00429395
 1.02565e-16 1.43646e-05 8.42443e-05 0.000400324 0.00154104 0.0048054 0.0121386 0.0248408 0.0411905 0.0553601 0.0603546 0.0535031 0.0388797 0.0238618 0.0137703 0.00979771 0.0105862 0.0144399 0.0202436 0.0273151 0.0350303 0.0426348 0.0492672 0.0541041 0.0565396 0.0563245 0.0536177 0.0489284 0.0429767 0.0365189 0.0301974 0.0244516 0.019502 0.0153899 0.0120441 0.00934557
 1.05257e-16 1.9142e-05 0.000112315 0.000533828 0.00205515 0.00640869 0.016188 0.0331244 0.0549134 0.0737653 0.0803193 0.0709615 0.0510461 0.0302964 0.0156539 0.00852901 0.00694039 0.00852158 0.011814 0.0161296 0.0210765 0.0262755 0.0312914 0.0356775 0.0390551 0.0411819 0.0419849 0.0415463 0.0400561 0.0377493 0.0348539 0.0315623 0.0280288 0.0243812 0.0207368 0.0172104
pSPR Fmed_Fpbrs
0.526059   0.6 0.325
Fs Fmed_Fpbrs
0.68   0.490987 1.77568
SSBpbr Bo_Bmed_Bpbrs
586051  278995  322328 161164
Ro
27446.7
SPR SPRFo_SPRFmed_SPRFpbrs
566893 298219 184240
log_Ro
10.04
likeval ReclasPelacesDesembMPH_pf_preclas_ppelaces_ptallas_desvR_qrecl_qpela
 71.1225 12.9972 0.0452515 0.000454569 326.678 203.482 85.636 0 19.1323 1.1152e-05 0.000181556 4.97871e-14 0 0 0
q_reclas_q_pelaces
1.60515 6.80041
M
0.7
N
 29540.8 11761.3 3643.68 442.227 0.180281
 40886.9 13551 3081.97 654.262 76.8852
 13001.1 18619.4 3348.17 503.967 115.343
 18527.4 5434.07 2304.94 182.288 31.384
 41602.3 8742.09 1787.47 594.289 53.935
 25546.5 20467.3 4026.83 787.56 284.507
 65797.2 11630 5044.36 655.845 168.377
 62671.1 30725.8 3518.71 1138.59 181.336
 83331.3 28090.2 6679.83 469.377 168.738
 115261 36941.6 5588.42 773.736 70.4901
 66369.1 53095 10013 1058.9 155.069
 47876.3 29208.8 9961.3 1056.48 121.827
 49032 21422.2 6263.09 1299.95 147.273
 27227.8 20535.2 2695.32 349.915 75.3466
 13514.1 9627.56 660.232 17.1733 2.3526
 11005.7 4632.15 240.891 2.82263 0.0715817
 8182.37 4649.37 624.892 15.0374 0.169011
 9518.56 3567.56 809.04 58.4904 1.34901
 9372.23 4294.51 817.794 117.416 8.34759
 13569.6 4314.82 1158.6 153.81 22.9245
 19358 6182.19 1069.93 190.54 28.0443
 23081.2 9230.34 2213.05 315.609 63.4011
 38328.7 10934.6 3136.08 600.753 100.892
 53376.3 17947.8 3382.28 733.208 160.091
 19620.1 25023.9 5605.34 802.983 207.061
 18330.6 9301.29 8548.95 1535 271.301
pred_Ctot
 1627.24 4142.79 1770.84 219.217 0.0894612
 2451.62 5094.3 1581.44 342.134 40.2461
 1495 10848.1 2404.48 366.091 83.8383
 665.745 1350.85 827.207 66.9704 11.5445
 277.875 457.244 145.93 49.9936 4.54446
 1537.1 7714.56 2070.75 412.718 149.245
 2831.3 3361.84 2068.97 274.984 70.6803
 4416.13 13015.8 1989.72 655.018 104.416
 6471.66 12747 3988.19 284.796 102.47
 6024.45 12489.1 2623.45 370.669 33.8056
 5467.59 25090.2 6168.78 662.516 97.1001
 3427.36 12514.4 5684.03 613.2 70.7748
 5577.09 12403 4478.31 940.337 106.596
 5749.44 15827.5 2307.35 301.096 64.8521
 3075.22 7605.06 573.048 14.9744 2.05187
 1192.68 2606.96 168.857 2.00279 0.0508232
 723.275 2303 399.019 9.74339 0.109594
 629.496 1443.04 440.793 32.4434 0.748976
 493.522 1460.38 385.817 56.525 4.02293
 809.627 1616 592.661 80.1861 11.9633
 555.293 1264.58 321.812 58.7565 8.6595
 765.555 2142.53 746.76 109.083 21.941
 1577.61 3046.85 1245.5 243.988 41.0245
 2153.4 4918.43 1323.71 293.491 64.1585
 641.519 5737.31 1870.48 274.482 70.8701
 668.932 2342.73 3104.31 570.532 100.963
F
 0.0793087 0.639244 1.01724 1.04992 1.05169
 0.0866042 0.698048 1.11082 1.1465 1.14844
 0.172347 1.38915 2.21058 2.28159 2.28545
 0.0511013 0.411887 0.655443 0.676497 0.677642
 0.00932595 0.0751691 0.119618 0.12346 0.123669
 0.0869157 0.700559 1.11481 1.15062 1.15257
 0.0614736 0.49549 0.788481 0.813809 0.815187
 0.10248 0.82601 1.31444 1.35667 1.35896
 0.113487 0.914724 1.45562 1.50237 1.50492
 0.0751159 0.605449 0.963462 0.99441 0.996094
 0.120763 0.973375 1.54895 1.5987 1.60141
 0.10419 0.839794 1.33638 1.37931 1.38164
 0.170332 1.37291 2.18474 2.25492 2.25874
 0.339607 2.7373 4.35592 4.49584 4.50345
 0.370715 2.98804 4.75492 4.90766 4.91597
 0.161683 1.3032 2.0738 2.14041 2.14404
 0.130101 1.04864 1.66872 1.72232 1.72524
 0.0959065 0.773026 1.23013 1.26964 1.27179
 0.0756954 0.610121 0.970895 1.00208 1.00378
 0.0861595 0.694464 1.10511 1.14061 1.14254
 0.0406072 0.327302 0.520842 0.537572 0.538483
 0.0470861 0.379523 0.603942 0.623342 0.624397
 0.0587306 0.473381 0.753299 0.777496 0.778813
 0.0575357 0.463749 0.737972 0.761677 0.762967
 0.0464036 0.374023 0.595189 0.614307 0.615347
 0.0519156 0.41845 0.665887 0.687276 0.68844
Np
 17378.5 8316.24 3184.36 938.798 865.193
YTP_r0W_actual
 6020.39 59505.5 109582 23620 4543.33
YTP_p0W_proyectada
 3732.75 35235.1 26661.1 25064.5 6116.39
 3732.75 33906 27931.6 10787.4 11047.4
CTP_r0_actual
 668.932 2342.73 3104.31 570.532 100.963
CTP_p0_proyectada
 455.214 1631.25 849.081 625.05 137.447
 455.214 1569.72 889.54 269.012 248.257
Wmedp
 8.2 21.6 31.4 40.1 44.5
nmprior
 10.6 11 7 0
nm_flota  nm_reclas  nm_pelaces    nm_pelaL
inf 32.0988 13.6629 38.883
cv_recla  cv_pelaces  cv_mph
0.746064 0.394926 0.580274
 ------------------------------------------------
Talla a la edad & desviaci?n 
 7.2 14.2025 17.0495 18.207 18.6776
 1.08 2.13037 2.55742 2.73105 2.80164
