years
 1997 1998 1999 2000 2001 2002 2003 2004 2005 2006 2007 2008 2009 2010 2011 2012 2013 2014 2015 2016 2017 2018 2019 2020 2021 2022
reclasobs
 0 0 0 370054 412103 1.49427e+06 250295 1.28982e+06 931140 785840 897777 1.04006e+06 184774 17550 25797 100020 73551 82996 120727 218422 84188 347160 605670 569463 516374 1.08416e+06
reclaspred
 539055 137312 368161 236840 360596 448516 967812 666336 747178 765398 649756 440734 268202 111415 66866.3 65724.5 80608.1 108337 117482 159979 241242 226900 389494 525293 665876 587527
pelacesobs
 0 0 0 0 0 0 0 0 0 2.06254e+06 1.5e+06 0 1.87456e+06 323000 250000 174000 83755 137374 0 501740 490994 745055 786931 1.00524e+06 1.33801e+06 1.41789e+06
pelacespred
 2.1246e+06 482180 739839 772486 1.0431e+06 977102 2.64157e+06 2.1072e+06 2.16951e+06 2.22577e+06 1.60049e+06 1.12744e+06 693561 224640 143118 148805 191901 267242 286736 393134 680802 601377 844012 1.30009e+06 1.57739e+06 1.52924e+06
mphobs
 0 0 0 0 0 112323 0 153150 637223 0 255016 313432 73983 77613 109348 50772 17779 17303 59886 28197 0 207744 136588 643089 65757 0
mphpred
 177729 99209.8 109839 109282 116305 191259 272190 338004 290248 307875 321574 221358 136282 71105.7 30537.4 24908.5 28853.9 38416 47693 54604.6 82267.8 100966 125228 179953 269594 270363
desembarqueobs
 350755 77701 442110 56441 14545 235359 269955 359681 431902 328805 639364 411747 362871 311530 167758 66681 60226 58785 57116 73181 50977 67692 138656 160484 209506 203330
desembarquepred
 350759 77699.2 442091 56443.5 14545.2 235427 270005 359662 431930 328808 639318 411803 362967 311656 167605 66679.2 60251.1 58776.9 57102 73177.6 50978.5 67681.4 138659 160490 209489 203318
Reclutas
 39293.7 48301.7 24038 34582.1 64262.6 44833.7 83191.7 79147.2 102588 121665 64804.8 44655.6 47449.2 25618.6 15107.6 14094.9 10675.8 12040 13330.7 21476.4 28099.3 34922.6 58363.5 81214.2 33387 38400.2
log_desv_Rt
 0.0588183 0.265223 -0.432608 -0.0689094 0.550732 0.190716 0.808903 0.759065 1.01848 1.18903 0.559136 0.186734 0.247415 -0.368927 -0.897049 -0.966431 -1.24426 -1.12401 -1.02217 -0.545291 -0.2765 -0.0591119 0.454445 0.784845 -0.104077 0.035819
SSB
 526027 293632 325090 323444 344228 566069 805603 1.00039e+06 859049 911220 951765 655154 403354 210452 90381.9 73721.9 85399.2 113700 141157 161614 243489 298829 370637 532609 797921 800196
BT
 1.70838e+06 433668 725545 550999 683590 789854 1.91807e+06 1.74657e+06 1.80733e+06 1.74809e+06 1.58395e+06 1.08961e+06 800969 435605 232070 151153 172521 219440 229312 311941 480496 438222 631452 959857 1.13994e+06 1.12522e+06
Ftot
 0.610726 0.554616 0.934469 0.212041 0.0403585 0.388685 0.257353 0.478709 0.545844 0.401302 0.75459 0.716373 1.16384 2.14714 2.31231 0.943203 0.687117 0.489463 0.401275 0.422546 0.19154 0.243621 0.295457 0.276064 0.230458 0.25616
BD_Bspro_t
 0.926624 0.678788 0.60424 0.423456 0.566698 0.734808 0.682045 0.699899 0.632402 0.600836 0.581817 0.417152 0.30904 0.210254 0.114314 0.11465 0.175257 0.286972 0.389645 0.482643 0.610613 0.716081 0.725086 0.735638 0.755979 0.699279
BD_Bspro
 0.687414 0.383719 0.42483 0.422678 0.449838 0.739742 1.05277 1.30732 1.12261 1.19079 1.24377 0.856158 0.527104 0.27502 0.118111 0.0963401 0.1116 0.148584 0.184465 0.211197 0.318192 0.390511 0.48435 0.696016 1.04273 1.0457
BD_Bo
 0.447518 0.249808 0.276571 0.27517 0.292852 0.481584 0.685367 0.851086 0.730837 0.775221 0.809715 0.557373 0.343154 0.179042 0.0768925 0.062719 0.0726535 0.0967304 0.12009 0.137493 0.207148 0.254229 0.31532 0.453118 0.678832 0.680768
BD_Brms
 0.813669 0.454196 0.502856 0.50031 0.532458 0.875608 1.24612 1.54743 1.32879 1.40949 1.47221 1.01341 0.623916 0.325532 0.139805 0.114034 0.132097 0.175873 0.218345 0.249987 0.376633 0.462235 0.573309 0.82385 1.23424 1.23776
S_f
 0.15507 1 1 1 1
 0.15507 1 1 1 1
 0.15507 1 1 1 1
 0.15507 1 1 1 1
 0.15507 1 1 1 1
 0.15507 1 1 1 1
 0.15507 1 1 1 1
 0.15507 1 1 1 1
 0.15507 1 1 1 1
 0.15507 1 1 1 1
 0.15507 1 1 1 1
 0.15507 1 1 1 1
 0.15507 1 1 1 1
 0.15507 1 1 1 1
 0.15507 1 1 1 1
 0.15507 1 1 1 1
 0.15507 1 1 1 1
 0.15507 1 1 1 1
 0.15507 1 1 1 1
 0.15507 1 1 1 1
 0.15507 1 1 1 1
 0.15507 1 1 1 1
 0.15507 1 1 1 1
 0.15507 1 1 1 1
 0.15507 1 1 1 1
 0.15507 1 1 1 1
Scru_reclas
 0.689508 0.981473 0.999209 0.999967 0.999999
 0.689508 0.981473 0.999209 0.999967 0.999999
 0.689508 0.981473 0.999209 0.999967 0.999999
 0.689508 0.981473 0.999209 0.999967 0.999999
 0.689508 0.981473 0.999209 0.999967 0.999999
 0.689508 0.981473 0.999209 0.999967 0.999999
 0.689508 0.981473 0.999209 0.999967 0.999999
 0.689508 0.981473 0.999209 0.999967 0.999999
 0.689508 0.981473 0.999209 0.999967 0.999999
 0.689508 0.981473 0.999209 0.999967 0.999999
 0.689508 0.981473 0.999209 0.999967 0.999999
 0.689508 0.981473 0.999209 0.999967 0.999999
 0.689508 0.981473 0.999209 0.999967 0.999999
 0.689508 0.981473 0.999209 0.999967 0.999999
 0.689508 0.981473 0.999209 0.999967 0.999999
 0.689508 0.981473 0.999209 0.999967 0.999999
 0.689508 0.981473 0.999209 0.999967 0.999999
 0.689508 0.981473 0.999209 0.999967 0.999999
 0.689508 0.981473 0.999209 0.999967 0.999999
 0.689508 0.981473 0.999209 0.999967 0.999999
 0.689508 0.981473 0.999209 0.999967 0.999999
 0.689508 0.981473 0.999209 0.999967 0.999999
 0.689508 0.981473 0.999209 0.999967 0.999999
 0.689508 0.981473 0.999209 0.999967 0.999999
 0.689508 0.981473 0.999209 0.999967 0.999999
 0.689508 0.981473 0.999209 0.999967 0.999999
Scru_pelaces
 0.865304 1 1 1 1
 0.865304 1 1 1 1
 0.865304 1 1 1 1
 0.865304 1 1 1 1
 0.865304 1 1 1 1
 0.865304 1 1 1 1
 0.865304 1 1 1 1
 0.865304 1 1 1 1
 0.865304 1 1 1 1
 0.865304 1 1 1 1
 0.865304 1 1 1 1
 0.865304 1 1 1 1
 0.865304 1 1 1 1
 0.865304 1 1 1 1
 0.865304 1 1 1 1
 0.865304 1 1 1 1
 0.865304 1 1 1 1
 0.865304 1 1 1 1
 0.865304 1 1 1 1
 0.865304 1 1 1 1
 0.865304 1 1 1 1
 0.865304 1 1 1 1
 0.865304 1 1 1 1
 0.865304 1 1 1 1
 0.865304 1 1 1 1
 0.865304 1 1 1 1
pf_obs 
 0.256992 0.487395 0.22802 0.0275931 0
 0.321318 0.546541 0.124235 0.00734118 0.000564706
 0.182869 0.594174 0.210203 0.0122559 0.00049798
 0.330522 0.361315 0.267642 0.0388342 0.00168674
 0.649043 0.306663 0.0425973 0.00169635 0
 0.582887 0.30429 0.105238 0.00758474 0
 0.465427 0.430635 0.0974691 0.00646863 0
 0.296916 0.608066 0.0921331 0.00288517 0
 0.311714 0.524322 0.152257 0.0117073 0
 0.15457 0.633149 0.183074 0.0267441 0.00246327
 0.131901 0.49318 0.331252 0.0422183 0.00144891
 0.196976 0.569456 0.194076 0.0375587 0.00193317
 0.518974 0.381816 0.0799577 0.0180837 0.00116848
 0.0928022 0.601141 0.25162 0.0475244 0.00691264
 0.122501 0.610282 0.24278 0.0234846 0.000952079
 0.383417 0.481906 0.127806 0.00687128 0
 0.0376549 0.599619 0.316969 0.0457579 0
 0.0361596 0.667082 0.258105 0.0386534 0
 0.158088 0.579412 0.248529 0.0139706 0
 0.0477256 0.309471 0.559284 0.082774 0.000745712
 0.0406174 0.521527 0.379366 0.0568643 0.0016247
 0.151134 0.462217 0.34131 0.0453401 0
 0.294876 0.26143 0.354403 0.0886775 0.000613685
 0.281977 0.475581 0.204845 0.0348837 0.00271318
 0.0841818 0.532909 0.334909 0.0458182 0.00218182
 0.115287 0.27431 0.454777 0.147771 0.00785563
pf_pred 
 0.305297 0.488355 0.184343 0.0219951 9.84749e-06
 0.28919 0.563788 0.103352 0.0390132 0.00465698
 0.152529 0.656972 0.151097 0.0276987 0.0117037
 0.267531 0.476784 0.198211 0.0455864 0.0118878
 0.30556 0.501943 0.125301 0.0520907 0.0151045
 0.157715 0.625879 0.156418 0.0390471 0.0209397
 0.2862 0.423509 0.215707 0.0539091 0.0206743
 0.214523 0.585442 0.118684 0.0604495 0.0209011
 0.267201 0.50571 0.169257 0.0343126 0.0235193
 0.259898 0.558569 0.125277 0.0419293 0.0143264
 0.14411 0.627863 0.172097 0.0385983 0.0173326
 0.159638 0.515172 0.238552 0.065387 0.0212506
 0.257167 0.472875 0.165494 0.0766324 0.0278314
 0.23401 0.614888 0.0961887 0.0336635 0.0212492
 0.302842 0.603134 0.0754767 0.011807 0.00674047
 0.342779 0.598075 0.0511692 0.00640336 0.00157355
 0.226851 0.652897 0.10943 0.00936249 0.00145954
 0.253071 0.54309 0.172135 0.0288511 0.00285321
 0.240483 0.558471 0.14618 0.0463324 0.00853365
 0.307381 0.493739 0.146236 0.0382772 0.0143667
 0.267042 0.570698 0.115669 0.0342587 0.0123329
 0.239357 0.547888 0.165657 0.0335751 0.0135241
 0.295448 0.489848 0.15465 0.0467591 0.0132945
 0.275752 0.548416 0.122249 0.0385951 0.0149873
 0.0970087 0.665669 0.179706 0.0400587 0.0175579
 0.151276 0.370273 0.352705 0.0952173 0.0305282
pobs_RECLAS
 0 0 0 0 0
 0 0 0 0 0
 0 0 0 0 0
 0 0 0 0 0
 0.835266 0.146461 0.0176864 0.000547809 3.91292e-05
 0.385257 0.428462 0.181853 0.0044286 0
 0.867414 0.0963971 0.0333333 0.00285562 0
 0.441836 0.489002 0.0689373 0.000224442 0
 0.779404 0.147425 0.0564933 0.0165055 0.000172143
 0.814271 0.122319 0.05973 0.00367925 0
 0.40263 0.566651 0.0304383 0.000280538 0
 0.475488 0.404961 0.113038 0.00651328 0
 0.955842 0.0263864 0.0167828 0.000988607 0
 0.975058 0.0227948 0.00214734 0 0
 0.738997 0.206755 0.0527124 0.00153531 0
 0.850938 0.134255 0.0134407 0.00136685 0
 0.542534 0.407297 0.0501686 0 0
 0.764087 0.199537 0.0359546 0.000420521 0
 0.470689 0.182191 0.310203 0.0369168 0
 0.84361 0.089868 0.0606195 0.00523954 0.000663233
 0.607945 0.314616 0.071237 0.00620181 0
 0.523733 0.453247 0.0230204 0 0
 0.530135 0.295979 0.169645 0.0042399 0
 0.562478 0.366248 0.0663022 0.0049721 0
 0.250443 0.683176 0.0655157 0.000865301 0
 0.195077 0.31981 0.436473 0.0351445 0.0134964
ppred_RECLAS
 0.674285 0.22774 0.0875202 0.0104505 4.67896e-06
 0.656297 0.271584 0.0506859 0.0191473 0.00228568
 0.467838 0.410856 0.0962002 0.0176486 0.0074574
 0.624667 0.242768 0.102748 0.023649 0.00616728
 0.665256 0.24073 0.0611799 0.0254532 0.00738078
 0.463993 0.39643 0.100865 0.0251983 0.0135135
 0.646725 0.208058 0.107886 0.026983 0.0103484
 0.55987 0.326514 0.0673887 0.0343493 0.0118771
 0.630559 0.253518 0.0863838 0.0175254 0.012013
 0.619107 0.286181 0.0653455 0.0218872 0.00747866
 0.446055 0.404395 0.112847 0.0253289 0.0113743
 0.474472 0.319905 0.15081 0.0413682 0.013445
 0.634618 0.231054 0.082324 0.0381493 0.0138555
 0.644467 0.28437 0.0452886 0.0158618 0.0100127
 0.727366 0.235286 0.0299759 0.00469277 0.00267912
 0.718826 0.255452 0.0222506 0.00278657 0.000684787
 0.582675 0.351424 0.0599658 0.00513435 0.000800434
 0.612269 0.280525 0.0905207 0.0151835 0.0015016
 0.594326 0.296854 0.0791058 0.025092 0.00462166
 0.672791 0.232036 0.0699662 0.0183276 0.00687915
 0.624311 0.29134 0.0601156 0.0178185 0.00641476
 0.589948 0.293859 0.0904552 0.0183473 0.00739057
 0.657924 0.236514 0.0760192 0.0230022 0.00654017
 0.635812 0.274551 0.0623067 0.0196857 0.00764461
 0.329259 0.492096 0.135248 0.0301714 0.0132247
 0.447947 0.238388 0.231181 0.0624577 0.0200256
pobs_PELACES
 0 0 0 0 0
 0 0 0 0 0
 0 0 0 0 0
 0 0 0 0 0
 0 0 0 0 0
 0 0 0 0 0
 0 0 0 0 0
 0 0 0 0 0
 0 0 0 0 0
 0 0 0 0 0
 0.450072 0.473896 0.0757376 0.000293798 0
 0 0 0 0 0
 0.463077 0.371075 0.160297 0.00555027 0
 0.529543 0.364841 0.0842815 0.0213345 0
 0.631943 0.363953 0.00410389 0 0
 0.735681 0.248677 0.0153453 0.000297389 0
 0.695825 0.281241 0.0229344 0 0
 0.275771 0.60734 0.115278 0.00161068 0
 0 0 0 0 0
 0.896147 0.0623911 0.0374545 0.00400742 0
 0.803859 0.145111 0.0509908 3.86294e-05 0
 0.739449 0.233085 0.0266225 0.000797448 4.60066e-05
 0.878498 0.100942 0.0204185 0.000141795 0
 0.694673 0.275183 0.0284847 0.00165964 0
 0.469039 0.446079 0.0841089 0.000773354 0
 0.822795 0.102175 0.0682046 0.00682512 0
ppred_PELACES
 0.752445 0.174024 0.06569 0.00783788 3.50911e-06
 0.733735 0.211191 0.0387151 0.0146141 0.00174448
 0.585215 0.321547 0.0739525 0.0135568 0.00572825
 0.686386 0.20414 0.0848657 0.0195182 0.00508989
 0.713314 0.207218 0.0517282 0.0215046 0.0062356
 0.544182 0.338707 0.0846488 0.0211311 0.0113319
 0.709352 0.172446 0.0878326 0.0219509 0.00841823
 0.64272 0.266293 0.0539842 0.027496 0.00950706
 0.711127 0.199354 0.0667221 0.0135262 0.00927143
 0.692224 0.232284 0.0520973 0.0174365 0.00595773
 0.551574 0.328956 0.0901666 0.0202228 0.00908105
 0.577616 0.258937 0.119901 0.0328649 0.010681
 0.748691 0.159979 0.0559885 0.0259256 0.00941569
 0.803056 0.158095 0.0247312 0.00865526 0.00546342
 0.862581 0.118886 0.0148774 0.00232732 0.00132863
 0.804029 0.178334 0.0152577 0.00190936 0.000469202
 0.676246 0.273399 0.0458237 0.00392052 0.000611181
 0.691404 0.224379 0.0711182 0.01192 0.00117881
 0.669737 0.242841 0.0635638 0.0201469 0.00371071
 0.741215 0.184477 0.0546385 0.0143016 0.00536787
 0.684329 0.245789 0.0498162 0.0147546 0.00531155
 0.655921 0.247838 0.0749351 0.0151878 0.00611767
 0.721195 0.193843 0.0611979 0.0185035 0.00526089
 0.699947 0.227207 0.0506472 0.0159898 0.00620916
 0.39315 0.447359 0.12077 0.0269212 0.0117997
 0.520266 0.209294 0.199364 0.0538208 0.0172558
pobs_pel_tallas
 0 0 0 0 0 0 0 0 0 0 0 0 0 0 0 0 0 0 0 0 0 0 0 0 0 0 0 0 0 0 0 0 0 0 0 0
 0 0 0 0 0 0 0 0 0 0 0 0 0 0 0 0 0 0 0 0 0 0 0 0 0 0 0 0 0 0 0 0 0 0 0 0
 0 0 0 0 0 0 0 0 0 0 0 0 0 0 0 0 0 0 0 0 0 0 0 0 0 0 0 0 0 0 0 0 0 0 0 0
 0 0 0 0 0 0 0 0 0 0 0 0 0 0 0 0 0 0 0 0 0 0 0 0 0 0 0 0 0 0 0 0 0 0 0 0
 0 0 0 0 0 0 0 0 0 0 0 0 0 0 0 0 0 0 0 0 0 0 0 0 0 0 0 0 0 0 0 0 0 0 0 0
 0 0 0 0 0 0 0 0 0 0 0 0 0 0 0 0 0 0 0 0 0 0 0 0 0 0 0 0 0 0 0 0 0 0 0 0
 0 0 0 0 0 0 0 0 0 0 0 0 0 0 0 0 0 0 0 0 0 0 0 0 0 0 0 0 0 0 0 0 0 0 0 0
 0 0 0 0 0 0 0 0 0 0 0 0 0 0 0 0 0 0 0 0 0 0 0 0 0 0 0 0 0 0 0 0 0 0 0 0
 0 0 0 0 0 0 0 0 0 0 0 0 0 0 0 0 0 0 0 0 0 0 0 0 0 0 0 0 0 0 0 0 0 0 0 0
 0 0 0 0 0 0 0 0 0 0 0 0 0 0 0 0 0 0 0 0 0 0 0 0 0 0 0 0 0 0 0 0 0 0 0 0
 0 0 0 0 0 0 0 0 1.78061e-05 0.00172719 0.00360574 0.0105946 0.0120993 0.0124554 0.0147524 0.0171206 0.0266825 0.0428682 0.0675386 0.121331 0.153587 0.119568 0.100827 0.0573624 0.0630603 0.0341343 0.0324427 0.0444173 0.0211091 0.0280891 0.0125444 0.00206551 0 0 0 0
 0 0 0 0 0 0 0 0 0 0 0 0 0 0 0 0 0 0 0 0 0 0 0 0 0 0 0 0 0 0 0 0 0 0 0 0
 0 0 0 0 0 0 0.0133647 0.0140871 0.0187388 0.0205184 0.03894 0.0496705 0.03968 0.0493445 0.0407372 0.0367815 0.0215668 0.0243155 0.0234873 0.0199281 0.019796 0.0243948 0.0301388 0.0376714 0.0412746 0.0863199 0.0771752 0.113111 0.0741005 0.0525337 0.0229764 0.00759418 0.00175318 0 0 0
 0 0 0 0 0 0 0 0 0 0 0.00219441 0.00772107 0.0458388 0.0604681 0.0671733 0.0775358 0.0609151 0.0617685 0.073594 0.0568108 0.0755445 0.0548602 0.0670107 0.0636378 0.0643287 0.046367 0.0373049 0.0286899 0.0247887 0.0153202 0.00654259 0.00121912 0.000365735 0 0 0
 0 0 0 0 0 0 0 0 0 0 0 0 0.000112435 0.00938835 0.0111873 0.0202946 0.0414886 0.0713402 0.111592 0.104902 0.108894 0.110636 0.117776 0.105296 0.107544 0.0401394 0.0192827 0.0124803 0.00416011 0.0028671 0.000618394 0 0 0 0 0
 0 0 0 0 0 0 0 0 0 0 0.00291406 0.0102884 0.027416 0.0768956 0.0749926 0.110853 0.0956884 0.0897413 0.0766577 0.0534642 0.0500743 0.0551293 0.0594112 0.0620874 0.0668451 0.0424026 0.0208742 0.0120726 0.0048766 0.00582813 0.00118941 0.000297354 0 0 0 0
 0 0.00264628 0.0354308 0.0461629 0.0458689 0.0383711 0.0214643 0.0164657 0.0346957 0.0420465 0.0363128 0.0245516 0.0311673 0.0291091 0.0169068 0.0133784 0.00837989 0.0085269 0.0148486 0.0160247 0.0276389 0.0546898 0.0760071 0.122758 0.109233 0.0665981 0.0333725 0.0166128 0.00676272 0.00308733 0.000882094 0 0 0 0 0
 0 0 0 0 0 0 0 0.000805153 0.000690131 0.00759144 0.0133425 0.0154129 0.00931677 0.000345066 0.00356568 0.00563607 0.00851162 0.0253048 0.0502646 0.0516448 0.0657925 0.0565908 0.0611916 0.0827007 0.0866115 0.110766 0.145733 0.0935128 0.0569358 0.0249597 0.0138026 0.00621118 0.00161031 0.00115022 0 0
 0 0 0 0 0 0 0 0 0 0 0 0 0 0 0 0 0 0 0 0 0 0 0 0 0 0 0 0 0 0 0 0 0 0 0 0
 0.00147267 0.00158595 0.00478618 0.00569244 0.00954404 0.0108468 0.00647125 0.017049 0.0510054 0.094081 0.124002 0.0959785 0.0687766 0.0820023 0.061753 0.0591476 0.0492212 0.0479892 0.0443925 0.0268479 0.0217502 0.0140895 0.0121071 0.0120363 0.00920419 0.00665534 0.0049561 0.00860946 0.00930331 0.0156896 0.0114698 0.00855282 0.00243557 0.00046729 0 2.83206e-05
 0 0 0 0 0.000772559 0.00158375 0.000888443 0.00281984 0.00712685 0.0440552 0.0773331 0.111326 0.0921469 0.0852325 0.0710754 0.0886704 0.0786465 0.0553345 0.0373146 0.0185414 0.00753245 0.00457741 0.012979 0.0271748 0.0457355 0.0583668 0.034881 0.0177882 0.00938659 0.00492506 0.0015258 0.00185414 0.000309023 5.79419e-05 3.86279e-05 0
 0 0.00173294 0.00326652 0 0.00397197 0.00683976 0.00946217 0.0152591 0.00757587 0.0136028 0.0228656 0.0392903 0.0559909 0.0764795 0.0681675 0.0726916 0.0566044 0.0477403 0.0527397 0.0444891 0.0609904 0.0582453 0.0661739 0.0445044 0.0529084 0.0360697 0.0280645 0.0235558 0.0158879 0.00826598 0.00280645 0.00217768 0.000904811 0.00058276 9.20147e-05 0
 0 0 0 0 0 0 0 0 0 0 0 0 0 0 0 0 0 0 0 0 0 0 0 0 0 0 0 0 0 0 0 0 0 0 0 0
 0 0 0 0 0 0 0 0 0 0 0 0 0 0 0 0 0 0 0 0 0 0 0 0 0 0 0 0 0 0 0 0 0 0 0 0
 0 0 0 0 0 0 0 0 0 0 0 0 0 0 0 0 0 0 0 0 0 0 0 0 0 0 0 0 0 0 0 0 0 0 0 0
 0 0 0 0 0 0 0 0 0 0 0 0 0 0 0 0 0 0 0 0 0 0 0 0 0 0 0 0 0 0 0 0 0 0 0 0
ppred_pel_tallas
 1.01259e-16 3.283e-05 0.000192686 0.000915942 0.00352643 0.0109968 0.0277771 0.0568357 0.0942116 0.126524 0.137683 0.121448 0.0869387 0.050743 0.024636 0.0108695 0.00586256 0.00539776 0.00688817 0.00919017 0.0118215 0.0144745 0.0168584 0.0186996 0.0197905 0.0200323 0.0194533 0.0181923 0.0164575 0.0144736 0.0124367 0.0104877 0.00870765 0.00712837 0.00575137 0.00456454
 1.01203e-16 3.20156e-05 0.000187901 0.000893188 0.00343881 0.0107236 0.027087 0.0554239 0.0918725 0.123386 0.134278 0.118466 0.0848517 0.0496207 0.0242695 0.0110095 0.00636335 0.00622629 0.00807065 0.0107581 0.0137751 0.0167623 0.01937 0.0212742 0.0222384 0.0221667 0.0211238 0.019311 0.0170113 0.0145205 0.0120874 0.00988006 0.00797964 0.0063973 0.00510126 0.00404286
 1.01889e-16 2.55439e-05 0.000149897 0.000712488 0.00274303 0.0085538 0.0216064 0.0442111 0.0732905 0.0984443 0.107172 0.0946412 0.0679822 0.0401488 0.0203708 0.0104832 0.00778302 0.00904778 0.0122696 0.0164835 0.0211455 0.0257652 0.0298202 0.0328157 0.0343864 0.0343788 0.0328816 0.030192 0.0267324 0.0229473 0.0192143 0.0157917 0.01281 0.0102958 0.00821131 0.00649229
 1.0218e-16 2.99508e-05 0.000175779 0.000835561 0.00321693 0.0100317 0.0253392 0.0518479 0.0859451 0.115427 0.125619 0.110834 0.0794017 0.0464671 0.0227911 0.0104508 0.00620377 0.00622213 0.00815361 0.0109439 0.0141193 0.0173442 0.0202843 0.0226202 0.0241055 0.0246173 0.0241778 0.0229347 0.021115 0.0189649 0.0166989 0.0144716 0.0123727 0.0104414 0.00868717 0.00710881
 1.01833e-16 3.1125e-05 0.000182673 0.000868333 0.00334311 0.0104252 0.0263332 0.0538815 0.0893159 0.119953 0.130543 0.115173 0.0824986 0.0482558 0.0236233 0.010754 0.00627097 0.0061883 0.00805357 0.0107649 0.0138268 0.0168922 0.0196207 0.021694 0.0228748 0.0230594 0.0222963 0.0207649 0.0187233 0.016443 0.0141534 0.0120106 0.010093 0.00841757 0.0069654 0.00570538
 1.02568e-16 2.37554e-05 0.000139395 0.000662557 0.00255078 0.00795426 0.0200921 0.0411128 0.0681555 0.0915508 0.0996776 0.0880468 0.0632975 0.0374872 0.019215 0.0102066 0.00796887 0.0095208 0.0130005 0.0174991 0.0224801 0.0274379 0.0318263 0.0351248 0.0369466 0.037124 0.0357416 0.0331 0.0296305 0.0257871 0.0219551 0.018398 0.0152491 0.0125376 0.0102301 0.00826944
 1.02451e-16 3.09509e-05 0.000181654 0.000863495 0.00332449 0.0103671 0.0261865 0.0535812 0.0888173 0.11928 0.129804 0.114505 0.0819849 0.0478844 0.0233106 0.0103937 0.00576688 0.00546422 0.007056 0.00947089 0.012257 0.0151217 0.0177826 0.0199683 0.0214646 0.0221569 0.0220478 0.0212431 0.019914 0.0182501 0.0164186 0.0145424 0.012698 0.0109264 0.00924964 0.00768461
 1.02243e-16 2.80491e-05 0.000164609 0.000782446 0.0030124 0.00939384 0.0237282 0.0485521 0.0804841 0.108099 0.117661 0.103854 0.0744904 0.0437726 0.0218033 0.0105584 0.00703043 0.0076528 0.010218 0.0137015 0.0175857 0.0214511 0.024866 0.0274238 0.028825 0.0289433 0.027851 0.0257894 0.0230997 0.0201387 0.0172051 0.0144988 0.0121156 0.0100686 0.00832305 0.00682794
 1.01911e-16 3.10293e-05 0.000182112 0.000865668 0.00333285 0.0103932 0.0262524 0.0537161 0.0890415 0.119584 0.13014 0.114814 0.0822347 0.0480876 0.0235154 0.0106627 0.0061616 0.00603854 0.00785135 0.0105074 0.0135221 0.0165605 0.0192948 0.0214155 0.0226885 0.0230045 0.0223989 0.021032 0.0191404 0.0169772 0.0147594 0.0126385 0.0106968 0.00896093 0.00742539 0.00607262
 1.01693e-16 3.02064e-05 0.000177278 0.000842678 0.00324432 0.0101171 0.0255551 0.0522896 0.0866781 0.116413 0.126698 0.111798 0.0801195 0.0469413 0.0231234 0.0107685 0.00661263 0.00679625 0.00893886 0.0119569 0.0153397 0.0187067 0.0216769 0.0238936 0.0250933 0.0251644 0.0241689 0.0223173 0.0199095 0.0172598 0.0146341 0.0122126 0.0100849 0.00826727 0.00673272 0.00543765
 1.02507e-16 2.40773e-05 0.000141286 0.000671549 0.0025854 0.00806224 0.0203648 0.0416707 0.0690801 0.0927914 0.101025 0.0892291 0.0641303 0.0379461 0.019387 0.0101964 0.00784162 0.00929758 0.0126778 0.0170679 0.021938 0.0267954 0.0311089 0.0343715 0.0362041 0.0364395 0.0351538 0.032633 0.0292904 0.0255632 0.0218243 0.0183307 0.015216 0.0125146 0.0102008 0.00822546
 1.03415e-16 2.52101e-05 0.000147943 0.00070321 0.00270732 0.00844247 0.0213252 0.0436352 0.0723342 0.0971552 0.105757 0.0933626 0.0670014 0.039445 0.0197857 0.00981553 0.00685112 0.00770718 0.0104172 0.0140708 0.0182026 0.0224221 0.0263135 0.0294724 0.0315816 0.0324766 0.0321711 0.0308357 0.0287391 0.0261755 0.0234025 0.0206069 0.0179005 0.0153381 0.0129431 0.0107295
 1.02178e-16 3.26656e-05 0.000191723 0.000911366 0.00350881 0.0109419 0.0276384 0.0565517 0.0937404 0.12589 0.136991 0.12083 0.0864807 0.0504444 0.024433 0.0106816 0.00562264 0.00505745 0.0064142 0.00856371 0.0110423 0.0135667 0.0158737 0.017716 0.0189047 0.0193479 0.0190657 0.0181751 0.0168521 0.0152843 0.0136313 0.0120033 0.0104593 0.00901959 0.0076843 0.00644911
 1.00956e-16 3.50361e-05 0.000205639 0.000977528 0.00376356 0.0117363 0.029645 0.0606573 0.100545 0.135027 0.146929 0.129584 0.0927227 0.0540366 0.0260802 0.0112404 0.00567755 0.0048751 0.00606305 0.00802323 0.0102581 0.0124716 0.0143977 0.015794 0.0164855 0.0164031 0.0155984 0.0142256 0.0124994 0.0106427 0.00884212 0.00722185 0.00583965 0.00469979 0.00377401 0.00302184
 1.00393e-16 3.76301e-05 0.000220872 0.00104995 0.00404243 0.012606 0.0318416 0.0651515 0.107993 0.145024 0.157795 0.139138 0.0994934 0.0578507 0.0276744 0.0115041 0.00519209 0.00386909 0.0045563 0.00596321 0.00759857 0.00921069 0.0105929 0.011562 0.0119876 0.0118207 0.0111055 0.00996472 0.00856765 0.00709003 0.00567915 0.00443341 0.00339857 0.00257712 0.00194422 0.00146357
 1.00363e-16 3.50793e-05 0.000205891 0.000978723 0.00376815 0.0117506 0.0296812 0.0607315 0.100669 0.135194 0.147115 0.129759 0.09287 0.0541671 0.0262263 0.0114442 0.00598292 0.00532264 0.00668589 0.00883956 0.0112618 0.0136246 0.0156265 0.0169947 0.0175363 0.0171827 0.0160066 0.0141998 0.0120247 0.00975186 0.0076077 0.00574225 0.00422343 0.0030513 0.00218255 0.00155535
 1.00903e-16 2.95113e-05 0.000173193 0.000823252 0.00316951 0.00988379 0.0249658 0.0510843 0.0846814 0.113735 0.123794 0.109261 0.0783561 0.0460183 0.0228731 0.0109933 0.00720739 0.00775485 0.0103055 0.0137752 0.017616 0.021387 0.0246375 0.0269477 0.0280131 0.0277151 0.0261468 0.0235818 0.0204023 0.0170071 0.0137336 0.0108102 0.00834838 0.00636236 0.00480476 0.00360133
 1.01548e-16 3.01703e-05 0.000177067 0.000841676 0.00324047 0.0101051 0.0255247 0.0522274 0.0865748 0.116274 0.126545 0.11166 0.0800133 0.0468648 0.0230596 0.010696 0.00651267 0.00665492 0.00874801 0.0117158 0.0150578 0.018405 0.0213879 0.0236571 0.0249502 0.0251477 0.0242959 0.0225845 0.0202913 0.0177133 0.0151063 0.0126505 0.0104441 0.00851904 0.00686592 0.00545809
 1.01848e-16 2.92263e-05 0.000171523 0.000815316 0.00313897 0.00978855 0.0247252 0.0505917 0.0838641 0.112635 0.122591 0.108186 0.0775551 0.0454881 0.0224995 0.0106331 0.00674054 0.0070953 0.00939713 0.012593 0.016175 0.0197522 0.0229273 0.0253261 0.0266695 0.0268349 0.0258798 0.0240162 0.0215498 0.0188035 0.0160519 0.0134838 0.0111965 0.0092138 0.00751566 0.00606506
 1.01579e-16 3.23407e-05 0.000189812 0.000902278 0.00347382 0.0108328 0.0273627 0.0559879 0.0928066 0.124638 0.135634 0.119647 0.0856652 0.0500306 0.0243477 0.0108399 0.00598467 0.00563065 0.00722878 0.00964637 0.0123962 0.0151582 0.0176269 0.0195165 0.0206126 0.0208185 0.0201725 0.0188294 0.0170153 0.01497 0.0128982 0.010942 0.00917615 0.00762194 0.00626892 0.00509475
 1.01543e-16 2.98626e-05 0.000175259 0.000833076 0.00320735 0.0100018 0.0252638 0.0516938 0.0856909 0.115089 0.12526 0.110538 0.079236 0.0464625 0.0229596 0.0108128 0.00680154 0.00711408 0.009396 0.0125678 0.0161084 0.0196182 0.0226939 0.0249586 0.0261353 0.0261101 0.0249541 0.0228976 0.0202656 0.0173982 0.0145825 0.0120126 0.00978359 0.00791048 0.00635947 0.00507778
 1.01953e-16 2.86241e-05 0.000167987 0.000798505 0.00307424 0.00958669 0.0242153 0.0495485 0.0821352 0.110314 0.120068 0.105965 0.0759773 0.044591 0.0221088 0.0105378 0.00680023 0.00725146 0.00964099 0.0129357 0.0166309 0.0203315 0.0236325 0.02615 0.0275958 0.0278395 0.0269332 0.0250865 0.0226052 0.0198143 0.0169926 0.0143342 0.0119424 0.00984804 0.00803752 0.00648011
 1.01814e-16 3.14681e-05 0.000184689 0.000877919 0.00338002 0.0105403 0.0266239 0.0544763 0.0903014 0.121275 0.131978 0.116431 0.0833816 0.0487358 0.0237904 0.0107161 0.00609312 0.00588816 0.00762337 0.0101931 0.0131124 0.0160523 0.0186936 0.0207359 0.0219525 0.0222388 0.0216307 0.0202859 0.0184362 0.0163286 0.0141743 0.0121202 0.0102451 0.00857334 0.0070979 0.00580021
 1.01633e-16 3.05429e-05 0.000179254 0.000852075 0.0032805 0.0102299 0.0258401 0.0528727 0.0876444 0.11771 0.128108 0.113038 0.0809979 0.0474361 0.0233301 0.0108026 0.00654937 0.00666526 0.00874261 0.0116884 0.0149929 0.018281 0.0211798 0.02334 0.0245044 0.0245638 0.0235796 0.0217585 0.0193944 0.0167959 0.0142234 0.0118537 0.00977455 0.00800177 0.0065083 0.00525086
 1.03337e-16 1.71742e-05 0.000100747 0.0004788 0.00184322 0.00574776 0.0145188 0.0297103 0.049259 0.0661868 0.0721119 0.0638162 0.0461364 0.0278434 0.0152297 0.00963707 0.00935864 0.0123102 0.017159 0.023175 0.0297949 0.0363857 0.0422315 0.0466439 0.0491082 0.0493982 0.0476193 0.0441628 0.0395928 0.0345062 0.0294116 0.0246596 0.0204318 0.0167739 0.0136495 0.0109898
 1.05554e-16 2.27076e-05 0.000133255 0.00063339 0.00243852 0.00760422 0.0192077 0.0393025 0.0651515 0.0875069 0.0952517 0.0840827 0.0603292 0.0354928 0.0177617 0.00875093 0.0060494 0.00680225 0.00926402 0.0126537 0.0166021 0.020812 0.0249563 0.0286964 0.0317375 0.0338784 0.0350369 0.0352404 0.0345931 0.0332338 0.0313013 0.0289181 0.0261916 0.0232244 0.0201257 0.0170129
pSPR Fmed_Fpbrs
0.438896   0.6 0.325
Fs Fmed_Fpbrs
0.68   0.356305 1.11739
SSBpbr Bo_Bmed_Bpbrs
1.17543e+06  457121  646488 323244
Ro
37049.1
SPR SPRFo_SPRFmed_SPRFpbrs
765226 335854 248698
log_Ro
10.34
likeval ReclasPelacesDesembMPH_pf_preclas_ppelaces_ptallas_desvR_qrecl_qpela
 64.2618 16.1799 0.00755829 0.000485921 328.465 206.209 83.8603 0 16.165 8.47257e-06 5.90632e-05 4.86091e-16 0 0 0
q_reclas_q_pelaces
0.662014 2.98435
M
0.7
N
 39293.7 12067.9 4555.36 543.528 0.243344
 48301.7 17749.5 3253.8 1228.24 146.614
 24038 22009.3 5061.9 927.935 392.087
 34582.1 10326.7 4293.03 987.353 257.478
 64262.6 16617.5 4148.25 1724.53 500.053
 44833.7 31712.7 7925.58 1978.48 1061
 83191.7 20961.5 10676.4 2668.22 1023.27
 79147.2 39695.6 8047.28 4098.75 1417.19
 102588 36491.4 12213.4 2475.95 1697.12
 121665 46809.2 10498.5 3513.76 1200.58
 64804.8 56771.9 15561.1 3490.1 1567.23
 44655.6 28627.4 13256 3633.47 1180.87
 47449.2 19843.8 6944.8 3215.81 1167.92
 25618.6 19671.7 3077.3 1076.98 679.814
 15107.6 9119.01 1141.16 178.515 101.912
 14094.9 5241.58 448.452 56.1197 13.7907
 10675.8 6046.93 1013.51 86.7126 13.5179
 12040 4765.63 1510.49 253.169 25.037
 13330.7 5541.86 1450.58 459.769 84.6817
 21476.4 6220.46 1842.37 482.242 181.001
 28099.3 9988.45 2024.45 599.601 215.853
 34922.6 13545.3 4095.5 830.073 334.355
 58363.5 16699.1 5272.06 1594.03 453.214
 81214.2 27684.5 6171.22 1948.31 756.569
 33387 38639.7 10431.3 2325.26 1019.18
 38400.2 15997.5 15238.5 4113.82 1318.96
pred_Ctot
 2567.43 4106.88 1550.26 184.971 0.0828137
 2876.92 5608.69 1028.17 388.111 46.3287
 2351.61 10128.8 2329.53 427.043 180.441
 805.996 1436.42 597.154 137.339 35.8148
 288.436 473.813 118.279 49.1713 14.258
 1892.56 7510.45 1876.99 468.558 251.273
 2346.02 3471.56 1768.18 441.9 169.47
 4089.85 11161.4 2262.68 1152.46 398.477
 6017.23 11388.3 3811.57 772.701 529.641
 5298.01 11386.4 2553.78 854.728 292.044
 5181.4 22574.5 6187.66 1387.79 623.184
 3398.27 10966.6 5078.14 1391.91 452.368
 5693.71 10469.5 3664.05 1696.65 616.19
 5318.38 13974.6 2186.09 765.074 482.934
 3341.92 6655.69 832.9 130.293 74.3823
 1390.96 2426.93 207.639 25.9842 6.3853
 780.78 2247.16 376.64 32.224 5.0235
 635.667 1364.14 432.37 72.4686 7.16672
 580.459 1347.99 352.837 111.833 20.5978
 983.299 1579.45 467.802 122.447 45.9585
 592.412 1266.05 256.602 76.0003 27.3596
 933.145 2135.97 645.821 130.894 52.7246
 1884.66 3124.73 986.507 298.275 84.8053
 2453.64 4879.8 1087.77 343.419 133.356
 844.669 5796.08 1564.73 348.797 152.88
 1077.96 2638.48 2513.3 678.498 217.537
F
 0.0947056 0.610726 0.610726 0.610726 0.610726
 0.0860045 0.554616 0.554616 0.554616 0.554616
 0.144909 0.934469 0.934469 0.934469 0.934469
 0.0328813 0.212041 0.212041 0.212041 0.212041
 0.00625841 0.0403585 0.0403585 0.0403585 0.0403585
 0.0602735 0.388685 0.388685 0.388685 0.388685
 0.0399078 0.257353 0.257353 0.257353 0.257353
 0.0742336 0.478709 0.478709 0.478709 0.478709
 0.0846443 0.545844 0.545844 0.545844 0.545844
 0.06223 0.401302 0.401302 0.401302 0.401302
 0.117015 0.75459 0.75459 0.75459 0.75459
 0.111088 0.716373 0.716373 0.716373 0.716373
 0.180477 1.16384 1.16384 1.16384 1.16384
 0.332957 2.14714 2.14714 2.14714 2.14714
 0.358572 2.31231 2.31231 2.31231 2.31231
 0.146263 0.943203 0.943203 0.943203 0.943203
 0.106552 0.687117 0.687117 0.687117 0.687117
 0.0759013 0.489463 0.489463 0.489463 0.489463
 0.0622258 0.401275 0.401275 0.401275 0.401275
 0.0655244 0.422546 0.422546 0.422546 0.422546
 0.0297022 0.19154 0.19154 0.19154 0.19154
 0.0377785 0.243621 0.243621 0.243621 0.243621
 0.0458167 0.295457 0.295457 0.295457 0.295457
 0.0428093 0.276064 0.276064 0.276064 0.276064
 0.0357372 0.230458 0.230458 0.230458 0.230458
 0.0397229 0.25616 0.25616 0.25616 0.25616
Np
 24582.5 11551.1 6372.78 2138.2 2745.01
YTP_r0W_actual
 9701.64 67017.5 88719.5 28089.8 9789.19
YTP_p0W_proyectada
 7817.42 87093.3 42479.6 51675.5 21431.6
 7817.42 54895 44026.4 18864.6 26875.6
CTP_r0_actual
 1077.96 2638.48 2513.3 678.498 217.537
CTP_p0_proyectada
 953.343 4032.1 1352.85 1288.67 481.61
 953.343 2541.43 1402.11 470.439 603.947
Wmedp
 8.2 21.6 31.4 40.1 44.5
nmprior
 10.6 11 7 0
nm_flota  nm_reclas  nm_pelaces    nm_pelaL
inf 18.9428 15.7192 47.3156
cv_recla  cv_pelaces  cv_mph
0.709167 0.440635 0.599951
 ------------------------------------------------
Talla a la edad & desviaci?n 
 7.2 14.2025 17.0495 18.207 18.6776
 1.08 2.13037 2.55742 2.73105 2.80164
