years
 1997 1998 1999 2000 2001 2002 2003 2004 2005 2006 2007 2008 2009 2010 2011 2012 2013 2014 2015 2016 2017 2018 2019 2020 2021 2022
reclasobs
 0 0 0 370054 412103 1.49427e+06 250295 1.28982e+06 931140 785840 897777 1.04006e+06 184774 17550 25797 100020 73551 82996 120727 218422 84188 347160 605670 569463 516374 1.08416e+06
reclaspred
 525559 132424 320033 205877 335485 422823 925380 648738 738181 795846 698971 489860 294972 119243 69882.9 67951.3 80356.4 106995 116657 154270 236818 227486 385354 510794 665234 594233
pelacesobs
 0 0 0 0 0 0 0 0 0 2.06254e+06 1.5e+06 0 1.87456e+06 323000 250000 174000 83755 137374 0 501740 490994 745055 786931 1.00524e+06 1.33801e+06 1.41789e+06
pelacespred
 2.07692e+06 442966 629922 657254 967517 885603 2.50864e+06 1.98925e+06 2.1201e+06 2.2996e+06 1.68797e+06 1.22504e+06 750357 241970 150599 152944 187792 260487 277240 367858 662983 591921 808247 1.23616e+06 1.53851e+06 1.4656e+06
mphobs
 0 0 0 0 0 112323 0 153150 637223 0 255016 313432 73983 77613 109348 50772 17779 17303 59886 28197 0 207744 136588 643089 65757 0
mphpred
 175915 94366.1 101342 89924.4 102917 177033 247246 319963 279088 308172 335100 233380 146050 76594.5 33477.6 26906.5 29288.8 37610.5 46500.8 52160 78673 98176.9 120520 171438 257793 255492
desembarqueobs
 350755 77701 442110 56441 14545 235359 269955 359681 431902 328805 639364 411747 362871 311530 167758 66681 60226 58785 57116 73181 50977 67692 138656 160484 209506 203330
desembarquepred
 350757 77696.1 442050 56444 14545.3 235448 270028 359644 431918 328790 639210 411722 362855 311555 167545 66670 60249.6 58773.1 57095.7 73173.8 50979.5 67679.9 138658 160494 209489 203312
Reclutas
 34552.5 42398.7 19551.6 28347.7 52639.6 36694.3 73286.8 70485.7 94529.7 116105 65003.7 46255.3 47433.6 25803.5 14270.6 12578.4 9388.83 10717.1 11452.5 18026.6 24087.8 29533.3 48766.9 68055.9 28781.6 32702.9
log_desv_Rt
 0.0502348 0.254873 -0.519186 -0.147698 0.471225 0.110375 0.802136 0.763165 1.05667 1.26225 0.6822 0.341932 0.367086 -0.241736 -0.834044 -0.960265 -1.25272 -1.12041 -1.05403 -0.600395 -0.310538 -0.106725 0.394806 0.728084 -0.13251 -0.00478074
SSB
 432653 232089 249246 221164 253120 435404 608090 786933 686403 757934 824161 573985 359202 188380 82336.3 66175 72034.3 92501 114366 128285 193492 241461 296413 421643 634028 628369
BT
 1.47855e+06 358100 589770 405136 528157 625111 1.58222e+06 1.45434e+06 1.55966e+06 1.54896e+06 1.45e+06 1.01263e+06 758190 419152 221613 137455 150434 187320 191315 256536 396363 360690 517370 782958 928536 906056
Ftot
 1.05553 0.998387 1.79752 0.415088 0.0725723 0.686784 0.443915 0.839925 0.942255 0.66929 1.19106 1.05183 1.7135 3.38899 3.81272 1.60276 1.20177 0.843017 0.682296 0.727399 0.333613 0.399754 0.489807 0.475782 0.386406 0.390033
BD_Bspro_t
 0.905139 0.624445 0.534926 0.337823 0.493585 0.680349 0.619648 0.647298 0.579428 0.557711 0.54586 0.386357 0.285034 0.191891 0.105244 0.104362 0.152289 0.247457 0.342309 0.426706 0.557664 0.673134 0.680009 0.689884 0.714607 0.650235
BD_Bspro
 0.637479 0.341963 0.367243 0.325868 0.372951 0.641532 0.89597 1.15948 1.01136 1.11675 1.21433 0.845719 0.529255 0.277563 0.121316 0.0975035 0.106137 0.136293 0.168509 0.189017 0.285095 0.355773 0.43674 0.621256 0.934189 0.92585
BD_Bo
 0.541901 0.290693 0.312182 0.27701 0.317035 0.545346 0.761636 0.985639 0.859725 0.949318 1.03227 0.71892 0.449903 0.235948 0.103127 0.0828847 0.0902234 0.115858 0.143245 0.160677 0.24235 0.302431 0.37126 0.528111 0.794125 0.787037
BD_Brms
 0.985274 0.528532 0.567604 0.503654 0.576426 0.991539 1.38479 1.79207 1.56314 1.72603 1.87685 1.30713 0.818006 0.428996 0.187503 0.150699 0.164043 0.210651 0.260445 0.292141 0.440637 0.549875 0.675017 0.960201 1.44386 1.43098
S_f
 0.091795 0.65758 0.973324 0.99856 0.999924
 0.091795 0.65758 0.973324 0.99856 0.999924
 0.091795 0.65758 0.973324 0.99856 0.999924
 0.091795 0.65758 0.973324 0.99856 0.999924
 0.091795 0.65758 0.973324 0.99856 0.999924
 0.091795 0.65758 0.973324 0.99856 0.999924
 0.091795 0.65758 0.973324 0.99856 0.999924
 0.091795 0.65758 0.973324 0.99856 0.999924
 0.091795 0.65758 0.973324 0.99856 0.999924
 0.091795 0.65758 0.973324 0.99856 0.999924
 0.091795 0.65758 0.973324 0.99856 0.999924
 0.091795 0.65758 0.973324 0.99856 0.999924
 0.091795 0.65758 0.973324 0.99856 0.999924
 0.091795 0.65758 0.973324 0.99856 0.999924
 0.091795 0.65758 0.973324 0.99856 0.999924
 0.091795 0.65758 0.973324 0.99856 0.999924
 0.091795 0.65758 0.973324 0.99856 0.999924
 0.091795 0.65758 0.973324 0.99856 0.999924
 0.091795 0.65758 0.973324 0.99856 0.999924
 0.091795 0.65758 0.973324 0.99856 0.999924
 0.091795 0.65758 0.973324 0.99856 0.999924
 0.091795 0.65758 0.973324 0.99856 0.999924
 0.091795 0.65758 0.973324 0.99856 0.999924
 0.091795 0.65758 0.973324 0.99856 0.999924
 0.091795 0.65758 0.973324 0.99856 0.999924
 0.091795 0.65758 0.973324 0.99856 0.999924
Scru_reclas
 0.539762 0.855119 0.967431 0.993355 0.998673
 0.539762 0.855119 0.967431 0.993355 0.998673
 0.539762 0.855119 0.967431 0.993355 0.998673
 0.539762 0.855119 0.967431 0.993355 0.998673
 0.539762 0.855119 0.967431 0.993355 0.998673
 0.539762 0.855119 0.967431 0.993355 0.998673
 0.539762 0.855119 0.967431 0.993355 0.998673
 0.539762 0.855119 0.967431 0.993355 0.998673
 0.539762 0.855119 0.967431 0.993355 0.998673
 0.539762 0.855119 0.967431 0.993355 0.998673
 0.539762 0.855119 0.967431 0.993355 0.998673
 0.539762 0.855119 0.967431 0.993355 0.998673
 0.539762 0.855119 0.967431 0.993355 0.998673
 0.539762 0.855119 0.967431 0.993355 0.998673
 0.539762 0.855119 0.967431 0.993355 0.998673
 0.539762 0.855119 0.967431 0.993355 0.998673
 0.539762 0.855119 0.967431 0.993355 0.998673
 0.539762 0.855119 0.967431 0.993355 0.998673
 0.539762 0.855119 0.967431 0.993355 0.998673
 0.539762 0.855119 0.967431 0.993355 0.998673
 0.539762 0.855119 0.967431 0.993355 0.998673
 0.539762 0.855119 0.967431 0.993355 0.998673
 0.539762 0.855119 0.967431 0.993355 0.998673
 0.539762 0.855119 0.967431 0.993355 0.998673
 0.539762 0.855119 0.967431 0.993355 0.998673
 0.539762 0.855119 0.967431 0.993355 0.998673
Scru_pelaces
 0.76372 1 1 1 1
 0.76372 1 1 1 1
 0.76372 1 1 1 1
 0.76372 1 1 1 1
 0.76372 1 1 1 1
 0.76372 1 1 1 1
 0.76372 1 1 1 1
 0.76372 1 1 1 1
 0.76372 1 1 1 1
 0.76372 1 1 1 1
 0.76372 1 1 1 1
 0.76372 1 1 1 1
 0.76372 1 1 1 1
 0.76372 1 1 1 1
 0.76372 1 1 1 1
 0.76372 1 1 1 1
 0.76372 1 1 1 1
 0.76372 1 1 1 1
 0.76372 1 1 1 1
 0.76372 1 1 1 1
 0.76372 1 1 1 1
 0.76372 1 1 1 1
 0.76372 1 1 1 1
 0.76372 1 1 1 1
 0.76372 1 1 1 1
 0.76372 1 1 1 1
pf_obs 
 0.256992 0.487395 0.22802 0.0275931 0
 0.321318 0.546541 0.124235 0.00734118 0.000564706
 0.182869 0.594174 0.210203 0.0122559 0.00049798
 0.330522 0.361315 0.267642 0.0388342 0.00168674
 0.649043 0.306663 0.0425973 0.00169635 0
 0.582887 0.30429 0.105238 0.00758474 0
 0.465427 0.430635 0.0974691 0.00646863 0
 0.296916 0.608066 0.0921331 0.00288517 0
 0.311714 0.524322 0.152257 0.0117073 0
 0.15457 0.633149 0.183074 0.0267441 0.00246327
 0.131901 0.49318 0.331252 0.0422183 0.00144891
 0.196976 0.569456 0.194076 0.0375587 0.00193317
 0.518974 0.381816 0.0799577 0.0180837 0.00116848
 0.0928022 0.601141 0.25162 0.0475244 0.00691264
 0.122501 0.610282 0.24278 0.0234846 0.000952079
 0.383417 0.481906 0.127806 0.00687128 0
 0.0376549 0.599619 0.316969 0.0457579 0
 0.0361596 0.667082 0.258105 0.0386534 0
 0.158088 0.579412 0.248529 0.0139706 0
 0.0477256 0.309471 0.559284 0.082774 0.000745712
 0.0406174 0.521527 0.379366 0.0568643 0.0016247
 0.151134 0.462217 0.34131 0.0453401 0
 0.294876 0.26143 0.354403 0.0886775 0.000613685
 0.281977 0.475581 0.204845 0.0348837 0.00271318
 0.0841818 0.532909 0.334909 0.0458182 0.00218182
 0.115287 0.27431 0.454777 0.147771 0.00785563
pf_pred 
 0.28158 0.489107 0.204667 0.024633 1.30969e-05
 0.272241 0.567523 0.127142 0.0296669 0.00342649
 0.140059 0.663447 0.169788 0.0213685 0.00533741
 0.253313 0.4764 0.237324 0.0286965 0.0042667
 0.274618 0.497353 0.16735 0.0534758 0.00720311
 0.139003 0.598198 0.200687 0.0458948 0.0162171
 0.265006 0.397932 0.266705 0.0541763 0.0161813
 0.200179 0.583072 0.141395 0.0600159 0.0153384
 0.2536 0.499442 0.203373 0.0288087 0.0147758
 0.246434 0.557928 0.152687 0.0356194 0.00733197
 0.136185 0.618685 0.202558 0.0334814 0.00909058
 0.145467 0.510539 0.283651 0.0502449 0.0100981
 0.22666 0.48831 0.207807 0.0641419 0.0130804
 0.219524 0.63008 0.118135 0.0238691 0.00839277
 0.278757 0.634816 0.0806371 0.00463609 0.00115423
 0.314148 0.62454 0.0591195 0.00205911 0.000133549
 0.2085 0.650656 0.134367 0.00625569 0.000220194
 0.233642 0.534509 0.207603 0.0231771 0.0010685
 0.212958 0.557575 0.18317 0.0416177 0.00467953
 0.272804 0.48713 0.192508 0.0382302 0.00932749
 0.24265 0.556938 0.154859 0.0367872 0.00876591
 0.207265 0.529168 0.213914 0.0386238 0.0110292
 0.256253 0.472729 0.205742 0.0532836 0.0119926
 0.245464 0.533133 0.163011 0.0446693 0.0137234
 0.0854271 0.626085 0.228915 0.044228 0.015344
 0.120981 0.332447 0.422261 0.0992593 0.0250519
pobs_RECLAS
 0 0 0 0 0
 0 0 0 0 0
 0 0 0 0 0
 0 0 0 0 0
 0.835266 0.146461 0.0176864 0.000547809 3.91292e-05
 0.385257 0.428462 0.181853 0.0044286 0
 0.867414 0.0963971 0.0333333 0.00285562 0
 0.441836 0.489002 0.0689373 0.000224442 0
 0.779404 0.147425 0.0564933 0.0165055 0.000172143
 0.814271 0.122319 0.05973 0.00367925 0
 0.40263 0.566651 0.0304383 0.000280538 0
 0.475488 0.404961 0.113038 0.00651328 0
 0.955842 0.0263864 0.0167828 0.000988607 0
 0.975058 0.0227948 0.00214734 0 0
 0.738997 0.206755 0.0527124 0.00153531 0
 0.850938 0.134255 0.0134407 0.00136685 0
 0.542534 0.407297 0.0501686 0 0
 0.764087 0.199537 0.0359546 0.000420521 0
 0.470689 0.182191 0.310203 0.0369168 0
 0.84361 0.089868 0.0606195 0.00523954 0.000663233
 0.607945 0.314616 0.071237 0.00620181 0
 0.523733 0.453247 0.0230204 0 0
 0.530135 0.295979 0.169645 0.0042399 0
 0.562478 0.366248 0.0663022 0.0049721 0
 0.250443 0.683176 0.0655157 0.000865301 0
 0.195077 0.31981 0.436473 0.0351445 0.0134964
ppred_RECLAS
 0.671449 0.244526 0.0750166 0.00900319 4.80493e-06
 0.653672 0.28679 0.0472621 0.0110001 0.00127532
 0.46978 0.439784 0.0782185 0.00976893 0.00244866
 0.631097 0.258179 0.0972156 0.0117538 0.00175447
 0.649605 0.259543 0.0666547 0.0213147 0.00288247
 0.449176 0.414648 0.103993 0.0237562 0.00842687
 0.65153 0.212523 0.107554 0.0218434 0.00654974
 0.558666 0.345945 0.0622474 0.026375 0.00676658
 0.637845 0.265349 0.0797342 0.0112694 0.00580204
 0.619718 0.301256 0.0616814 0.0143748 0.00297041
 0.451451 0.425922 0.101379 0.0166972 0.00455044
 0.476297 0.350561 0.142824 0.0252283 0.00508948
 0.623474 0.267462 0.0796539 0.0244136 0.00499629
 0.649314 0.307613 0.033989 0.00671616 0.00236793
 0.723921 0.256575 0.0182287 0.0010203 0.000254649
 0.700581 0.280016 0.0187137 0.000647735 4.21615e-05
 0.571626 0.370169 0.0555372 0.00257619 9.10178e-05
 0.608748 0.296012 0.0852942 0.00950557 0.000439905
 0.576497 0.323859 0.0795509 0.0180554 0.00203804
 0.656744 0.250977 0.0740053 0.0146783 0.0035951
 0.610562 0.30597 0.0644829 0.0153202 0.003665
 0.566527 0.314855 0.0962571 0.017379 0.00498216
 0.635867 0.254249 0.0834107 0.0215945 0.00487935
 0.617798 0.291034 0.067113 0.0183853 0.00567051
 0.317157 0.506294 0.140062 0.0270606 0.00942509
 0.426819 0.255427 0.245442 0.0576937 0.0146185
pobs_PELACES
 0 0 0 0 0
 0 0 0 0 0
 0 0 0 0 0
 0 0 0 0 0
 0 0 0 0 0
 0 0 0 0 0
 0 0 0 0 0
 0 0 0 0 0
 0 0 0 0 0
 0 0 0 0 0
 0.450072 0.473896 0.0757376 0.000293798 0
 0 0 0 0 0
 0.463077 0.371075 0.160297 0.00555027 0
 0.529543 0.364841 0.0842815 0.0213345 0
 0.631943 0.363953 0.00410389 0 0
 0.735681 0.248677 0.0153453 0.000297389 0
 0.695825 0.281241 0.0229344 0 0
 0.275771 0.60734 0.115278 0.00161068 0
 0 0 0 0 0
 0.896147 0.0623911 0.0374545 0.00400742 0
 0.803859 0.145111 0.0509908 3.86294e-05 0
 0.739449 0.233085 0.0266225 0.000797448 4.60066e-05
 0.878498 0.100942 0.0204185 0.000141795 0
 0.694673 0.275183 0.0284847 0.00165964 0
 0.469039 0.446079 0.0841089 0.000773354 0
 0.822795 0.102175 0.0682046 0.00682512 0
ppred_PELACES
 0.760947 0.18807 0.0456871 0.00529335 2.80864e-06
 0.740544 0.222865 0.0292562 0.00657665 0.000758078
 0.611234 0.338096 0.0440733 0.00528114 0.00131565
 0.701224 0.219415 0.0699365 0.00820656 0.00121823
 0.701713 0.2286 0.0515016 0.0160296 0.00215613
 0.540221 0.362566 0.0748238 0.0165518 0.00583822
 0.72398 0.179657 0.0767329 0.0151212 0.00450906
 0.651868 0.2852 0.0415587 0.0170298 0.00434415
 0.728796 0.210158 0.0505989 0.0069104 0.00353737
 0.698953 0.247834 0.0418311 0.00944152 0.00194003
 0.566985 0.353959 0.0657783 0.0104468 0.00283036
 0.590251 0.295036 0.0952189 0.0162375 0.00325673
 0.749483 0.192977 0.042493 0.0125043 0.00254345
 0.815769 0.169651 0.0116397 0.00217762 0.000762514
 0.869401 0.124976 0.00527523 0.000278574 6.90382e-05
 0.795175 0.194745 0.00973473 0.000323802 2.09491e-05
 0.675677 0.288949 0.0338088 0.00151214 5.31114e-05
 0.698083 0.239698 0.0559155 0.00602639 0.000277303
 0.661536 0.270414 0.0546827 0.0120188 0.001349
 0.736233 0.203007 0.0490492 0.00941739 0.00229353
 0.676046 0.263097 0.047336 0.0109224 0.00259864
 0.640333 0.272975 0.0707559 0.0124001 0.00353526
 0.709093 0.213856 0.0589286 0.0147976 0.00332503
 0.689963 0.245802 0.0476788 0.0126702 0.00388619
 0.386298 0.474198 0.111378 0.0208898 0.00723581
 0.514918 0.236797 0.193115 0.0440656 0.011104
pobs_pel_tallas
 0 0 0 0 0 0 0 0 0 0 0 0 0 0 0 0 0 0 0 0 0 0 0 0 0 0 0 0 0 0 0 0 0 0 0 0
 0 0 0 0 0 0 0 0 0 0 0 0 0 0 0 0 0 0 0 0 0 0 0 0 0 0 0 0 0 0 0 0 0 0 0 0
 0 0 0 0 0 0 0 0 0 0 0 0 0 0 0 0 0 0 0 0 0 0 0 0 0 0 0 0 0 0 0 0 0 0 0 0
 0 0 0 0 0 0 0 0 0 0 0 0 0 0 0 0 0 0 0 0 0 0 0 0 0 0 0 0 0 0 0 0 0 0 0 0
 0 0 0 0 0 0 0 0 0 0 0 0 0 0 0 0 0 0 0 0 0 0 0 0 0 0 0 0 0 0 0 0 0 0 0 0
 0 0 0 0 0 0 0 0 0 0 0 0 0 0 0 0 0 0 0 0 0 0 0 0 0 0 0 0 0 0 0 0 0 0 0 0
 0 0 0 0 0 0 0 0 0 0 0 0 0 0 0 0 0 0 0 0 0 0 0 0 0 0 0 0 0 0 0 0 0 0 0 0
 0 0 0 0 0 0 0 0 0 0 0 0 0 0 0 0 0 0 0 0 0 0 0 0 0 0 0 0 0 0 0 0 0 0 0 0
 0 0 0 0 0 0 0 0 0 0 0 0 0 0 0 0 0 0 0 0 0 0 0 0 0 0 0 0 0 0 0 0 0 0 0 0
 0 0 0 0 0 0 0 0 0 0 0 0 0 0 0 0 0 0 0 0 0 0 0 0 0 0 0 0 0 0 0 0 0 0 0 0
 0 0 0 0 0 0 0 0 1.78061e-05 0.00172719 0.00360574 0.0105946 0.0120993 0.0124554 0.0147524 0.0171206 0.0266825 0.0428682 0.0675386 0.121331 0.153587 0.119568 0.100827 0.0573624 0.0630603 0.0341343 0.0324427 0.0444173 0.0211091 0.0280891 0.0125444 0.00206551 0 0 0 0
 0 0 0 0 0 0 0 0 0 0 0 0 0 0 0 0 0 0 0 0 0 0 0 0 0 0 0 0 0 0 0 0 0 0 0 0
 0 0 0 0 0 0 0.0133647 0.0140871 0.0187388 0.0205184 0.03894 0.0496705 0.03968 0.0493445 0.0407372 0.0367815 0.0215668 0.0243155 0.0234873 0.0199281 0.019796 0.0243948 0.0301388 0.0376714 0.0412746 0.0863199 0.0771752 0.113111 0.0741005 0.0525337 0.0229764 0.00759418 0.00175318 0 0 0
 0 0 0 0 0 0 0 0 0 0 0.00219441 0.00772107 0.0458388 0.0604681 0.0671733 0.0775358 0.0609151 0.0617685 0.073594 0.0568108 0.0755445 0.0548602 0.0670107 0.0636378 0.0643287 0.046367 0.0373049 0.0286899 0.0247887 0.0153202 0.00654259 0.00121912 0.000365735 0 0 0
 0 0 0 0 0 0 0 0 0 0 0 0 0.000112435 0.00938835 0.0111873 0.0202946 0.0414886 0.0713402 0.111592 0.104902 0.108894 0.110636 0.117776 0.105296 0.107544 0.0401394 0.0192827 0.0124803 0.00416011 0.0028671 0.000618394 0 0 0 0 0
 0 0 0 0 0 0 0 0 0 0 0.00291406 0.0102884 0.027416 0.0768956 0.0749926 0.110853 0.0956884 0.0897413 0.0766577 0.0534642 0.0500743 0.0551293 0.0594112 0.0620874 0.0668451 0.0424026 0.0208742 0.0120726 0.0048766 0.00582813 0.00118941 0.000297354 0 0 0 0
 0 0.00264628 0.0354308 0.0461629 0.0458689 0.0383711 0.0214643 0.0164657 0.0346957 0.0420465 0.0363128 0.0245516 0.0311673 0.0291091 0.0169068 0.0133784 0.00837989 0.0085269 0.0148486 0.0160247 0.0276389 0.0546898 0.0760071 0.122758 0.109233 0.0665981 0.0333725 0.0166128 0.00676272 0.00308733 0.000882094 0 0 0 0 0
 0 0 0 0 0 0 0 0.000805153 0.000690131 0.00759144 0.0133425 0.0154129 0.00931677 0.000345066 0.00356568 0.00563607 0.00851162 0.0253048 0.0502646 0.0516448 0.0657925 0.0565908 0.0611916 0.0827007 0.0866115 0.110766 0.145733 0.0935128 0.0569358 0.0249597 0.0138026 0.00621118 0.00161031 0.00115022 0 0
 0 0 0 0 0 0 0 0 0 0 0 0 0 0 0 0 0 0 0 0 0 0 0 0 0 0 0 0 0 0 0 0 0 0 0 0
 0.00147267 0.00158595 0.00478618 0.00569244 0.00954404 0.0108468 0.00647125 0.017049 0.0510054 0.094081 0.124002 0.0959785 0.0687766 0.0820023 0.061753 0.0591476 0.0492212 0.0479892 0.0443925 0.0268479 0.0217502 0.0140895 0.0121071 0.0120363 0.00920419 0.00665534 0.0049561 0.00860946 0.00930331 0.0156896 0.0114698 0.00855282 0.00243557 0.00046729 0 2.83206e-05
 0 0 0 0 0.000772559 0.00158375 0.000888443 0.00281984 0.00712685 0.0440552 0.0773331 0.111326 0.0921469 0.0852325 0.0710754 0.0886704 0.0786465 0.0553345 0.0373146 0.0185414 0.00753245 0.00457741 0.012979 0.0271748 0.0457355 0.0583668 0.034881 0.0177882 0.00938659 0.00492506 0.0015258 0.00185414 0.000309023 5.79419e-05 3.86279e-05 0
 0 0.00173294 0.00326652 0 0.00397197 0.00683976 0.00946217 0.0152591 0.00757587 0.0136028 0.0228656 0.0392903 0.0559909 0.0764795 0.0681675 0.0726916 0.0566044 0.0477403 0.0527397 0.0444891 0.0609904 0.0582453 0.0661739 0.0445044 0.0529084 0.0360697 0.0280645 0.0235558 0.0158879 0.00826598 0.00280645 0.00217768 0.000904811 0.00058276 9.20147e-05 0
 0 0 0 0 0 0 0 0 0 0 0 0 0 0 0 0 0 0 0 0 0 0 0 0 0 0 0 0 0 0 0 0 0 0 0 0
 0 0 0 0 0 0 0 0 0 0 0 0 0 0 0 0 0 0 0 0 0 0 0 0 0 0 0 0 0 0 0 0 0 0 0 0
 0 0 0 0 0 0 0 0 0 0 0 0 0 0 0 0 0 0 0 0 0 0 0 0 0 0 0 0 0 0 0 0 0 0 0 0
 0 0 0 0 0 0 0 0 0 0 0 0 0 0 0 0 0 0 0 0 0 0 0 0 0 0 0 0 0 0 0 0 0 0 0 0
ppred_pel_tallas
 1.00892e-16 3.32012e-05 0.000194864 0.000926295 0.00356629 0.0111211 0.0280911 0.0574782 0.0952769 0.127955 0.139243 0.122829 0.0879389 0.0513494 0.0249721 0.0110871 0.00607475 0.00566917 0.00724893 0.00964651 0.0123575 0.0150502 0.0174099 0.0191448 0.0200401 0.0200051 0.0190916 0.0174741 0.0154014 0.0131366 0.0109041 0.00885941 0.00708282 0.0055931 0.00437007 0.00337645
 1.0075e-16 3.23129e-05 0.000189646 0.000901481 0.00347073 0.0108231 0.0273385 0.0559385 0.0927258 0.124533 0.135528 0.119573 0.0856543 0.0501093 0.0245439 0.0111928 0.006548 0.00646658 0.0083936 0.0111717 0.0142691 0.0173061 0.0199122 0.0217463 0.0225631 0.0222703 0.0209488 0.0188269 0.0162204 0.0134573 0.0108127 0.00847082 0.00651817 0.00496063 0.0037534 0.00283036
 1.00979e-16 2.66791e-05 0.00015656 0.000744162 0.00286497 0.00893408 0.022567 0.0461766 0.0765487 0.102821 0.111936 0.0988463 0.0709993 0.0419233 0.0212564 0.010912 0.00806212 0.00933369 0.0126201 0.0169019 0.0215984 0.0261862 0.0301122 0.0328598 0.0340575 0.0335661 0.0315104 0.0282397 0.0242366 0.0200023 0.0159581 0.0123866 0.00942062 0.00706946 0.00526405 0.00390157
 1.01404e-16 3.05983e-05 0.00017958 0.000853626 0.00328648 0.0102486 0.0258871 0.0529689 0.0878037 0.117923 0.128338 0.113237 0.081133 0.0474991 0.0233316 0.0107545 0.00645618 0.00652404 0.00854863 0.011441 0.0146997 0.0179609 0.0208619 0.0230608 0.0243006 0.0244651 0.0236004 0.0218936 0.0196186 0.0170681 0.0144948 0.0120773 0.00991301 0.00803387 0.00643044 0.00507535
 1.01458e-16 3.062e-05 0.000179706 0.000854225 0.00328878 0.0102557 0.0259053 0.0530061 0.0878655 0.118007 0.128431 0.113324 0.0812036 0.0475582 0.0233933 0.010837 0.00657699 0.00669818 0.00878642 0.0117451 0.0150617 0.0183584 0.0212589 0.0234115 0.0245564 0.024584 0.0235565 0.021683 0.0192615 0.0166049 0.0139784 0.0115633 0.00945021 0.00765735 0.00615831 0.00490919
 1.02022e-16 2.35836e-05 0.000138384 0.000657748 0.00253225 0.00789649 0.0199462 0.0408144 0.0676617 0.0908896 0.0989635 0.0874299 0.062884 0.0373026 0.0192306 0.0103915 0.00831902 0.0100583 0.0137572 0.0184976 0.0237177 0.0288758 0.0333848 0.0366887 0.0383788 0.0382869 0.0365196 0.0334192 0.0294687 0.0251748 0.020966 0.0171336 0.0138219 0.0110552 0.00878421 0.00692927
 1.01879e-16 3.1589e-05 0.0001854 0.000881301 0.00339305 0.0105809 0.0267265 0.0546862 0.0906489 0.12174 0.132482 0.116868 0.083678 0.0488764 0.0237986 0.0106185 0.00589865 0.00558858 0.00720384 0.0096441 0.0124393 0.0152815 0.0178737 0.019934 0.0212447 0.021697 0.0213094 0.0202113 0.018602 0.0166986 0.0146907 0.0127154 0.0108534 0.00914056 0.00758672 0.00619159
 1.01472e-16 2.84488e-05 0.000166954 0.000793589 0.0030553 0.00952761 0.0240661 0.0492436 0.0816307 0.10964 0.119342 0.105344 0.0755746 0.0444401 0.0221915 0.0108371 0.00732979 0.008052 0.0107592 0.0143993 0.0184265 0.0223891 0.025821 0.0282874 0.0294732 0.0292559 0.0277317 0.0251829 0.0220017 0.0185956 0.0153054 0.0123587 0.00986149 0.00782154 0.0061862 0.00487928
 1.0119e-16 3.18002e-05 0.000186637 0.000887177 0.00341566 0.0106514 0.0269047 0.0550509 0.0912542 0.122556 0.133375 0.11767 0.0842834 0.0492922 0.0241162 0.0109531 0.00635018 0.00623207 0.00808987 0.0107945 0.0138371 0.0168607 0.0195167 0.0214803 0.0225119 0.0225099 0.0215315 0.0197699 0.0175009 0.0150152 0.0125602 0.0103063 0.00834048 0.00668184 0.00530722 0.00417577
 1.0109e-16 3.05004e-05 0.000179003 0.000850875 0.00327588 0.0102155 0.0258036 0.0527983 0.0875217 0.117547 0.127935 0.112896 0.0809198 0.0474375 0.0234182 0.0109889 0.00685696 0.00712556 0.0093866 0.0125351 0.0160379 0.0194879 0.0224763 0.0246231 0.0256522 0.0254548 0.0241123 0.0218689 0.0190654 0.0160575 0.013145 0.0105303 0.00831087 0.00649854 0.00505158 0.00390598
 1.01541e-16 2.47503e-05 0.000145235 0.000690317 0.00265765 0.00828755 0.020934 0.0428354 0.0710112 0.0953865 0.103853 0.0917334 0.065944 0.0390468 0.0199989 0.0105958 0.00823515 0.00980492 0.013357 0.017935 0.0229693 0.0279238 0.0322228 0.0353234 0.0368293 0.0365819 0.0346938 0.03151 0.0275143 0.0232131 0.0190343 0.0152688 0.012059 0.00942614 0.00731505 0.0056383
 1.02158e-16 2.57625e-05 0.000151182 0.000718605 0.00276659 0.00862728 0.021792 0.0445906 0.0739188 0.0992859 0.108082 0.0954297 0.0685159 0.0403988 0.0203779 0.0102934 0.00741016 0.00847354 0.0114637 0.0154253 0.0198425 0.0242643 0.0282114 0.0312256 0.0329611 0.0332597 0.0321804 0.0299699 0.0269907 0.0236304 0.0202229 0.0170033 0.0141002 0.0115555 0.00935864 0.00747649
 1.01215e-16 3.27015e-05 0.00019193 0.000912345 0.00351257 0.0109536 0.027668 0.0566126 0.0938422 0.126029 0.137149 0.120986 0.0866295 0.0506048 0.0246473 0.0110064 0.00612072 0.00579147 0.0074375 0.00990662 0.0126962 0.0154706 0.0179092 0.0197145 0.020668 0.0206776 0.019797 0.0182038 0.0161506 0.0139027 0.0116846 0.0096493 0.00787317 0.00637069 0.0051185 0.00407832
 1.00332e-16 3.55909e-05 0.000208896 0.000993006 0.00382315 0.0119222 0.0301144 0.0616179 0.102138 0.137166 0.149258 0.131642 0.0942034 0.0549157 0.0265343 0.0114855 0.00587015 0.00509864 0.00635233 0.00838434 0.0106752 0.0129071 0.0147924 0.0160721 0.0165636 0.0162035 0.0150628 0.0133264 0.0112457 0.00907986 0.00704465 0.0052825 0.00385671 0.0027653 0.00196472 0.0013938
 1.00129e-16 3.79277e-05 0.000222619 0.00105826 0.0040744 0.0127057 0.0320934 0.0656668 0.108848 0.146172 0.159044 0.140242 0.100287 0.0583214 0.0279162 0.0116325 0.00529027 0.00398091 0.00469933 0.0061395 0.00779852 0.00941331 0.0107664 0.0116664 0.01198 0.0116627 0.0107702 0.00944253 0.00786896 0.0062441 0.00472969 0.00343202 0.00239752 0.00162297 0.00107334 0.000699887
 1.00214e-16 3.46939e-05 0.000203627 0.000967955 0.00372669 0.0116213 0.0293546 0.0600634 0.0995619 0.133709 0.145504 0.128347 0.0918811 0.0536337 0.0260489 0.0115043 0.00621073 0.00570229 0.0072302 0.009565 0.0121716 0.0146987 0.0168182 0.0182332 0.0187356 0.0182553 0.0168777 0.0148199 0.0123756 0.00984719 0.00748627 0.00545852 0.0038369 0.00261743 0.00174677 0.00115025
 1.00629e-16 2.94871e-05 0.00017305 0.000822567 0.00316687 0.00987555 0.024945 0.0510418 0.0846114 0.113643 0.123697 0.109183 0.0783173 0.04603 0.0229426 0.0111315 0.00743248 0.00808996 0.0107723 0.0143858 0.0183646 0.0222437 0.0255467 0.0278317 0.0287825 0.0282833 0.026445 0.0235718 0.0200821 0.0164105 0.0129215 0.00985973 0.00733926 0.00536649 0.00387869 0.00278289
 1.01092e-16 3.04622e-05 0.000178779 0.000849813 0.00327179 0.0102027 0.0257714 0.0527324 0.0874122 0.117399 0.127772 0.112749 0.0808069 0.0473558 0.0233493 0.0109096 0.0067465 0.00696797 0.00917142 0.0122593 0.0157086 0.0191246 0.0221114 0.024298 0.0254117 0.0253383 0.024146 0.0220595 0.0193984 0.0164998 0.0136511 0.0110507 0.0088005 0.00692281 0.00538983 0.00415169
 1.01341e-16 2.88698e-05 0.000169427 0.000805348 0.00310058 0.00966883 0.0244228 0.0499733 0.0828398 0.111262 0.121104 0.106889 0.0766609 0.0450347 0.0224069 0.010808 0.00713902 0.00772482 0.0102895 0.0137753 0.0176476 0.0214742 0.0248119 0.0272446 0.0284678 0.0283568 0.0269931 0.0246341 0.0216433 0.0184017 0.015232 0.0123542 0.00987745 0.00782046 0.00614569 0.00479207
 1.01194e-16 3.21242e-05 0.000188539 0.000896224 0.0034505 0.0107601 0.0271791 0.0556123 0.0921845 0.123804 0.134731 0.118861 0.0851252 0.0497611 0.024302 0.0109638 0.00625451 0.00605435 0.00782874 0.010441 0.0133857 0.0163149 0.0188917 0.0208023 0.021815 0.0218311 0.020905 0.0192222 0.0170474 0.0146601 0.0122979 0.0101244 0.00822323 0.00661306 0.0052723 0.00416269
 1.01255e-16 2.95022e-05 0.000173141 0.000823004 0.00316856 0.00988083 0.0249583 0.0510689 0.0846555 0.1137 0.123753 0.10922 0.0783148 0.0459708 0.0228065 0.0108905 0.00704879 0.00752045 0.00997784 0.0133439 0.0170827 0.0207697 0.0239729 0.0262884 0.0274224 0.0272572 0.0258765 0.0235362 0.0205945 0.017426 0.0143465 0.0115699 0.00919977 0.00725034 0.0056798 0.00442339
 1.01685e-16 2.79454e-05 0.000164 0.000779546 0.00300123 0.00935901 0.0236403 0.0483721 0.080186 0.107699 0.117229 0.103477 0.0742302 0.0436407 0.0217768 0.0106107 0.00715035 0.00784514 0.0104964 0.01408 0.0180726 0.0220437 0.0255473 0.0281615 0.0295732 0.0296469 0.0284517 0.0262328 0.023342 0.0201517 0.0169793 0.0140443 0.0114608 0.00925663 0.0074068 0.00586411
 1.01571e-16 3.09412e-05 0.000181593 0.0008632 0.00332334 0.0103635 0.0261775 0.053563 0.0887882 0.119245 0.129774 0.114499 0.0820263 0.0479999 0.023536 0.0107784 0.00637379 0.00636236 0.00830634 0.0111069 0.0142637 0.01742 0.0202232 0.0223425 0.023531 0.0236797 0.0228378 0.0211911 0.0190084 0.0165741 0.0141314 0.0118483 0.0098126 0.00804766 0.00653761 0.00525116
 1.01374e-16 3.01083e-05 0.000176701 0.000839933 0.00323375 0.0100841 0.0254718 0.0521193 0.0863962 0.116036 0.12629 0.111446 0.0798835 0.0468358 0.0231321 0.0108737 0.00681206 0.00710257 0.00937035 0.0125266 0.0160466 0.0195288 0.0225694 0.0247909 0.0259174 0.0258365 0.0246223 0.0225087 0.0198249 0.0169154 0.0140707 0.0114876 0.00926226 0.00740919 0.00589254 0.00465635
 1.02792e-16 1.68765e-05 9.89971e-05 0.000470473 0.00181116 0.00564775 0.0142662 0.0291937 0.0484035 0.0650402 0.0708705 0.0627362 0.045396 0.0274771 0.0151743 0.00981963 0.00974876 0.0129209 0.0180229 0.0243183 0.0312169 0.0380456 0.0440432 0.0484807 0.0508189 0.0508295 0.0486419 0.0446919 0.0396007 0.0340224 0.0285131 0.0234541 0.019039 0.0153088 0.0122099 0.00965011
 1.04852e-16 2.24755e-05 0.00013189 0.000626895 0.0024135 0.0075262 0.0190107 0.0388995 0.0644844 0.0866134 0.0942858 0.0832459 0.0597633 0.0352291 0.0177578 0.00895909 0.00645735 0.00743282 0.0101543 0.0138317 0.0180673 0.022522 0.0268212 0.0305839 0.0334883 0.0353304 0.0360511 0.0357233 0.0345101 0.0326107 0.0302152 0.0274808 0.024531 0.0214666 0.0183816 0.0153705
pSPR Fmed_Fpbrs
0.511494   0.6 0.325
Fs Fmed_Fpbrs
0.68   0.464176 1.62092
SSBpbr Bo_Bmed_Bpbrs
798399  368456  439119 219560
Ro
32859.6
SPR SPRFo_SPRFmed_SPRFpbrs
678694 347148 220576
log_Ro
10.22
likeval ReclasPelacesDesembMPH_pf_preclas_ppelaces_ptallas_desvR_qrecl_qpela
 66.4617 14.3661 0.0117974 0.000467305 323.333 204.59 83.5597 0 16.7076 1.78707e-07 8.9729e-05 1.56133e-14 0 0 0
q_reclas_q_pelaces
0.941855 3.8484
M
0.7
N
 34552.5 10706.5 3429.71 406.252 0.215815
 42398.7 15573.8 2655.83 609.634 70.3509
 19551.6 19210.8 4011.11 499.077 124.584
 28347.7 8232.22 2925.48 346.283 51.4283
 52639.6 13550.8 3111.49 969.907 130.473
 36694.3 25966.5 6415.53 1439.74 508.228
 73286.8 17108.5 8208.69 1632.74 487.118
 70485.7 34940 6345 2646.19 675.659
 94529.7 32404.9 9987.3 1391.17 712.891
 116105 43052.5 8659.88 1982.18 407.603
 65003.7 54220.6 13767.5 2241.77 608.182
 46255.3 28936.7 12303 2144.75 430.681
 47433.6 20855.6 7195.44 2194.76 447.294
 25803.5 20126.5 3356.37 674.123 236.958
 14270.6 9387.86 1076.28 61.5612 15.3225
 12578.4 4993.88 379.938 13.0692 0.847076
 9388.83 5391.67 864.391 39.6465 1.39441
 10717.1 4175.38 1214.82 133.262 6.13786
 11452.5 4925.63 1191.07 265.555 29.8293
 18026.6 5341.89 1561.72 304.452 74.2079
 24087.8 8373.55 1644.2 382.049 90.9303
 29533.3 11600.9 3339.1 590.103 168.314
 48766.9 14137.4 4429.17 1123.68 252.632
 68055.9 23152.2 5087.25 1365.43 419.029
 28781.6 32351.3 8408.34 1589.86 550.938
 32702.9 13794.4 12460.5 2866.6 722.667
pred_Ctot
 2307.58 4008.3 1677.27 201.87 0.107331
 2684.41 5596.01 1253.68 292.528 33.7866
 2159.23 10228.1 2617.55 329.429 82.2846
 763.862 1436.58 715.645 86.5337 12.8662
 251.45 455.395 153.232 48.9644 6.59543
 1618.19 6963.87 2336.29 534.281 188.79
 2109.49 3167.6 2123.01 431.252 128.806
 3778.23 11005 2668.73 1132.76 289.5
 5661.18 11149.2 4539.96 643.105 329.845
 4993.25 11304.8 3093.74 721.722 148.561
 4872.31 22134.7 7246.9 1197.86 325.234
 3078.78 10805.5 6003.44 1063.43 213.725
 5010.14 10793.7 4593.4 1417.8 289.13
 5050.75 14496.7 2718.02 549.175 193.099
 3092.17 7041.84 894.485 51.4268 12.8036
 1248.16 2481.4 234.892 8.1812 0.530612
 709.759 2214.91 457.402 21.2951 0.749565
 576.508 1318.89 512.256 57.189 2.63651
 501.838 1313.93 431.642 98.0725 11.0274
 840.604 1501.02 593.186 117.801 28.7413
 523.389 1201.3 334.026 79.3487 18.9078
 766.885 1957.93 791.484 142.909 40.8081
 1545.96 2851.95 1241.23 321.458 72.3511
 2096.85 4554.24 1392.5 381.583 117.231
 722.798 5297.31 1936.85 374.213 129.826
 828.862 2277.65 2892.98 680.042 171.635
F
 0.0968924 0.694095 1.02737 1.05401 1.05545
 0.0916469 0.656519 0.971754 0.996949 0.998311
 0.165003 1.18201 1.74957 1.79493 1.79738
 0.038103 0.272954 0.404015 0.41449 0.415057
 0.00666177 0.047722 0.0706363 0.0724677 0.0725668
 0.0630433 0.451615 0.668463 0.685794 0.686732
 0.0407492 0.291909 0.432073 0.443275 0.443881
 0.0771009 0.552317 0.817519 0.838715 0.839861
 0.0864943 0.619607 0.917119 0.940897 0.942183
 0.0614375 0.440112 0.651436 0.668326 0.669239
 0.109333 0.783216 1.15929 1.18934 1.19097
 0.0965529 0.691663 1.02377 1.05032 1.05175
 0.157291 1.12676 1.66779 1.71103 1.71337
 0.311092 2.22853 3.29858 3.38411 3.38873
 0.349988 2.50716 3.71101 3.80722 3.81243
 0.147125 1.05394 1.56001 1.60045 1.60264
 0.110316 0.790258 1.16971 1.20004 1.20168
 0.0773848 0.554351 0.820529 0.841803 0.842953
 0.0626314 0.448664 0.664095 0.681313 0.682244
 0.0667716 0.478323 0.707996 0.726352 0.727344
 0.030624 0.219377 0.324714 0.333133 0.333588
 0.0366954 0.26287 0.38909 0.399178 0.399724
 0.0449619 0.322087 0.476741 0.489102 0.48977
 0.0436744 0.312865 0.46309 0.475097 0.475746
 0.0354702 0.254093 0.376099 0.38585 0.386377
 0.035803 0.256477 0.379628 0.389471 0.390003
Np
 21531.8 10246.4 5734.09 1675.3 1735.2
YTP_r0W_actual
 7459.75 57852.3 102122 28153.7 7723.58
YTP_p0W_proyectada
 5309.75 65157.8 44649.6 46497.8 15724
 5309.75 42609.3 48302.7 18402.1 21174.9
CTP_r0_actual
 828.862 2277.65 2892.98 680.042 171.635
CTP_p0_proyectada
 647.531 3016.56 1421.96 1159.55 353.349
 647.531 1972.65 1538.3 458.906 475.841
Wmedp
 8.2 21.6 31.4 40.1 44.5
nmprior
 10.6 11 7 0
nm_flota  nm_reclas  nm_pelaces    nm_pelaL
inf 21.9685 16.4431 50.3939
cv_recla  cv_pelaces  cv_mph
0.721204 0.415203 0.588347
 ------------------------------------------------
Talla a la edad & desviaci?n 
 7.2 14.2025 17.0495 18.207 18.6776
 1.08 2.13037 2.55742 2.73105 2.80164
